0,0.0,0.0,0.2052980132450331,-0.04304635761589404,0.40066225165562913,-0.1291390728476821,0.5364238410596026,-0.2251655629139073,0.6456953642384106,-0.31125827814569534,0.32781456953642385,-0.4735099337748344,0.40728476821192056,-0.6622516556291391,0.44370860927152317,-0.7847682119205298,0.4768211920529801,-0.890728476821192,0.2052980132450331,-0.5231788079470199,0.25496688741721857,-0.7483443708609272,0.2814569536423841,-0.8874172185430463,0.304635761589404,-1.0,0.08278145695364239,-0.5264900662251656,0.10264900662251655,-0.7251655629139073,0.11258278145695365,-0.8576158940397351,0.12251655629139073,-0.9701986754966887,-0.04966887417218543,-0.4900662251655629,-0.08609271523178808,-0.6456953642384106,-0.11258278145695365,-0.7483443708609272,-0.13245033112582782,-0.847682119205298
0,0.0,0.0,0.19933554817275748,-0.03986710963455149,0.3920265780730897,-0.12624584717607973,0.53156146179402,-0.22259136212624583,0.6445182724252492,-0.30564784053156147,0.3289036544850498,-0.4684385382059801,0.40863787375415284,-0.6611295681063123,0.4485049833887043,-0.7807308970099668,0.48172757475083056,-0.8903654485049833,0.20930232558139536,-0.521594684385382,0.2591362126245847,-0.7441860465116279,0.2857142857142857,-0.8837209302325582,0.30564784053156147,-1.0,0.08305647840531562,-0.5249169435215947,0.10299003322259136,-0.7242524916943521,0.11295681063122924,-0.8571428571428571,0.12624584717607973,-0.9700996677740864,-0.04983388704318937,-0.4883720930232558,-0.08305647840531562,-0.6445182724252492,-0.10963455149501661,-0.7508305647840532,-0.12624584717607973,-0.8504983388704319
0,0.0,0.0,0.1955128205128205,-0.04807692307692308,0.38782051282051283,-0.13782051282051283,0.5352564102564102,-0.22756410256410256,0.6474358974358975,-0.2980769230769231,0.3141025641025641,-0.4775641025641026,0.3974358974358974,-0.6666666666666666,0.4391025641025641,-0.7852564102564102,0.47115384615384615,-0.8942307692307693,0.1955128205128205,-0.5288461538461539,0.2467948717948718,-0.75,0.27564102564102566,-0.8878205128205128,0.2980769230769231,-1.0,0.07051282051282051,-0.5288461538461539,0.08974358974358974,-0.7307692307692307,0.10576923076923077,-0.8621794871794872,0.12179487179487179,-0.9711538461538461,-0.057692307692307696,-0.49038461538461536,-0.09294871794871795,-0.6442307692307693,-0.11538461538461539,-0.7467948717948718,-0.13141025641025642,-0.8493589743589743
0,0.0,0.0,0.1974921630094044,-0.03761755485893417,0.3981191222570533,-0.12539184952978055,0.5611285266457681,-0.19122257053291536,0.6865203761755486,-0.22884012539184953,0.32601880877742945,-0.4702194357366771,0.4231974921630094,-0.6551724137931034,0.47648902821316613,-0.774294670846395,0.5172413793103449,-0.8840125391849529,0.20376175548589343,-0.5266457680250783,0.2664576802507837,-0.7523510971786834,0.30407523510971785,-0.890282131661442,0.3322884012539185,-1.0,0.07836990595611286,-0.5329153605015674,0.109717868338558,-0.7429467084639498,0.12852664576802508,-0.8746081504702194,0.14733542319749215,-0.9843260188087775,-0.050156739811912224,-0.4952978056426332,-0.0877742946708464,-0.6551724137931034,-0.109717868338558,-0.7648902821316614,-0.12225705329153605,-0.8683385579937304
0,0.0,0.0,0.19701492537313434,-0.03283582089552239,0.4,-0.11343283582089553,0.5611940298507463,-0.1761194029850746,0.6925373134328359,-0.20597014925373133,0.31343283582089554,-0.4746268656716418,0.40298507462686567,-0.6626865671641791,0.44776119402985076,-0.7761194029850746,0.4835820895522388,-0.8835820895522388,0.1880597014925373,-0.5343283582089552,0.2417910447761194,-0.7522388059701492,0.2716417910447761,-0.8895522388059701,0.29253731343283584,-1.0,0.0626865671641791,-0.5343283582089552,0.08656716417910448,-0.7373134328358208,0.09253731343283582,-0.8656716417910447,0.1044776119402985,-0.9791044776119403,-0.06567164179104477,-0.48656716417910445,-0.11641791044776119,-0.6358208955223881,-0.15522388059701492,-0.7343283582089553,-0.1791044776119403,-0.8328358208955224
0,0.0,0.0,0.20238095238095238,-0.03571428571428571,0.4107142857142857,-0.10416666666666667,0.5744047619047619,-0.16964285714285715,0.6994047619047619,-0.22321428571428573,0.30654761904761907,-0.46726190476190477,0.3958333333333333,-0.6577380952380952,0.44345238095238093,-0.7797619047619048,0.48214285714285715,-0.8839285714285714,0.18154761904761904,-0.5238095238095238,0.23809523809523808,-0.75,0.2708333333333333,-0.8898809523809523,0.29464285714285715,-1.0,0.05654761904761905,-0.5267857142857143,0.07738095238095238,-0.7321428571428571,0.08630952380952381,-0.8630952380952381,0.09821428571428571,-0.9732142857142857,-0.0744047619047619,-0.48214285714285715,-0.13095238095238096,-0.6339285714285714,-0.16666666666666666,-0.7351190476190477,-0.19642857142857142,-0.8333333333333334
0,0.0,0.0,0.19154929577464788,-0.07605633802816901,0.36056338028169016,-0.18028169014084508,0.5014084507042254,-0.2704225352112676,0.6309859154929578,-0.3126760563380282,0.22253521126760564,-0.49577464788732395,0.27605633802816903,-0.6957746478873239,0.29859154929577464,-0.8169014084507042,0.3183098591549296,-0.9211267605633803,0.09295774647887324,-0.5295774647887324,0.11267605633802817,-0.752112676056338,0.11830985915492957,-0.8873239436619719,0.12394366197183099,-1.0,-0.028169014084507043,-0.5098591549295775,-0.04788732394366197,-0.7126760563380282,-0.056338028169014086,-0.8394366197183099,-0.061971830985915494,-0.9436619718309859,-0.14647887323943662,-0.4450704225352113,-0.22535211267605634,-0.5830985915492958,-0.27605633802816903,-0.6732394366197183,-0.30985915492957744,-0.7605633802816901
0,0.0,0.0,0.175,-0.10555555555555556,0.3333333333333333,-0.24444444444444444,0.4666666666666667,-0.3527777777777778,0.5833333333333334,-0.41388888888888886,0.13055555555555556,-0.5222222222222223,0.15,-0.7277777777777777,0.15,-0.8472222222222222,0.14722222222222223,-0.9527777777777777,-0.002777777777777778,-0.5277777777777778,-0.025,-0.7583333333333333,-0.044444444444444446,-0.8944444444444445,-0.06111111111111111,-1.0,-0.11666666666666667,-0.4861111111111111,-0.175,-0.6861111111111111,-0.2111111111111111,-0.8111111111111111,-0.2388888888888889,-0.9138888888888889,-0.2222222222222222,-0.4027777777777778,-0.33055555555555555,-0.5277777777777778,-0.4027777777777778,-0.6111111111111112,-0.46111111111111114,-0.6944444444444444
0,0.0,0.0,0.181058495821727,-0.08913649025069638,0.3398328690807799,-0.21448467966573817,0.4735376044568245,-0.31754874651810583,0.5877437325905293,-0.37604456824512533,0.1671309192200557,-0.5153203342618384,0.1977715877437326,-0.7186629526462396,0.20334261838440112,-0.8384401114206128,0.20334261838440112,-0.947075208913649,0.036211699164345405,-0.5292479108635098,0.019498607242339833,-0.754874651810585,0.005571030640668524,-0.8885793871866295,-0.008356545961002786,-1.0,-0.0807799442896936,-0.4958217270194986,-0.12534818941504178,-0.6935933147632312,-0.15877437325905291,-0.8189415041782729,-0.18662952646239556,-0.924791086350975,-0.19220055710306408,-0.4206128133704735,-0.2841225626740947,-0.5515320334261838,-0.34540389972144847,-0.637883008356546,-0.3983286908077994,-0.7214484679665738
0,0.0,0.0,0.19220055710306408,-0.05013927576601671,0.3788300835654596,-0.1392757660167131,0.5348189415041783,-0.21448467966573817,0.6629526462395543,-0.27298050139275765,0.2618384401114206,-0.48467966573816157,0.32590529247910865,-0.6768802228412256,0.35376044568245124,-0.7938718662952646,0.3732590529247911,-0.8997214484679665,0.1392757660167131,-0.5292479108635098,0.16434540389972144,-0.7493036211699164,0.17270194986072424,-0.8857938718662952,0.17827298050139276,-1.0,0.016713091922005572,-0.5181058495821727,0.011142061281337047,-0.7214484679665738,0.008356545961002786,-0.8440111420612814,0.005571030640668524,-0.9526462395543176,-0.10027855153203342,-0.46518105849582175,-0.1671309192200557,-0.6044568245125348,-0.2116991643454039,-0.6963788300835655,-0.2479108635097493,-0.7910863509749304
0,0.0,0.0,0.2123076923076923,-0.018461538461538463,0.4369230769230769,-0.06769230769230769,0.6092307692307692,-0.1076923076923077,0.7446153846153846,-0.13538461538461538,0.37538461538461537,-0.4492307692307692,0.48923076923076925,-0.6338461538461538,0.5507692307692308,-0.7507692307692307,0.6030769230769231,-0.8584615384615385,0.24923076923076923,-0.5169230769230769,0.3292307692307692,-0.7415384615384616,0.37846153846153846,-0.8830769230769231,0.41846153846153844,-1.0,0.11692307692307692,-0.5292307692307693,0.16307692307692306,-0.7415384615384616,0.19076923076923077,-0.8769230769230769,0.22153846153846155,-0.9938461538461538,-0.024615384615384615,-0.49538461538461537,-0.055384615384615386,-0.6646153846153846,-0.07692307692307693,-0.7784615384615384,-0.08615384615384615,-0.8923076923076924
0,0.0,0.0,0.2197452229299363,0.0031847133757961785,0.445859872611465,-0.022292993630573247,0.6242038216560509,-0.03821656050955414,0.7611464968152867,-0.044585987261146494,0.43630573248407645,-0.4140127388535032,0.5732484076433121,-0.5859872611464968,0.6528662420382165,-0.697452229299363,0.7229299363057324,-0.802547770700637,0.31210191082802546,-0.5031847133757962,0.4267515923566879,-0.7229299363057324,0.4968152866242038,-0.856687898089172,0.554140127388535,-0.9681528662420382,0.18152866242038215,-0.5318471337579618,0.25477707006369427,-0.7452229299363057,0.30254777070063693,-0.8821656050955414,0.3503184713375796,-1.0,0.03503184713375796,-0.5159235668789809,0.03184713375796178,-0.6910828025477707,0.028662420382165606,-0.8121019108280255,0.03503184713375796,-0.9267515923566879
0,0.0,0.0,0.24548736462093862,0.05054151624548736,0.48736462093862815,0.061371841155234655,0.6823104693140795,0.07581227436823104,0.8411552346570397,0.10108303249097472,0.5667870036101083,-0.35379061371841153,0.7545126353790613,-0.49458483754512633,0.8664259927797834,-0.592057761732852,0.9638989169675091,-0.6823104693140795,0.4548736462093863,-0.4729241877256318,0.628158844765343,-0.6750902527075813,0.7364620938628159,-0.8050541516245487,0.8303249097472925,-0.9205776173285198,0.3140794223826715,-0.5342960288808665,0.44765342960288806,-0.7436823104693141,0.5379061371841155,-0.8808664259927798,0.6245487364620939,-1.0,0.148014440433213,-0.5487364620938628,0.18772563176895307,-0.740072202166065,0.21299638989169675,-0.8736462093862816,0.2527075812274368,-1.0
0,0.0,0.0,0.23208191126279865,0.08191126279863481,0.45733788395904434,0.12286689419795221,0.6245733788395904,0.16382252559726962,0.7781569965870307,0.20477815699658702,0.5733788395904437,-0.25597269624573377,0.7610921501706485,-0.37542662116040953,0.8873720136518771,-0.447098976109215,1.0,-0.5187713310580204,0.4812286689419795,-0.3720136518771331,0.658703071672355,-0.5358361774744027,0.7815699658703071,-0.6416382252559727,0.89419795221843,-0.7303754266211604,0.3583617747440273,-0.43686006825938567,0.5051194539249146,-0.6075085324232082,0.6109215017064846,-0.7201365187713311,0.7133105802047781,-0.8156996587030717,0.20819112627986347,-0.46075085324232085,0.2901023890784983,-0.6245733788395904,0.34812286689419797,-0.7372013651877133,0.41638225255972694,-0.8464163822525598
0,0.0,0.0,0.24814814814814815,0.05185185185185185,0.4925925925925926,0.05555555555555555,0.6814814814814815,0.06296296296296296,0.8481481481481481,0.07777777777777778,0.5777777777777777,-0.36666666666666664,0.7703703703703704,-0.5111111111111111,0.8925925925925926,-0.6037037037037037,1.0,-0.6925925925925925,0.46296296296296297,-0.48518518518518516,0.6370370370370371,-0.6851851851851852,0.7555555555555555,-0.8074074074074075,0.8592592592592593,-0.9148148148148149,0.32222222222222224,-0.5444444444444444,0.4666666666666667,-0.7481481481481481,0.562962962962963,-0.8814814814814815,0.6592592592592592,-0.9962962962962963,0.15925925925925927,-0.5518518518518518,0.2222222222222222,-0.737037037037037,0.2740740740740741,-0.8629629629629629,0.3333333333333333,-0.9888888888888889
0,0.0,0.0,0.22972972972972974,0.006756756756756757,0.4594594594594595,-0.02702702702702703,0.6418918918918919,-0.05067567567567568,0.793918918918919,-0.060810810810810814,0.44594594594594594,-0.4189189189189189,0.5878378378378378,-0.597972972972973,0.668918918918919,-0.7128378378378378,0.7432432432432432,-0.8175675675675675,0.32094594594594594,-0.5067567567567568,0.4391891891891892,-0.722972972972973,0.5135135135135135,-0.8648648648648649,0.5777027027027027,-0.9831081081081081,0.1858108108108108,-0.5371621621621622,0.2702702702702703,-0.75,0.32432432432432434,-0.8851351351351351,0.3783783783783784,-1.0,0.030405405405405407,-0.5202702702702703,0.04391891891891892,-0.7027027027027027,0.05405405405405406,-0.8209459459459459,0.07432432432432433,-0.9324324324324325
0,0.0,0.0,0.20711974110032363,-0.016181229773462782,0.4174757281553398,-0.07119741100323625,0.5889967637540453,-0.10355987055016182,0.7346278317152104,-0.11974110032362459,0.37540453074433655,-0.4401294498381877,0.48220064724919093,-0.627831715210356,0.540453074433657,-0.7475728155339806,0.5922330097087378,-0.8576051779935275,0.24919093851132687,-0.511326860841424,0.3268608414239482,-0.7378640776699029,0.3786407766990291,-0.8802588996763754,0.42071197411003236,-1.0,0.11326860841423948,-0.5242718446601942,0.15210355987055016,-0.7346278317152104,0.17475728155339806,-0.8737864077669902,0.20064724919093851,-0.9967637540453075,-0.025889967637540454,-0.4886731391585761,-0.045307443365695796,-0.6601941747572816,-0.061488673139158574,-0.7734627831715211,-0.06796116504854369,-0.883495145631068
0,0.0,0.0,0.191044776119403,-0.050746268656716415,0.3761194029850746,-0.14328358208955225,0.5223880597014925,-0.22388059701492538,0.6388059701492538,-0.2865671641791045,0.2537313432835821,-0.46865671641791046,0.31044776119402984,-0.6656716417910448,0.33134328358208953,-0.7880597014925373,0.34328358208955223,-0.9014925373134328,0.1253731343283582,-0.5134328358208955,0.14626865671641792,-0.7373134328358208,0.15223880597014924,-0.8776119402985074,0.15223880597014924,-1.0,0.0029850746268656717,-0.5014925373134328,-0.008955223880597015,-0.7074626865671642,-0.026865671641791045,-0.835820895522388,-0.03880597014925373,-0.9492537313432836,-0.12238805970149254,-0.44477611940298506,-0.18507462686567164,-0.5970149253731343,-0.2298507462686567,-0.6955223880597015,-0.2626865671641791,-0.7910447761194029
0,0.0,0.0,0.17888563049853373,-0.05865102639296188,0.3460410557184751,-0.16422287390029325,0.4809384164222874,-0.25219941348973607,0.5953079178885631,-0.3196480938416422,0.21114369501466276,-0.4780058651026393,0.2434017595307918,-0.6774193548387096,0.25219941348973607,-0.8035190615835777,0.25219941348973607,-0.9237536656891495,0.07917888563049853,-0.5102639296187683,0.07624633431085044,-0.7360703812316716,0.06451612903225806,-0.8768328445747801,0.0469208211143695,-1.0,-0.04105571847507331,-0.4868035190615836,-0.07331378299120235,-0.6920821114369502,-0.10850439882697947,-0.8211143695014663,-0.14076246334310852,-0.9354838709677419,-0.15835777126099707,-0.41935483870967744,-0.23460410557184752,-0.5689149560117303,-0.2873900293255132,-0.6627565982404692,-0.3343108504398827,-0.7565982404692082
0,0.0,0.0,0.1880597014925373,-0.05970149253731343,0.373134328358209,-0.15522388059701492,0.5283582089552239,-0.23582089552238805,0.6477611940298508,-0.28955223880597014,0.2507462686567164,-0.4716417910447761,0.31044776119402984,-0.6686567164179105,0.33134328358208953,-0.7910447761194029,0.34328358208955223,-0.9044776119402985,0.1253731343283582,-0.5134328358208955,0.14328358208955225,-0.7402985074626866,0.14626865671641792,-0.8805970149253731,0.14029850746268657,-1.0,0.0029850746268656717,-0.49850746268656715,-0.01791044776119403,-0.7074626865671642,-0.041791044776119404,-0.835820895522388,-0.05970149253731343,-0.9492537313432836,-0.11940298507462686,-0.44477611940298506,-0.191044776119403,-0.5970149253731343,-0.2417910447761194,-0.6985074626865672,-0.27761194029850744,-0.7940298507462686
0,0.0,0.0,0.19384615384615383,-0.036923076923076927,0.39692307692307693,-0.11076923076923077,0.563076923076923,-0.16307692307692306,0.7076923076923077,-0.18769230769230769,0.32,-0.4492307692307692,0.40615384615384614,-0.6369230769230769,0.4492307692307692,-0.7569230769230769,0.48307692307692307,-0.8707692307692307,0.19076923076923077,-0.5046153846153846,0.24,-0.7292307692307692,0.26461538461538464,-0.8738461538461538,0.28,-1.0,0.06461538461538462,-0.5046153846153846,0.06769230769230769,-0.7138461538461538,0.07076923076923076,-0.8492307692307692,0.07692307692307693,-0.9661538461538461,-0.06769230769230769,-0.4553846153846154,-0.12307692307692308,-0.6184615384615385,-0.16,-0.7261538461538461,-0.18461538461538463,-0.8307692307692308
0,0.0,0.0,0.22112211221122113,-0.0033003300330033004,0.44554455445544555,-0.04950495049504951,0.6171617161716172,-0.08250825082508251,0.768976897689769,-0.0858085808580858,0.42244224422442245,-0.4158415841584158,0.5643564356435643,-0.594059405940594,0.6435643564356436,-0.7095709570957096,0.7095709570957096,-0.8217821782178217,0.297029702970297,-0.5016501650165016,0.39933993399339934,-0.7194719471947195,0.46534653465346537,-0.8613861386138614,0.5181518151815182,-0.9867986798679867,0.1551155115511551,-0.5214521452145214,0.2145214521452145,-0.735973597359736,0.24752475247524752,-0.8778877887788779,0.28052805280528054,-1.0,0.006600660066006601,-0.49504950495049505,-0.0165016501650165,-0.6732673267326733,-0.0297029702970297,-0.7920792079207921,-0.033003300330033,-0.9075907590759076
0,0.0,0.0,0.24253731343283583,0.04477611940298507,0.4925373134328358,0.048507462686567165,0.6828358208955224,0.06343283582089553,0.8432835820895522,0.08208955223880597,0.5671641791044776,-0.3619402985074627,0.7649253731343284,-0.503731343283582,0.8843283582089553,-0.5970149253731343,0.9888059701492538,-0.6865671641791045,0.44776119402985076,-0.48134328358208955,0.6156716417910447,-0.6828358208955224,0.7238805970149254,-0.8208955223880597,0.8208955223880597,-0.9440298507462687,0.2947761194029851,-0.5335820895522388,0.4216417910447761,-0.7388059701492538,0.5111940298507462,-0.8768656716417911,0.6007462686567164,-1.0,0.11940298507462686,-0.5410447761194029,0.14925373134328357,-0.7350746268656716,0.16417910447761194,-0.8656716417910447,0.19776119402985073,-1.0
0,0.0,0.0,0.24074074074074073,0.040740740740740744,0.48148148148148145,0.02962962962962963,0.6666666666666666,0.02962962962962963,0.8296296296296296,0.037037037037037035,0.5592592592592592,-0.36666666666666664,0.7555555555555555,-0.5074074074074074,0.8814814814814815,-0.6,0.9962962962962963,-0.6851851851851852,0.4444444444444444,-0.48148148148148145,0.6074074074074074,-0.6814814814814815,0.725925925925926,-0.8111111111111111,0.8296296296296296,-0.9296296296296296,0.2962962962962963,-0.5370370370370371,0.42592592592592593,-0.7407407407407407,0.5185185185185185,-0.8777777777777778,0.6111111111111112,-1.0,0.1259259259259259,-0.5370370370370371,0.16296296296296298,-0.7333333333333333,0.1925925925925926,-0.8666666666666667,0.23703703703703705,-0.9962962962962963
0,0.0,0.0,0.20189274447949526,-0.025236593059936908,0.40063091482649843,-0.09779179810725552,0.5646687697160884,-0.15772870662460567,0.7034700315457413,-0.19873817034700317,0.334384858044164,-0.4416403785488959,0.4227129337539432,-0.6309148264984227,0.47003154574132494,-0.7539432176656151,0.5110410094637224,-0.8675078864353313,0.20504731861198738,-0.5047318611987381,0.2555205047318612,-0.7318611987381703,0.2870662460567823,-0.8769716088328076,0.31230283911671924,-1.0,0.07570977917981073,-0.5078864353312302,0.08517350157728706,-0.7160883280757098,0.08832807570977919,-0.8517350157728707,0.0946372239747634,-0.9716088328075709,-0.056782334384858045,-0.4637223974763407,-0.11041009463722397,-0.6246056782334385,-0.14511041009463724,-0.7287066246056783,-0.17034700315457413,-0.832807570977918
0,0.0,0.0,0.1891891891891892,-0.057057057057057055,0.36036036036036034,-0.15615615615615616,0.4924924924924925,-0.25225225225225223,0.6096096096096096,-0.32732732732732733,0.2222222222222222,-0.46846846846846846,0.2672672672672673,-0.6636636636636637,0.27927927927927926,-0.7927927927927928,0.2912912912912913,-0.9129129129129129,0.0960960960960961,-0.5045045045045045,0.09309309309309309,-0.7267267267267268,0.08708708708708708,-0.8708708708708709,0.07807807807807808,-1.0,-0.02702702702702703,-0.4804804804804805,-0.06006006006006006,-0.6846846846846847,-0.09009009009009009,-0.8168168168168168,-0.11411411411411411,-0.933933933933934,-0.14714714714714713,-0.4174174174174174,-0.22822822822822822,-0.5645645645645646,-0.2852852852852853,-0.6576576576576577,-0.3303303303303303,-0.7507507507507507
0,0.0,0.0,0.1897590361445783,-0.05120481927710843,0.3704819277108434,-0.15060240963855423,0.5090361445783133,-0.24397590361445784,0.6234939759036144,-0.3132530120481928,0.25,-0.46686746987951805,0.30120481927710846,-0.6656626506024096,0.3192771084337349,-0.7891566265060241,0.32831325301204817,-0.9096385542168675,0.12048192771084337,-0.5060240963855421,0.12951807228915663,-0.7319277108433735,0.12650602409638553,-0.8765060240963856,0.12048192771084337,-1.0,-0.0030120481927710845,-0.49096385542168675,-0.030120481927710843,-0.6957831325301205,-0.05421686746987952,-0.8283132530120482,-0.0783132530120482,-0.9427710843373494,-0.12349397590361445,-0.4307228915662651,-0.20481927710843373,-0.5843373493975904,-0.25903614457831325,-0.6807228915662651,-0.3042168674698795,-0.7740963855421686
0,0.0,0.0,0.20846905537459284,-0.006514657980456026,0.42671009771986973,-0.06514657980456026,0.6058631921824105,-0.11074918566775244,0.758957654723127,-0.11726384364820847,0.38436482084690554,-0.42671009771986973,0.498371335504886,-0.6123778501628665,0.5602605863192183,-0.7361563517915309,0.6091205211726385,-0.8469055374592834,0.26384364820846906,-0.501628664495114,0.34201954397394135,-0.7263843648208469,0.38436482084690554,-0.8762214983713354,0.4169381107491857,-1.0,0.13355048859934854,-0.5211726384364821,0.16938110749185667,-0.7328990228013029,0.18892508143322476,-0.8697068403908795,0.20521172638436483,-0.990228013029316,-0.006514657980456026,-0.49185667752442996,-0.048859934853420196,-0.6612377850162866,-0.0749185667752443,-0.7752442996742671,-0.09446254071661238,-0.8859934853420195
0,0.0,0.0,0.23487544483985764,0.03202846975088968,0.47686832740213525,0.010676156583629894,0.6583629893238434,-0.010676156583629894,0.8149466192170819,-0.010676156583629894,0.5160142348754448,-0.37722419928825623,0.6832740213523132,-0.5409252669039146,0.7829181494661922,-0.6441281138790036,0.8718861209964412,-0.7402135231316725,0.398576512455516,-0.48398576512455516,0.5373665480427047,-0.697508896797153,0.6334519572953736,-0.8362989323843416,0.7117437722419929,-0.9572953736654805,0.2597864768683274,-0.5302491103202847,0.35587188612099646,-0.7473309608540926,0.42704626334519574,-0.8825622775800712,0.49466192170818507,-1.0,0.10676156583629894,-0.5266903914590747,0.11387900355871886,-0.7188612099644128,0.12099644128113879,-0.8434163701067615,0.1423487544483986,-0.9679715302491103
0,0.0,0.0,0.24444444444444444,0.04814814814814815,0.5037037037037037,0.040740740740740744,0.6888888888888889,0.037037037037037035,0.8333333333333334,0.05555555555555555,0.5518518518518518,-0.35555555555555557,0.737037037037037,-0.5074074074074074,0.8555555555555555,-0.6037037037037037,0.9629629629629629,-0.6925925925925925,0.43703703703703706,-0.4703703703703704,0.6037037037037037,-0.6814814814814815,0.7111111111111111,-0.8111111111111111,0.8111111111111111,-0.9222222222222223,0.2962962962962963,-0.5296296296296297,0.4222222222222222,-0.7407407407407407,0.5111111111111111,-0.8814814814814815,0.5962962962962963,-1.0,0.13703703703703704,-0.5370370370370371,0.16666666666666666,-0.7333333333333333,0.18888888888888888,-0.8666666666666667,0.22962962962962963,-0.9962962962962963
0,0.0,0.0,0.22695035460992907,0.010638297872340425,0.46099290780141844,-0.03546099290780142,0.6418439716312057,-0.07446808510638298,0.7943262411347518,-0.09574468085106383,0.48936170212765956,-0.4078014184397163,0.6560283687943262,-0.5638297872340425,0.7659574468085106,-0.6631205673758865,0.8652482269503546,-0.75177304964539,0.36879432624113473,-0.5,0.5106382978723404,-0.7092198581560284,0.6170212765957447,-0.8404255319148937,0.7127659574468085,-0.9539007092198581,0.22695035460992907,-0.5319148936170213,0.3333333333333333,-0.7446808510638298,0.4148936170212766,-0.8794326241134752,0.49645390070921985,-1.0,0.07092198581560284,-0.5141843971631206,0.07801418439716312,-0.6950354609929078,0.09219858156028368,-0.8262411347517731,0.12411347517730496,-0.950354609929078
0,0.0,0.0,0.22039473684210525,-0.03289473684210526,0.4276315789473684,-0.12828947368421054,0.5723684210526315,-0.21052631578947367,0.7072368421052632,-0.26644736842105265,0.3684210526315789,-0.4440789473684211,0.4868421052631579,-0.625,0.569078947368421,-0.7401315789473685,0.6414473684210527,-0.8453947368421053,0.24671052631578946,-0.4967105263157895,0.33881578947368424,-0.7203947368421053,0.4144736842105263,-0.868421052631579,0.48355263157894735,-1.0,0.1118421052631579,-0.4901315789473684,0.17434210526315788,-0.7006578947368421,0.23355263157894737,-0.8388157894736842,0.29276315789473684,-0.9638157894736842,-0.029605263157894735,-0.4375,-0.049342105263157895,-0.6052631578947368,-0.05592105263157895,-0.7269736842105263,-0.05592105263157895,-0.8453947368421053
0,0.0,0.0,0.21895424836601307,-0.03594771241830065,0.42483660130718953,-0.13398692810457516,0.5686274509803921,-0.21241830065359477,0.6993464052287581,-0.2679738562091503,0.35294117647058826,-0.4477124183006536,0.47058823529411764,-0.630718954248366,0.5490196078431373,-0.7483660130718954,0.6209150326797386,-0.8529411764705882,0.23529411764705882,-0.49673202614379086,0.3235294117647059,-0.7189542483660131,0.39215686274509803,-0.8660130718954249,0.4542483660130719,-1.0,0.10457516339869281,-0.49019607843137253,0.1568627450980392,-0.6993464052287581,0.20915032679738563,-0.8366013071895425,0.2647058823529412,-0.9640522875816994,-0.032679738562091505,-0.43790849673202614,-0.058823529411764705,-0.6045751633986928,-0.0718954248366013,-0.7222222222222222,-0.07516339869281045,-0.8398692810457516
0,0.0,0.0,0.21639344262295082,-0.03934426229508197,0.42295081967213116,-0.12786885245901639,0.5704918032786885,-0.20655737704918034,0.7114754098360656,-0.26557377049180325,0.35081967213114756,-0.4459016393442623,0.46885245901639344,-0.6262295081967213,0.5475409836065573,-0.7442622950819672,0.6163934426229508,-0.8524590163934426,0.2262295081967213,-0.49836065573770494,0.31475409836065577,-0.7213114754098361,0.38688524590163936,-0.8688524590163934,0.4491803278688525,-1.0,0.09180327868852459,-0.4918032786885246,0.14426229508196722,-0.7016393442622951,0.19344262295081968,-0.8426229508196721,0.2459016393442623,-0.9737704918032787,-0.04918032786885246,-0.4426229508196721,-0.07868852459016394,-0.6098360655737705,-0.09508196721311475,-0.7278688524590164,-0.10163934426229508,-0.8459016393442623
0,0.0,0.0,0.2182410423452769,-0.05211726384364821,0.40716612377850164,-0.16286644951140064,0.5374592833876222,-0.250814332247557,0.6710097719869706,-0.31921824104234525,0.32247557003257327,-0.4560260586319218,0.4201954397394137,-0.6482084690553745,0.48859934853420195,-0.7687296416938111,0.5537459283387622,-0.8794788273615635,0.19543973941368079,-0.49185667752442996,0.26384364820846906,-0.7133550488599348,0.32247557003257327,-0.8631921824104235,0.3778501628664495,-1.0,0.05863192182410423,-0.46579804560260585,0.09446254071661238,-0.6710097719869706,0.13680781758957655,-0.8110749185667753,0.18241042345276873,-0.9413680781758957,-0.08143322475570032,-0.4006514657980456,-0.12052117263843648,-0.5635179153094463,-0.14006514657980457,-0.6775244299674267,-0.1498371335504886,-0.7947882736156352
0,0.0,0.0,0.2138157894736842,-0.049342105263157895,0.3980263157894737,-0.16447368421052633,0.5296052631578947,-0.2532894736842105,0.6611842105263158,-0.3223684210526316,0.3256578947368421,-0.45394736842105265,0.4243421052631579,-0.6480263157894737,0.4934210526315789,-0.7697368421052632,0.555921052631579,-0.8782894736842105,0.20394736842105263,-0.4901315789473684,0.26973684210526316,-0.7138157894736842,0.32894736842105265,-0.8651315789473685,0.3848684210526316,-1.0,0.06907894736842106,-0.46381578947368424,0.10197368421052631,-0.6710526315789473,0.14473684210526316,-0.8092105263157895,0.19078947368421054,-0.9375,-0.06907894736842106,-0.3980263157894737,-0.1118421052631579,-0.5592105263157895,-0.13486842105263158,-0.6710526315789473,-0.14802631578947367,-0.7894736842105263
0,0.0,0.0,0.21476510067114093,-0.050335570469798654,0.39932885906040266,-0.1644295302013423,0.5335570469798657,-0.2550335570469799,0.6610738255033557,-0.32550335570469796,0.33221476510067116,-0.4597315436241611,0.42953020134228187,-0.6510067114093959,0.5,-0.7684563758389261,0.5671140939597316,-0.8758389261744967,0.21140939597315436,-0.49328859060402686,0.28523489932885904,-0.714765100671141,0.348993288590604,-0.8624161073825504,0.412751677852349,-1.0,0.08053691275167785,-0.4664429530201342,0.12080536912751678,-0.674496644295302,0.16778523489932887,-0.8120805369127517,0.2214765100671141,-0.9362416107382551,-0.06040268456375839,-0.3959731543624161,-0.09731543624161074,-0.5536912751677853,-0.11409395973154363,-0.6677852348993288,-0.12080536912751678,-0.7818791946308725
0,0.0,0.0,0.1891891891891892,-0.08108108108108109,0.3277027027027027,-0.25,0.44594594594594594,-0.3547297297297297,0.5,-0.38513513513513514,0.24662162162162163,-0.5101351351351351,0.32432432432432434,-0.7027027027027027,0.38175675675675674,-0.8209459459459459,0.4391891891891892,-0.9256756756756757,0.14527027027027026,-0.5101351351351351,0.1891891891891892,-0.7263513513513513,0.25,-0.8716216216216216,0.3108108108108108,-1.0,0.037162162162162164,-0.44594594594594594,0.05405405405405406,-0.652027027027027,0.10472972972972973,-0.7804054054054054,0.16554054054054054,-0.902027027027027,-0.06756756756756757,-0.33783783783783783,-0.11148648648648649,-0.4797297297297297,-0.11486486486486487,-0.5912162162162162,-0.10472972972972973,-0.7027027027027027
0,0.0,0.0,0.18456375838926176,-0.1174496644295302,0.28187919463087246,-0.2953020134228188,0.3724832214765101,-0.40604026845637586,0.4664429530201342,-0.4865771812080537,0.19798657718120805,-0.5167785234899329,0.25838926174496646,-0.7214765100671141,0.31208053691275167,-0.8489932885906041,0.3691275167785235,-0.9630872483221476,0.11409395973154363,-0.4966442953020134,0.15100671140939598,-0.7248322147651006,0.21140939597315436,-0.8691275167785235,0.2751677852348993,-1.0,0.030201342281879196,-0.41946308724832215,0.03691275167785235,-0.6308724832214765,0.087248322147651,-0.761744966442953,0.15100671140939598,-0.8859060402684564,-0.04697986577181208,-0.2986577181208054,-0.087248322147651,-0.43288590604026844,-0.08053691275167785,-0.540268456375839,-0.06040268456375839,-0.6476510067114094
0,0.0,0.0,0.19333333333333333,-0.14,0.26666666666666666,-0.33,0.31666666666666665,-0.45666666666666667,0.38333333333333336,-0.5666666666666667,0.19,-0.5266666666666666,0.23666666666666666,-0.7366666666666667,0.2866666666666667,-0.87,0.34,-0.9866666666666667,0.12333333333333334,-0.49666666666666665,0.15666666666666668,-0.7233333333333334,0.22,-0.87,0.28,-1.0,0.05,-0.41333333333333333,0.06,-0.6266666666666667,0.11666666666666667,-0.75,0.17666666666666667,-0.8633333333333333,-0.016666666666666666,-0.29333333333333333,-0.03666666666666667,-0.42,-0.013333333333333334,-0.5166666666666667,0.023333333333333334,-0.6133333333333333
0,0.0,0.0,0.18666666666666668,-0.14333333333333334,0.25666666666666665,-0.34,0.30666666666666664,-0.4633333333333333,0.36666666666666664,-0.5766666666666667,0.18,-0.5166666666666667,0.21666666666666667,-0.7333333333333333,0.2633333333333333,-0.87,0.31333333333333335,-0.99,0.11666666666666667,-0.4866666666666667,0.14666666666666667,-0.72,0.21,-0.8666666666666667,0.2733333333333333,-1.0,0.04666666666666667,-0.41,0.056666666666666664,-0.62,0.11333333333333333,-0.7433333333333333,0.17,-0.8533333333333334,-0.013333333333333334,-0.29333333333333333,-0.03333333333333333,-0.42333333333333334,-0.006666666666666667,-0.5166666666666667,0.03,-0.61
0,0.0,0.0,0.19063545150501673,-0.1505016722408027,0.23076923076923078,-0.3511705685618729,0.26421404682274247,-0.4782608695652174,0.3277591973244147,-0.568561872909699,0.1505016722408027,-0.5317725752508361,0.1806020066889632,-0.7324414715719063,0.22408026755852842,-0.8695652173913043,0.27424749163879597,-0.9832775919732442,0.09364548494983277,-0.49498327759197325,0.12709030100334448,-0.7324414715719063,0.20066889632107024,-0.8729096989966555,0.27424749163879597,-1.0,0.043478260869565216,-0.411371237458194,0.06020066889632107,-0.6254180602006689,0.13377926421404682,-0.7491638795986622,0.20066889632107024,-0.8528428093645485,0.0033444816053511705,-0.28762541806020064,0.006688963210702341,-0.4080267558528428,0.043478260869565216,-0.5016722408026756,0.08695652173913043,-0.5919732441471572
0,0.0,0.0,0.19741100323624594,-0.1779935275080906,0.23300970873786409,-0.36245954692556637,0.255663430420712,-0.47896440129449835,0.3042071197411003,-0.5663430420711975,0.07766990291262135,-0.5372168284789643,0.13268608414239483,-0.7313915857605178,0.20064724919093851,-0.8673139158576052,0.2686084142394822,-0.9741100323624595,0.03559870550161812,-0.4854368932038835,0.10032362459546926,-0.7249190938511327,0.20064724919093851,-0.8737864077669902,0.30097087378640774,-1.0,0.019417475728155338,-0.39158576051779936,0.0744336569579288,-0.6245954692556634,0.16828478964401294,-0.7475728155339806,0.2588996763754045,-0.8511326860841424,0.038834951456310676,-0.2750809061488673,0.05825242718446602,-0.4045307443365696,0.10679611650485436,-0.49514563106796117,0.16828478964401294,-0.5825242718446602
0,0.0,0.0,0.20711974110032363,-0.19093851132686085,0.2297734627831715,-0.37216828478964403,0.24271844660194175,-0.47896440129449835,0.2524271844660194,-0.5760517799352751,0.042071197411003236,-0.5339805825242718,0.11326860841423948,-0.7281553398058253,0.18770226537216828,-0.8576051779935275,0.2588996763754045,-0.9579288025889967,0.012944983818770227,-0.49838187702265374,0.10032362459546926,-0.7411003236245954,0.20388349514563106,-0.883495145631068,0.2977346278317152,-1.0,0.019417475728155338,-0.42071197411003236,0.09385113268608414,-0.6504854368932039,0.1941747572815534,-0.7637540453074434,0.284789644012945,-0.8576051779935275,0.061488673139158574,-0.3268608414239482,0.09385113268608414,-0.44983818770226536,0.14563106796116504,-0.540453074433657,0.20388349514563106,-0.6213592233009708
0,0.0,0.0,0.21221864951768488,-0.18971061093247588,0.2315112540192926,-0.36977491961414793,0.2379421221864952,-0.48231511254019294,0.2508038585209003,-0.5884244372990354,0.028938906752411574,-0.5305466237942122,0.09646302250803858,-0.7266881028938906,0.17363344051446947,-0.8553054662379421,0.24437299035369775,-0.9614147909967846,0.0,-0.49517684887459806,0.08038585209003216,-0.7459807073954984,0.18971061093247588,-0.887459807073955,0.2861736334405145,-1.0,0.00964630225080386,-0.4180064308681672,0.08360128617363344,-0.6527331189710611,0.1864951768488746,-0.7684887459807074,0.2797427652733119,-0.8585209003215434,0.05787781350482315,-0.3215434083601286,0.0932475884244373,-0.4533762057877814,0.14790996784565916,-0.5434083601286174,0.2090032154340836,-0.6270096463022508
0,0.0,0.0,0.2120253164556962,-0.16139240506329114,0.2468354430379747,-0.3259493670886076,0.26582278481012656,-0.43354430379746833,0.28164556962025317,-0.5189873417721519,0.05063291139240506,-0.5063291139240507,0.12025316455696203,-0.7278481012658228,0.1930379746835443,-0.8670886075949367,0.25949367088607594,-0.9746835443037974,0.0189873417721519,-0.47151898734177217,0.10126582278481013,-0.7341772151898734,0.20253164556962025,-0.8829113924050633,0.29430379746835444,-1.0,0.028481012658227847,-0.39556962025316456,0.12025316455696203,-0.6329113924050633,0.22784810126582278,-0.759493670886076,0.3227848101265823,-0.8575949367088608,0.0759493670886076,-0.30063291139240506,0.14556962025316456,-0.43670886075949367,0.21518987341772153,-0.5316455696202531,0.2879746835443038,-0.6107594936708861
0,0.0,0.0,0.19230769230769232,-0.1858974358974359,0.23076923076923078,-0.3717948717948718,0.2692307692307692,-0.4935897435897436,0.2948717948717949,-0.6025641025641025,0.0641025641025641,-0.532051282051282,0.1346153846153846,-0.7564102564102564,0.21153846153846154,-0.8942307692307693,0.28205128205128205,-0.9967948717948718,0.038461538461538464,-0.483974358974359,0.125,-0.7435897435897436,0.22756410256410256,-0.8878205128205128,0.32051282051282054,-1.0,0.04807692307692308,-0.3974358974358974,0.14743589743589744,-0.625,0.25961538461538464,-0.75,0.358974358974359,-0.8461538461538461,0.09615384615384616,-0.28525641025641024,0.18269230769230768,-0.4198717948717949,0.25961538461538464,-0.5128205128205128,0.3333333333333333,-0.5897435897435898
0,0.0,0.0,0.17142857142857143,-0.1873015873015873,0.21904761904761905,-0.38412698412698415,0.2698412698412698,-0.5174603174603175,0.3047619047619048,-0.6317460317460317,0.06666666666666667,-0.5333333333333333,0.1365079365079365,-0.765079365079365,0.20952380952380953,-0.8984126984126984,0.27936507936507937,-1.0,0.044444444444444446,-0.48253968253968255,0.14603174603174604,-0.7428571428571429,0.2507936507936508,-0.8857142857142857,0.346031746031746,-0.9968253968253968,0.06031746031746032,-0.3904761904761905,0.18095238095238095,-0.6126984126984127,0.29523809523809524,-0.7396825396825397,0.3968253968253968,-0.8380952380952381,0.11428571428571428,-0.26666666666666666,0.2126984126984127,-0.4126984126984127,0.2920634920634921,-0.5142857142857142,0.3682539682539683,-0.6
0,0.0,0.0,0.13564668769716087,-0.17981072555205047,0.19558359621451105,-0.36908517350157727,0.2902208201892745,-0.501577287066246,0.3659305993690852,-0.6088328075709779,0.04416403785488959,-0.49842271293375395,0.1167192429022082,-0.7539432176656151,0.1892744479495268,-0.8958990536277602,0.2555205047318612,-1.0,0.04416403785488959,-0.45110410094637227,0.1608832807570978,-0.7287066246056783,0.27129337539432175,-0.8801261829652997,0.36908517350157727,-0.9905362776025236,0.08832807570977919,-0.3627760252365931,0.21766561514195584,-0.61198738170347,0.33753943217665616,-0.7413249211356467,0.4416403785488959,-0.8422712933753943,0.17350157728706625,-0.25236593059936907,0.277602523659306,-0.4037854889589905,0.35962145110410093,-0.5047318611987381,0.4416403785488959,-0.5930599369085173
0,0.0,0.0,0.04180064308681672,-0.19935691318327975,0.08360128617363344,-0.40836012861736337,0.17363344051446947,-0.5562700964630225,0.2572347266881029,-0.6527331189710611,0.01929260450160772,-0.4855305466237942,0.10289389067524116,-0.7491961414790996,0.17684887459807075,-0.8906752411575563,0.24437299035369775,-1.0,0.03536977491961415,-0.43729903536977494,0.1607717041800643,-0.7234726688102894,0.2733118971061093,-0.8810289389067524,0.36977491961414793,-0.9903536977491961,0.09646302250803858,-0.3504823151125402,0.22186495176848875,-0.6012861736334405,0.34726688102893893,-0.7427652733118971,0.45016077170418006,-0.8488745980707395,0.19292604501607716,-0.24758842443729903,0.3086816720257235,-0.40836012861736337,0.3987138263665595,-0.5112540192926045,0.4855305466237942,-0.5980707395498392
0,0.0,0.0,-0.019417475728155338,-0.21035598705501618,0.012944983818770227,-0.42394822006472493,0.10032362459546926,-0.56957928802589,0.18770226537216828,-0.6634304207119741,-0.016181229773462782,-0.5016181229773463,0.08090614886731391,-0.7572815533980582,0.1553398058252427,-0.8932038834951457,0.21359223300970873,-1.0,0.016181229773462782,-0.4368932038834951,0.1553398058252427,-0.7216828478964401,0.2621359223300971,-0.8802588996763754,0.35275080906148865,-0.9935275080906149,0.08737864077669903,-0.343042071197411,0.2297734627831715,-0.6084142394822006,0.34627831715210355,-0.7475728155339806,0.44336569579288027,-0.8543689320388349,0.19093851132686085,-0.23300970873786409,0.32362459546925565,-0.4110032362459547,0.41423948220064727,-0.5145631067961165,0.5016181229773463,-0.6051779935275081
0,0.0,0.0,-0.051118210862619806,-0.19808306709265175,-0.0670926517571885,-0.3769968051118211,-0.04472843450479233,-0.5111821086261981,-0.02875399361022364,-0.6134185303514377,-0.02875399361022364,-0.48562300319488816,0.06070287539936102,-0.7507987220447284,0.134185303514377,-0.8945686900958466,0.1853035143769968,-1.0,0.019169329073482427,-0.4281150159744409,0.1597444089456869,-0.7188498402555911,0.26198083067092653,-0.8849840255591054,0.34185303514376997,-0.9968051118210862,0.10223642172523961,-0.3450479233226837,0.24600638977635783,-0.6070287539936102,0.35782747603833864,-0.7539936102236422,0.4472843450479233,-0.865814696485623,0.20447284345047922,-0.24281150159744408,0.35782747603833864,-0.4249201277955272,0.4504792332268371,-0.5207667731629393,0.5303514376996805,-0.6006389776357828
0,0.0,0.0,-0.06962025316455696,-0.1962025316455696,-0.0949367088607595,-0.379746835443038,-0.08860759493670886,-0.5189873417721519,-0.08860759493670886,-0.620253164556962,-0.04113924050632911,-0.47468354430379744,0.04430379746835443,-0.7468354430379747,0.11392405063291139,-0.8924050632911392,0.16772151898734178,-1.0,0.028481012658227847,-0.4272151898734177,0.16772151898734178,-0.7215189873417721,0.2689873417721519,-0.8892405063291139,0.3449367088607595,-0.9968354430379747,0.12341772151898735,-0.35443037974683544,0.2721518987341772,-0.6170886075949367,0.379746835443038,-0.759493670886076,0.46835443037974683,-0.8639240506329114,0.2310126582278481,-0.25949367088607594,0.379746835443038,-0.43354430379746833,0.47151898734177217,-0.5253164556962026,0.5537974683544303,-0.6012658227848101
0,0.0,0.0,-0.08463949843260188,-0.19122257053291536,-0.11912225705329153,-0.3730407523510972,-0.12225705329153605,-0.5141065830721003,-0.13479623824451412,-0.6206896551724138,-0.034482758620689655,-0.4702194357366771,0.03761755485893417,-0.7366771159874608,0.10031347962382445,-0.8871473354231975,0.1536050156739812,-1.0,0.0438871473354232,-0.4231974921630094,0.1724137931034483,-0.7084639498432602,0.26959247648902823,-0.8746081504702194,0.34169278996865204,-0.987460815047022,0.14420062695924765,-0.34796238244514105,0.28213166144200624,-0.5987460815047022,0.38557993730407525,-0.7429467084639498,0.4702194357366771,-0.8495297805642633,0.2476489028213166,-0.2507836990595611,0.3949843260188088,-0.4231974921630094,0.48589341692789967,-0.5109717868338558,0.567398119122257,-0.5830721003134797
0,0.0,0.0,-0.09779179810725552,-0.19242902208201892,-0.14826498422712933,-0.3722397476340694,-0.15772870662460567,-0.5141955835962145,-0.17034700315457413,-0.6246056782334385,-0.031545741324921134,-0.4668769716088328,0.031545741324921134,-0.7350157728706624,0.0914826498422713,-0.886435331230284,0.14195583596214512,-1.0,0.050473186119873815,-0.4195583596214511,0.17665615141955837,-0.7003154574132492,0.27129337539432175,-0.8675078864353313,0.3470031545741325,-0.9810725552050473,0.15141955835962145,-0.34069400630914826,0.2902208201892745,-0.5867507886435331,0.3943217665615142,-0.7287066246056783,0.4794952681388013,-0.8359621451104101,0.2586750788643533,-0.23974763406940064,0.41324921135646686,-0.4195583596214511,0.5078864353312302,-0.5078864353312302,0.5930599369085173,-0.580441640378549
0,0.0,0.0,-0.10031347962382445,-0.1974921630094044,-0.1536050156739812,-0.3793103448275862,-0.16927899686520376,-0.5235109717868338,-0.1755485893416928,-0.6394984326018809,-0.02821316614420063,-0.4670846394984326,0.04075235109717868,-0.7335423197492164,0.10344827586206896,-0.8871473354231975,0.15673981191222572,-1.0,0.05642633228840126,-0.41379310344827586,0.18808777429467086,-0.6959247648902821,0.2852664576802508,-0.8620689655172413,0.3573667711598746,-0.9780564263322884,0.15987460815047022,-0.329153605015674,0.3072100313479624,-0.5799373040752351,0.4169278996865204,-0.7272727272727273,0.5047021943573667,-0.8338557993730408,0.26332288401253917,-0.22570532915360503,0.4263322884012539,-0.41379310344827586,0.5235109717868338,-0.5078369905956113,0.6050156739811913,-0.5830721003134797
0,0.0,0.0,-0.12111801242236025,-0.18012422360248448,-0.19254658385093168,-0.36024844720496896,-0.2391304347826087,-0.5,-0.2639751552795031,-0.6180124223602484,-0.059006211180124224,-0.4658385093167702,0.0,-0.7360248447204969,0.052795031055900624,-0.8881987577639752,0.09937888198757763,-1.0,0.049689440993788817,-0.4192546583850932,0.16770186335403728,-0.7049689440993789,0.2515527950310559,-0.8726708074534162,0.3167701863354037,-0.9875776397515528,0.16459627329192547,-0.34782608695652173,0.2981366459627329,-0.5993788819875776,0.3944099378881988,-0.7422360248447205,0.4658385093167702,-0.8478260869565217,0.2701863354037267,-0.2608695652173913,0.4161490683229814,-0.4409937888198758,0.5031055900621118,-0.5372670807453416,0.577639751552795,-0.6180124223602484
0,0.0,0.0,-0.13249211356466878,-0.1829652996845426,-0.21451104100946372,-0.35331230283911674,-0.26498422712933756,-0.4921135646687697,-0.30914826498422715,-0.6056782334384858,-0.056782334384858045,-0.4668769716088328,-0.0031545741324921135,-0.7350157728706624,0.0473186119873817,-0.889589905362776,0.0914826498422713,-1.0,0.05993690851735016,-0.4227129337539432,0.17665615141955837,-0.7034700315457413,0.2555205047318612,-0.8706624605678234,0.3186119873817035,-0.9842271293375394,0.17981072555205047,-0.35331230283911674,0.31230283911671924,-0.5993690851735016,0.40063091482649843,-0.7444794952681388,0.4668769716088328,-0.8485804416403786,0.2870662460567823,-0.26813880126182965,0.42586750788643535,-0.444794952681388,0.5078864353312302,-0.5425867507886435,0.5741324921135647,-0.6277602523659306
0,0.0,0.0,-0.13029315960912052,-0.17263843648208468,-0.21172638436482086,-0.3485342019543974,-0.2671009771986971,-0.49185667752442996,-0.30944625407166126,-0.6058631921824105,-0.03908794788273615,-0.4723127035830619,0.016286644951140065,-0.7361563517915309,0.06188925081433225,-0.8859934853420195,0.11074918566775244,-1.0,0.08469055374592833,-0.43322475570032576,0.1986970684039088,-0.7003257328990228,0.28013029315960913,-0.8631921824104235,0.34527687296416937,-0.9771986970684039,0.20521172638436483,-0.36482084690553745,0.3355048859934853,-0.5993485342019544,0.4234527687296417,-0.7361563517915309,0.49185667752442996,-0.8338762214983714,0.31596091205211724,-0.2736156351791531,0.4527687296416938,-0.4364820846905538,0.5342019543973942,-0.5342019543973942,0.6026058631921825,-0.6188925081433225
0,0.0,0.0,-0.08469055374592833,-0.19218241042345277,-0.1237785016286645,-0.3713355048859935,-0.14006514657980457,-0.511400651465798,-0.16938110749185667,-0.6221498371335505,-0.029315960912052116,-0.4723127035830619,0.03908794788273615,-0.739413680781759,0.10097719869706841,-0.8892508143322475,0.15309446254071662,-1.0,0.048859934853420196,-0.42671009771986973,0.1791530944625407,-0.7100977198697068,0.2736156351791531,-0.8794788273615635,0.3485342019543974,-0.996742671009772,0.1465798045602606,-0.3550488599348534,0.2996742671009772,-0.6058631921824105,0.40390879478827363,-0.755700325732899,0.4820846905537459,-0.8664495114006515,0.254071661237785,-0.25732899022801303,0.41042345276872966,-0.44299674267100975,0.504885993485342,-0.5407166123778502,0.5830618892508144,-0.6254071661237784
0,0.0,0.0,-0.022727272727272728,-0.21753246753246752,0.003246753246753247,-0.42207792207792205,0.07792207792207792,-0.5681818181818182,0.16233766233766234,-0.6623376623376623,-0.01948051948051948,-0.4967532467532468,0.06818181818181818,-0.7467532467532467,0.14285714285714285,-0.8863636363636364,0.19805194805194806,-0.9935064935064936,0.012987012987012988,-0.4383116883116883,0.1461038961038961,-0.724025974025974,0.25,-0.8863636363636364,0.33116883116883117,-1.0,0.08441558441558442,-0.35714285714285715,0.22077922077922077,-0.6136363636363636,0.34415584415584416,-0.7532467532467533,0.44155844155844154,-0.8538961038961039,0.18831168831168832,-0.2597402597402597,0.33116883116883117,-0.43506493506493504,0.42857142857142855,-0.5292207792207793,0.5097402597402597,-0.6038961038961039
0,0.0,0.0,0.026143790849673203,-0.20915032679738563,0.05228758169934641,-0.4117647058823529,0.11437908496732026,-0.5588235294117647,0.17647058823529413,-0.6633986928104575,0.0,-0.4934640522875817,0.06535947712418301,-0.738562091503268,0.13398692810457516,-0.8790849673202614,0.19281045751633988,-0.9869281045751634,0.006535947712418301,-0.43790849673202614,0.12418300653594772,-0.7189542483660131,0.22875816993464052,-0.8823529411764706,0.3202614379084967,-1.0,0.06209150326797386,-0.3562091503267974,0.1895424836601307,-0.6111111111111112,0.30392156862745096,-0.7549019607843137,0.4019607843137255,-0.8660130718954249,0.1503267973856209,-0.2549019607843137,0.2777777777777778,-0.434640522875817,0.369281045751634,-0.5359477124183006,0.45098039215686275,-0.6176470588235294
0,0.0,0.0,0.13592233009708737,-0.1779935275080906,0.1650485436893204,-0.36245954692556637,0.20064724919093851,-0.49514563106796117,0.22006472491909385,-0.6084142394822006,0.022653721682847898,-0.49514563106796117,0.0970873786407767,-0.7313915857605178,0.1650485436893204,-0.8705501618122977,0.22653721682847897,-0.9773462783171522,0.006472491909385114,-0.459546925566343,0.10032362459546926,-0.7313915857605178,0.20064724919093851,-0.8867313915857605,0.28802588996763756,-1.0,0.032362459546925564,-0.3883495145631068,0.14563106796116504,-0.6343042071197411,0.24919093851132687,-0.7734627831715211,0.3365695792880259,-0.8770226537216829,0.10355987055016182,-0.2977346278317152,0.18446601941747573,-0.46601941747572817,0.24919093851132687,-0.5760517799352751,0.31715210355987056,-0.6731391585760518
0,0.0,0.0,0.16828478964401294,-0.13268608414239483,0.20064724919093851,-0.2977346278317152,0.18770226537216828,-0.3948220064724919,0.1779935275080906,-0.4336569579288026,0.09385113268608414,-0.5145631067961165,0.11003236245954692,-0.6990291262135923,0.1423948220064725,-0.8381877022653722,0.1715210355987055,-0.9579288025889967,0.045307443365695796,-0.49838187702265374,0.07119741100323625,-0.7055016181229773,0.1262135922330097,-0.86084142394822,0.17475728155339806,-1.0,0.009708737864077669,-0.45307443365695793,0.03559870550161812,-0.6472491909385113,0.09385113268608414,-0.7896440129449838,0.1423948220064725,-0.9093851132686084,-0.009708737864077669,-0.3851132686084142,0.006472491909385114,-0.5307443365695793,0.032362459546925564,-0.6375404530744336,0.06472491909385113,-0.7346278317152104
0,0.0,0.0,0.16932907348242812,-0.10223642172523961,0.24281150159744408,-0.28115015974440893,0.28115015974440893,-0.3993610223642173,0.28434504792332266,-0.46006389776357826,0.12140575079872204,-0.5239616613418531,0.1501597444089457,-0.7092651757188498,0.1853035143769968,-0.8274760383386581,0.22044728434504793,-0.9329073482428115,0.054313099041533544,-0.5111821086261981,0.0670926517571885,-0.7252396166134185,0.10543130990415335,-0.8722044728434505,0.14376996805111822,-1.0,-0.006389776357827476,-0.4536741214057508,-0.006389776357827476,-0.6613418530351438,0.03514376996805112,-0.792332268370607,0.07667731629392971,-0.9137380191693291,-0.06070287539936102,-0.36421725239616615,-0.07987220447284345,-0.5079872204472844,-0.06389776357827476,-0.6198083067092651,-0.038338658146964855,-0.731629392971246
0,0.0,0.0,0.16199376947040497,-0.102803738317757,0.2398753894080997,-0.2866043613707165,0.2834890965732087,-0.40498442367601245,0.308411214953271,-0.4797507788161994,0.12461059190031153,-0.5264797507788161,0.1526479750778816,-0.7102803738317757,0.1838006230529595,-0.8255451713395638,0.21495327102803738,-0.9314641744548287,0.04984423676012461,-0.5171339563862928,0.059190031152647975,-0.7258566978193146,0.09345794392523364,-0.8691588785046729,0.1277258566978193,-1.0,-0.018691588785046728,-0.45794392523364486,-0.018691588785046728,-0.6635514018691588,0.01557632398753894,-0.7912772585669782,0.0529595015576324,-0.9127725856697819,-0.08099688473520249,-0.367601246105919,-0.1059190031152648,-0.5077881619937694,-0.09657320872274143,-0.616822429906542,-0.07476635514018691,-0.7258566978193146
0,0.0,0.0,0.1620795107033639,-0.10091743119266056,0.2599388379204893,-0.27217125382262997,0.3180428134556575,-0.38837920489296635,0.37003058103975534,-0.4709480122324159,0.1345565749235474,-0.5321100917431193,0.1651376146788991,-0.7155963302752294,0.1926605504587156,-0.8256880733944955,0.22629969418960244,-0.926605504587156,0.045871559633027525,-0.5290519877675841,0.06116207951070336,-0.7400611620795107,0.09174311926605505,-0.8776758409785933,0.12232415902140673,-1.0,-0.03363914373088685,-0.47706422018348627,-0.04281345565749235,-0.6850152905198776,-0.01529051987767584,-0.8103975535168195,0.01834862385321101,-0.9296636085626911,-0.11009174311926606,-0.3853211009174312,-0.1559633027522936,-0.5229357798165137,-0.1620795107033639,-0.6299694189602446,-0.1620795107033639,-0.7370030581039755
0,0.0,0.0,0.17365269461077845,-0.09880239520958084,0.2844311377245509,-0.26646706586826346,0.3502994011976048,-0.38922155688622756,0.41916167664670656,-0.47904191616766467,0.15269461077844312,-0.5269461077844312,0.19161676646706588,-0.7095808383233533,0.218562874251497,-0.8203592814371258,0.24550898203592814,-0.9221556886227545,0.05688622754491018,-0.5269461077844312,0.0718562874251497,-0.7395209580838323,0.09880239520958084,-0.874251497005988,0.12574850299401197,-1.0,-0.03293413173652695,-0.47604790419161674,-0.041916167664670656,-0.6796407185628742,-0.020958083832335328,-0.8053892215568862,0.008982035928143712,-0.9281437125748503,-0.11377245508982035,-0.38323353293413176,-0.16766467065868262,-0.5179640718562875,-0.18562874251497005,-0.625748502994012,-0.19461077844311378,-0.7335329341317365
0,0.0,0.0,0.17647058823529413,-0.08823529411764706,0.3235294117647059,-0.2323529411764706,0.4294117647058823,-0.35,0.538235294117647,-0.4441176470588235,0.18529411764705883,-0.49411764705882355,0.2411764705882353,-0.6852941176470588,0.27647058823529413,-0.8029411764705883,0.31176470588235294,-0.9117647058823529,0.07647058823529412,-0.5058823529411764,0.09705882352941177,-0.7235294117647059,0.12058823529411765,-0.8676470588235294,0.14411764705882352,-1.0,-0.026470588235294117,-0.4676470588235294,-0.03529411764705882,-0.6676470588235294,-0.023529411764705882,-0.8029411764705883,-0.0029411764705882353,-0.9323529411764706,-0.1264705882352941,-0.38823529411764707,-0.18823529411764706,-0.5294117647058824,-0.22058823529411764,-0.6323529411764706,-0.24411764705882352,-0.7382352941176471
0,0.0,0.0,0.18397626112759644,-0.07418397626112759,0.34718100890207715,-0.19881305637982197,0.4688427299703264,-0.3056379821958457,0.5786350148367952,-0.39465875370919884,0.2166172106824926,-0.4807121661721068,0.27596439169139464,-0.6765578635014837,0.3115727002967359,-0.8011869436201781,0.34421364985163205,-0.913946587537092,0.09198813056379822,-0.5014836795252225,0.10979228486646884,-0.7210682492581603,0.13353115727002968,-0.8664688427299704,0.1513353115727003,-1.0,-0.026706231454005934,-0.4688427299703264,-0.04451038575667656,-0.6676557863501483,-0.04747774480712166,-0.8071216617210683,-0.04154302670623145,-0.9406528189910979,-0.1394658753709199,-0.3916913946587537,-0.21068249258160238,-0.5311572700296736,-0.2551928783382789,-0.6320474777448071,-0.2878338278931751,-0.7388724035608308
0,0.0,0.0,0.18397626112759644,-0.06824925816023739,0.35014836795252224,-0.18694362017804153,0.47477744807121663,-0.28486646884273,0.5905044510385756,-0.3620178041543027,0.22551928783382788,-0.47181008902077154,0.2878338278931751,-0.6646884272997032,0.3293768545994065,-0.7863501483679525,0.3620178041543027,-0.8991097922848664,0.09792284866468842,-0.49851632047477745,0.12462908011869436,-0.7210682492581603,0.14836795252225518,-0.8664688427299704,0.1661721068249258,-1.0,-0.020771513353115726,-0.4688427299703264,-0.032640949554896145,-0.6706231454005934,-0.032640949554896145,-0.8100890207715133,-0.026706231454005934,-0.9406528189910979,-0.1394658753709199,-0.39762611275964393,-0.21068249258160238,-0.5400593471810089,-0.2522255192878338,-0.6409495548961425,-0.28486646884273,-0.7418397626112759
0,0.0,0.0,0.19135802469135801,-0.037037037037037035,0.35802469135802467,-0.11419753086419752,0.49074074074074076,-0.19135802469135801,0.6141975308641975,-0.25308641975308643,0.2808641975308642,-0.44753086419753085,0.36728395061728397,-0.6327160493827161,0.41975308641975306,-0.7592592592592593,0.45987654320987653,-0.8765432098765432,0.15432098765432098,-0.49691358024691357,0.19753086419753085,-0.7191358024691358,0.23148148148148148,-0.8672839506172839,0.25308641975308643,-1.0,0.024691358024691357,-0.4845679012345679,0.027777777777777776,-0.691358024691358,0.030864197530864196,-0.8333333333333334,0.033950617283950615,-0.9660493827160493,-0.10185185185185185,-0.42901234567901236,-0.16358024691358025,-0.5833333333333334,-0.20679012345679013,-0.6882716049382716,-0.23765432098765432,-0.7932098765432098
0,0.0,0.0,0.19032258064516128,-0.00967741935483871,0.36129032258064514,-0.05806451612903226,0.4967741935483871,-0.11612903225806452,0.6161290322580645,-0.18064516129032257,0.3258064516129032,-0.42258064516129035,0.42258064516129035,-0.6064516129032258,0.4774193548387097,-0.7322580645161291,0.5193548387096775,-0.8548387096774194,0.2,-0.49032258064516127,0.25483870967741934,-0.7193548387096774,0.2870967741935484,-0.867741935483871,0.3096774193548387,-1.0,0.06774193548387097,-0.4935483870967742,0.07741935483870968,-0.7064516129032258,0.07741935483870968,-0.8483870967741935,0.07741935483870968,-0.9774193548387097,-0.07096774193548387,-0.45161290322580644,-0.11612903225806452,-0.6161290322580645,-0.15161290322580645,-0.7225806451612903,-0.18064516129032257,-0.8290322580645161
0,0.0,0.0,0.1848184818481848,0.0033003300330033004,0.3564356435643564,-0.039603960396039604,0.49504950495049505,-0.0924092409240924,0.6204620462046204,-0.1485148514851485,0.3465346534653465,-0.41254125412541254,0.44554455445544555,-0.594059405940594,0.504950495049505,-0.7194719471947195,0.5478547854785478,-0.834983498349835,0.22112211221122113,-0.4884488448844885,0.2871287128712871,-0.7194719471947195,0.3234323432343234,-0.8679867986798679,0.3465346534653465,-1.0,0.0924092409240924,-0.49834983498349833,0.10891089108910891,-0.7128712871287128,0.11551155115511551,-0.8514851485148515,0.1188118811881188,-0.9801980198019802,-0.0429042904290429,-0.46534653465346537,-0.08250825082508251,-0.6270627062706271,-0.11221122112211221,-0.735973597359736,-0.1353135313531353,-0.8415841584158416
0,0.0,0.0,0.17966101694915254,0.013559322033898305,0.33559322033898303,-0.020338983050847456,0.46440677966101696,-0.06779661016949153,0.5898305084745763,-0.12203389830508475,0.3559322033898305,-0.4,0.4542372881355932,-0.5830508474576271,0.511864406779661,-0.711864406779661,0.559322033898305,-0.8305084745762712,0.23389830508474577,-0.48135593220338985,0.2983050847457627,-0.7186440677966102,0.33559322033898303,-0.8677966101694915,0.36271186440677966,-1.0,0.1016949152542373,-0.5016949152542373,0.11864406779661017,-0.7152542372881356,0.12542372881355932,-0.8610169491525423,0.12542372881355932,-0.9864406779661017,-0.03389830508474576,-0.4711864406779661,-0.0711864406779661,-0.6372881355932203,-0.1016949152542373,-0.7457627118644068,-0.12542372881355932,-0.8542372881355932
0,0.0,0.0,0.15492957746478872,0.028169014084507043,0.29577464788732394,0.0035211267605633804,0.4225352112676056,-0.04225352112676056,0.5422535211267606,-0.11267605633802817,0.35563380281690143,-0.3873239436619718,0.4612676056338028,-0.5669014084507042,0.5211267605633803,-0.704225352112676,0.5669014084507042,-0.8274647887323944,0.25,-0.4788732394366197,0.3204225352112676,-0.7147887323943662,0.35563380281690143,-0.8661971830985915,0.3767605633802817,-1.0,0.13028169014084506,-0.5070422535211268,0.15845070422535212,-0.7183098591549296,0.16549295774647887,-0.8626760563380281,0.16901408450704225,-0.9859154929577465,0.0,-0.4894366197183099,-0.03169014084507042,-0.6549295774647887,-0.05985915492957746,-0.7676056338028169,-0.08098591549295775,-0.8732394366197183
0,0.0,0.0,0.13553113553113552,0.03663003663003663,0.26373626373626374,0.014652014652014652,0.38095238095238093,-0.040293040293040296,0.4835164835164835,-0.12454212454212454,0.3553113553113553,-0.3772893772893773,0.46153846153846156,-0.5567765567765568,0.5201465201465202,-0.6996336996336996,0.5677655677655677,-0.8241758241758241,0.26373626373626374,-0.4725274725274725,0.3443223443223443,-0.706959706959707,0.37362637362637363,-0.8608058608058609,0.3992673992673993,-1.0,0.1575091575091575,-0.5091575091575091,0.19413919413919414,-0.7216117216117216,0.20512820512820512,-0.8681318681318682,0.21245421245421245,-0.9853479853479854,0.040293040293040296,-0.4981684981684982,0.018315018315018316,-0.663003663003663,0.0,-0.7802197802197802,-0.018315018315018316,-0.8827838827838828
0,0.0,0.0,0.12177121771217712,0.04059040590405904,0.24354243542435425,0.01845018450184502,0.35793357933579334,-0.02952029520295203,0.46494464944649444,-0.1070110701107011,0.3505535055350554,-0.36900369003690037,0.45387453874538747,-0.5498154981549815,0.5129151291512916,-0.6937269372693727,0.5571955719557196,-0.8228782287822878,0.26199261992619927,-0.46863468634686345,0.34317343173431736,-0.7011070110701108,0.3763837638376384,-0.8560885608856088,0.3985239852398524,-1.0,0.16236162361623616,-0.5055350553505535,0.2029520295202952,-0.7232472324723247,0.2140221402214022,-0.8634686346863468,0.2177121771217712,-0.985239852398524,0.04797047970479705,-0.5018450184501845,0.02952029520295203,-0.6642066420664207,0.014760147601476014,-0.7785977859778598,0.0,-0.8782287822878229
0,0.0,0.0,0.0888030888030888,0.05791505791505792,0.1776061776061776,0.03861003861003861,0.2471042471042471,-0.019305019305019305,0.32432432432432434,-0.0888030888030888,0.305019305019305,-0.3590733590733591,0.3938223938223938,-0.555984555984556,0.42857142857142855,-0.6988416988416989,0.4594594594594595,-0.833976833976834,0.23938223938223938,-0.4555984555984556,0.3088803088803089,-0.6988416988416989,0.33976833976833976,-0.8571428571428571,0.3667953667953668,-1.0,0.16216216216216217,-0.4980694980694981,0.2084942084942085,-0.7181467181467182,0.22007722007722008,-0.8648648648648649,0.2277992277992278,-0.9845559845559846,0.07335907335907337,-0.49034749034749037,0.08108108108108109,-0.6563706563706564,0.07335907335907337,-0.7683397683397684,0.0694980694980695,-0.861003861003861
0,0.0,0.0,0.04330708661417323,0.08661417322834646,0.1062992125984252,0.07086614173228346,0.16929133858267717,0.04330708661417323,0.25984251968503935,0.003937007874015748,0.25196850393700787,-0.3228346456692913,0.33070866141732286,-0.531496062992126,0.3661417322834646,-0.6889763779527559,0.3858267716535433,-0.8307086614173228,0.2047244094488189,-0.421259842519685,0.27165354330708663,-0.6771653543307087,0.2952755905511811,-0.84251968503937,0.3110236220472441,-1.0,0.14173228346456693,-0.468503937007874,0.18503937007874016,-0.6889763779527559,0.19291338582677164,-0.8385826771653543,0.19291338582677164,-0.9566929133858267,0.07086614173228346,-0.484251968503937,0.07874015748031496,-0.6456692913385826,0.07480314960629922,-0.7559055118110236,0.06692913385826772,-0.8464566929133859
0,0.0,0.0,0.04081632653061224,0.09387755102040816,0.10204081632653061,0.09387755102040816,0.16326530612244897,0.06938775510204082,0.2571428571428571,0.04897959183673469,0.27755102040816326,-0.3224489795918367,0.3469387755102041,-0.5224489795918368,0.37142857142857144,-0.6816326530612244,0.3836734693877551,-0.8285714285714286,0.22857142857142856,-0.42448979591836733,0.30612244897959184,-0.6775510204081633,0.33877551020408164,-0.8448979591836735,0.363265306122449,-1.0,0.1673469387755102,-0.4775510204081633,0.2163265306122449,-0.7020408163265306,0.23673469387755103,-0.8530612244897959,0.24489795918367346,-0.9836734693877551,0.09387755102040816,-0.49387755102040815,0.11428571428571428,-0.6612244897959184,0.11428571428571428,-0.7755102040816326,0.10612244897959183,-0.8693877551020408
0,0.0,0.0,0.041666666666666664,0.0875,0.10416666666666667,0.075,0.15833333333333333,0.07083333333333333,0.24583333333333332,0.058333333333333334,0.2625,-0.3125,0.3375,-0.5208333333333334,0.36666666666666664,-0.675,0.38333333333333336,-0.825,0.21666666666666667,-0.42083333333333334,0.2875,-0.675,0.31666666666666665,-0.8458333333333333,0.3375,-1.0,0.15833333333333333,-0.4791666666666667,0.20416666666666666,-0.7,0.22083333333333333,-0.8541666666666666,0.22916666666666666,-0.9791666666666666,0.08333333333333333,-0.49583333333333335,0.09166666666666666,-0.6625,0.09166666666666666,-0.7791666666666667,0.0875,-0.875
0,0.0,0.0,0.21138211382113822,-0.0040650406504065045,0.4146341463414634,-0.06097560975609756,0.5813008130081301,-0.10975609756097561,0.7235772357723578,-0.15040650406504066,0.36585365853658536,-0.4146341463414634,0.4878048780487805,-0.6016260162601627,0.5650406504065041,-0.7276422764227642,0.6219512195121951,-0.8414634146341463,0.23983739837398374,-0.491869918699187,0.3252032520325203,-0.7235772357723578,0.3821138211382114,-0.8699186991869918,0.4268292682926829,-1.0,0.1016260162601626,-0.508130081300813,0.14227642276422764,-0.7235772357723578,0.16666666666666666,-0.8699186991869918,0.18699186991869918,-1.0,-0.036585365853658534,-0.47560975609756095,-0.06504065040650407,-0.6463414634146342,-0.08130081300813008,-0.7642276422764228,-0.09349593495934959,-0.8780487804878049
0,0.0,0.0,0.21544715447154472,-0.04065040650406504,0.4065040650406504,-0.15853658536585366,0.5447154471544715,-0.25203252032520324,0.6585365853658537,-0.3170731707317073,0.32113821138211385,-0.4878048780487805,0.4065040650406504,-0.6666666666666666,0.45528455284552843,-0.7804878048780488,0.5040650406504065,-0.8821138211382114,0.1991869918699187,-0.540650406504065,0.26422764227642276,-0.7560975609756098,0.3089430894308943,-0.8902439024390244,0.35365853658536583,-1.0,0.07723577235772358,-0.540650406504065,0.11382113821138211,-0.7520325203252033,0.14634146341463414,-0.8821138211382114,0.18292682926829268,-1.0,-0.04878048780487805,-0.5,-0.07723577235772358,-0.6666666666666666,-0.08943089430894309,-0.7804878048780488,-0.08943089430894309,-0.8902439024390244
0,0.0,0.0,0.2,0.05454545454545454,0.4409090909090909,0.05454545454545454,0.5772727272727273,0.05909090909090909,0.6727272727272727,0.08181818181818182,0.5409090909090909,-0.40454545454545454,0.7090909090909091,-0.5590909090909091,0.8181818181818182,-0.6045454545454545,0.9181818181818182,-0.6181818181818182,0.4590909090909091,-0.4863636363636364,0.65,-0.6545454545454545,0.7818181818181819,-0.740909090909091,0.8954545454545455,-0.8,0.35454545454545455,-0.5363636363636364,0.5045454545454545,-0.740909090909091,0.6181818181818182,-0.8590909090909091,0.7227272727272728,-0.9454545454545454,0.20909090909090908,-0.5545454545454546,0.2590909090909091,-0.7727272727272727,0.3090909090909091,-0.9,0.36363636363636365,-1.0
0,0.0,0.0,0.18076923076923077,0.11923076923076924,0.39615384615384613,0.18846153846153846,0.5615384615384615,0.23461538461538461,0.6807692307692308,0.28076923076923077,0.5846153846153846,-0.11538461538461539,0.7769230769230769,-0.16923076923076924,0.9,-0.21153846153846154,1.0,-0.25,0.5423076923076923,-0.2423076923076923,0.7461538461538462,-0.34615384615384615,0.8769230769230769,-0.4115384615384615,0.9923076923076923,-0.46923076923076923,0.4576923076923077,-0.3384615384615385,0.6423076923076924,-0.4461538461538462,0.7615384615384615,-0.5153846153846153,0.8692307692307693,-0.5692307692307692,0.3384615384615385,-0.4115384615384615,0.4423076923076923,-0.5346153846153846,0.5192307692307693,-0.6192307692307693,0.6038461538461538,-0.6846153846153846
0,0.0,0.0,0.2290748898678414,0.04405286343612335,0.4713656387665198,0.05286343612334802,0.6607929515418502,0.07488986784140969,0.7929515418502202,0.07488986784140969,0.5814977973568282,-0.31277533039647576,0.7709251101321586,-0.2907488986784141,0.7709251101321586,-0.15859030837004406,0.7312775330396476,-0.05286343612334802,0.5374449339207048,-0.42731277533039647,0.7665198237885462,-0.5330396475770925,0.9030837004405287,-0.5638766519823789,1.0,-0.5726872246696035,0.44052863436123346,-0.5066079295154186,0.6299559471365639,-0.6563876651982379,0.7577092511013216,-0.7268722466960352,0.8634361233480177,-0.7709251101321586,0.29515418502202645,-0.5418502202643172,0.3788546255506608,-0.7180616740088106,0.44052863436123346,-0.8325991189427313,0.5066079295154186,-0.9251101321585903
0,0.0,0.0,0.19402985074626866,-0.06716417910447761,0.3880597014925373,-0.20149253731343283,0.5298507462686567,-0.291044776119403,0.6231343283582089,-0.332089552238806,0.29850746268656714,-0.4962686567164179,0.39925373134328357,-0.6716417910447762,0.4552238805970149,-0.7798507462686567,0.4962686567164179,-0.8768656716417911,0.1865671641791045,-0.5447761194029851,0.2574626865671642,-0.7649253731343284,0.30223880597014924,-0.8955223880597015,0.3358208955223881,-1.0,0.0708955223880597,-0.5447761194029851,0.1044776119402985,-0.7611940298507462,0.13805970149253732,-0.8880597014925373,0.16791044776119404,-0.9850746268656716,-0.05223880597014925,-0.5,-0.08582089552238806,-0.6716417910447762,-0.1044776119402985,-0.7835820895522388,-0.10074626865671642,-0.8843283582089553
0,0.0,0.0,0.18115942028985507,-0.08695652173913043,0.3333333333333333,-0.23550724637681159,0.4528985507246377,-0.35144927536231885,0.5507246376811594,-0.4311594202898551,0.17753623188405798,-0.5036231884057971,0.2246376811594203,-0.7065217391304348,0.2427536231884058,-0.8260869565217391,0.2536231884057971,-0.927536231884058,0.05434782608695652,-0.5253623188405797,0.057971014492753624,-0.7608695652173914,0.06884057971014493,-0.8985507246376812,0.07246376811594203,-1.0,-0.06159420289855073,-0.5036231884057971,-0.09420289855072464,-0.717391304347826,-0.10144927536231885,-0.8478260869565217,-0.10144927536231885,-0.9492753623188406,-0.17028985507246377,-0.4384057971014493,-0.25,-0.5833333333333334,-0.29347826086956524,-0.6811594202898551,-0.322463768115942,-0.7681159420289855
0,0.0,0.0,0.17921146953405018,-0.1039426523297491,0.3154121863799283,-0.2724014336917563,0.40860215053763443,-0.40860215053763443,0.4874551971326165,-0.5053763440860215,0.12544802867383512,-0.5268817204301075,0.14695340501792115,-0.7240143369175627,0.15053763440860216,-0.8422939068100358,0.14695340501792115,-0.942652329749104,0.0,-0.5340501792114696,-0.017921146953405017,-0.7562724014336918,-0.02867383512544803,-0.8924731182795699,-0.035842293906810034,-1.0,-0.10752688172043011,-0.4946236559139785,-0.16487455197132617,-0.6989247311827957,-0.1935483870967742,-0.8243727598566308,-0.21505376344086022,-0.9283154121863799,-0.2078853046594982,-0.4157706093189964,-0.30824372759856633,-0.5448028673835126,-0.3727598566308244,-0.6308243727598566,-0.41935483870967744,-0.7168458781362007
0,0.0,0.0,0.20640569395017794,-0.06761565836298933,0.3879003558718861,-0.18505338078291814,0.5124555160142349,-0.29537366548042704,0.6120996441281139,-0.37722419928825623,0.2597864768683274,-0.49110320284697506,0.3238434163701068,-0.6832740213523132,0.35587188612099646,-0.797153024911032,0.3736654804270463,-0.900355871886121,0.13523131672597866,-0.5338078291814946,0.1708185053380783,-0.7544483985765125,0.19217081850533807,-0.8896797153024911,0.199288256227758,-1.0,0.010676156583629894,-0.5231316725978647,0.0035587188612099642,-0.7259786476868327,0.0,-0.8505338078291815,0.0,-0.9572953736654805,-0.11743772241992882,-0.46619217081850534,-0.17437722419928825,-0.6192170818505338,-0.21352313167259787,-0.7153024911032029,-0.23843416370106763,-0.8042704626334519
0,0.0,0.0,0.20146520146520147,-0.03296703296703297,0.40293040293040294,-0.10989010989010989,0.5641025641025641,-0.18681318681318682,0.6886446886446886,-0.2490842490842491,0.3516483516483517,-0.4652014652014652,0.45787545787545786,-0.6556776556776557,0.5128205128205128,-0.7728937728937729,0.5567765567765568,-0.8717948717948718,0.23443223443223443,-0.5274725274725275,0.304029304029304,-0.7509157509157509,0.3443223443223443,-0.8901098901098901,0.3772893772893773,-1.0,0.10989010989010989,-0.5384615384615384,0.1391941391941392,-0.7509157509157509,0.1575091575091575,-0.8864468864468864,0.17582417582417584,-0.9926739926739927,-0.02197802197802198,-0.5018315018315018,-0.0695970695970696,-0.663003663003663,-0.09523809523809523,-0.7692307692307693,-0.10989010989010989,-0.8681318681318682
0,0.0,0.0,0.2222222222222222,0.0,0.45185185185185184,-0.05555555555555555,0.6333333333333333,-0.1037037037037037,0.7666666666666667,-0.12962962962962962,0.43333333333333335,-0.42592592592592593,0.5777777777777777,-0.6,0.6518518518518519,-0.7111111111111111,0.7111111111111111,-0.8074074074074075,0.31851851851851853,-0.5074074074074074,0.42962962962962964,-0.725925925925926,0.5,-0.8592592592592593,0.5481481481481482,-0.9666666666666667,0.18888888888888888,-0.5370370370370371,0.26296296296296295,-0.7555555555555555,0.3074074074074074,-0.8888888888888888,0.34444444444444444,-1.0,0.044444444444444446,-0.5222222222222223,0.03333333333333333,-0.6962962962962963,0.025925925925925925,-0.8111111111111111,0.02962962962962963,-0.9185185185185185
0,0.0,0.0,0.24096385542168675,0.03614457831325301,0.5060240963855421,0.01606425702811245,0.6987951807228916,0.012048192771084338,0.8393574297188755,0.004016064257028112,0.5662650602409639,-0.40562248995983935,0.7429718875502008,-0.5461847389558233,0.8514056224899599,-0.6385542168674698,0.9437751004016064,-0.7188755020080321,0.4578313253012048,-0.5060240963855421,0.6184738955823293,-0.6947791164658634,0.7228915662650602,-0.8112449799196787,0.8112449799196787,-0.9076305220883534,0.3253012048192771,-0.5582329317269076,0.46184738955823296,-0.7630522088353414,0.5542168674698795,-0.8875502008032129,0.6385542168674698,-1.0,0.1686746987951807,-0.5622489959839357,0.20883534136546184,-0.751004016064257,0.24096385542168675,-0.8795180722891566,0.285140562248996,-1.0
0,0.0,0.0,0.23255813953488372,0.06976744186046512,0.4844961240310077,0.07364341085271318,0.6705426356589147,0.06976744186046512,0.813953488372093,0.08527131782945736,0.6124031007751938,-0.29844961240310075,0.810077519379845,-0.43023255813953487,0.9147286821705426,-0.5155038759689923,1.0,-0.6007751937984496,0.5155038759689923,-0.42248062015503873,0.6976744186046512,-0.5930232558139535,0.813953488372093,-0.7015503875968992,0.9147286821705426,-0.7984496124031008,0.39147286821705424,-0.49612403100775193,0.5387596899224806,-0.6705426356589147,0.6472868217054264,-0.7751937984496124,0.748062015503876,-0.8643410852713178,0.2364341085271318,-0.5310077519379846,0.31007751937984496,-0.7015503875968992,0.35658914728682173,-0.8217054263565892,0.41472868217054265,-0.9302325581395349
0,0.0,0.0,0.24583333333333332,0.0625,0.5125,0.05,0.7166666666666667,0.041666666666666664,0.8625,0.041666666666666664,0.625,-0.3458333333333333,0.8166666666666667,-0.475,0.9208333333333333,-0.5541666666666667,1.0,-0.6208333333333333,0.5291666666666667,-0.4708333333333333,0.725,-0.6666666666666666,0.8583333333333333,-0.7833333333333333,0.9666666666666667,-0.8791666666666667,0.4041666666666667,-0.5416666666666666,0.5625,-0.7416666666666667,0.6875,-0.8541666666666666,0.7958333333333333,-0.9416666666666667,0.24166666666666667,-0.5708333333333333,0.31666666666666665,-0.7583333333333333,0.375,-0.8875,0.44166666666666665,-1.0
0,0.0,0.0,-0.23770491803278687,0.004098360655737705,-0.45081967213114754,-0.0860655737704918,-0.6065573770491803,-0.1885245901639344,-0.7336065573770492,-0.27049180327868855,-0.430327868852459,-0.4180327868852459,-0.5614754098360656,-0.5901639344262295,-0.6352459016393442,-0.6967213114754098,-0.6885245901639344,-0.7991803278688525,-0.3114754098360656,-0.5,-0.4262295081967213,-0.7131147540983607,-0.4918032786885246,-0.8524590163934426,-0.5491803278688525,-0.9713114754098361,-0.1721311475409836,-0.5327868852459017,-0.2581967213114754,-0.75,-0.3155737704918033,-0.8852459016393442,-0.36885245901639346,-1.0,-0.01639344262295082,-0.5286885245901639,-0.020491803278688523,-0.7090163934426229,-0.028688524590163935,-0.8319672131147541,-0.040983606557377046,-0.9467213114754098
0,0.0,0.0,-0.2222222222222222,-0.03571428571428571,-0.40476190476190477,-0.14682539682539683,-0.5396825396825397,-0.25396825396825395,-0.6507936507936508,-0.3412698412698413,-0.3611111111111111,-0.44841269841269843,-0.4801587301587302,-0.623015873015873,-0.5277777777777778,-0.7301587301587301,-0.5515873015873016,-0.8333333333333334,-0.24206349206349206,-0.5158730158730159,-0.3373015873015873,-0.7222222222222222,-0.38095238095238093,-0.8611111111111112,-0.40476190476190477,-0.9801587301587301,-0.10714285714285714,-0.5317460317460317,-0.15079365079365079,-0.7420634920634921,-0.1626984126984127,-0.876984126984127,-0.17063492063492064,-1.0,0.04365079365079365,-0.5079365079365079,0.06746031746031746,-0.6825396825396826,0.0873015873015873,-0.7976190476190477,0.10317460317460317,-0.9087301587301587
0,0.0,0.0,-0.2029520295202952,-0.07380073800738007,-0.35793357933579334,-0.2140221402214022,-0.4612546125461255,-0.33579335793357934,-0.5424354243542435,-0.4317343173431734,-0.23616236162361623,-0.4833948339483395,-0.2878228782287823,-0.6678966789667896,-0.31365313653136534,-0.7822878228782287,-0.3247232472324723,-0.8819188191881919,-0.1033210332103321,-0.5166051660516605,-0.13284132841328414,-0.7380073800738007,-0.14760147601476015,-0.8819188191881919,-0.15498154981549817,-1.0,0.025830258302583026,-0.5055350553505535,0.033210332103321034,-0.7084870848708487,0.03690036900369004,-0.8487084870848709,0.03690036900369004,-0.974169741697417,0.15498154981549817,-0.45387453874538747,0.2177121771217712,-0.5977859778597786,0.25830258302583026,-0.6974169741697417,0.2915129151291513,-0.7933579335793358
0,0.0,0.0,-0.2188679245283019,-0.052830188679245285,-0.3849056603773585,-0.1811320754716981,-0.4981132075471698,-0.3018867924528302,-0.5811320754716981,-0.4037735849056604,-0.29056603773584905,-0.47547169811320755,-0.3584905660377358,-0.6641509433962264,-0.39245283018867927,-0.7773584905660378,-0.41132075471698115,-0.879245283018868,-0.15471698113207547,-0.5207547169811321,-0.2,-0.7396226415094339,-0.22264150943396227,-0.879245283018868,-0.23773584905660378,-1.0,-0.018867924528301886,-0.5169811320754717,-0.033962264150943396,-0.7320754716981132,-0.04150943396226415,-0.8679245283018868,-0.052830188679245285,-0.9886792452830189,0.12075471698113208,-0.47547169811320755,0.16981132075471697,-0.6339622641509434,0.2,-0.7396226415094339,0.22264150943396227,-0.8377358490566038
0,0.0,0.0,-0.21851851851851853,-0.037037037037037035,-0.3888888888888889,-0.15555555555555556,-0.5148148148148148,-0.26296296296296295,-0.6037037037037037,-0.3592592592592593,-0.3074074074074074,-0.46296296296296297,-0.37777777777777777,-0.6555555555555556,-0.4148148148148148,-0.7703703703703704,-0.43333333333333335,-0.8740740740740741,-0.17037037037037037,-0.5111111111111111,-0.2222222222222222,-0.7333333333333333,-0.24444444444444444,-0.8740740740740741,-0.26296296296296295,-1.0,-0.03333333333333333,-0.5111111111111111,-0.05185185185185185,-0.7296296296296296,-0.05925925925925926,-0.8666666666666667,-0.07037037037037037,-0.9925925925925926,0.10740740740740741,-0.4703703703703704,0.15185185185185185,-0.6333333333333333,0.17777777777777778,-0.737037037037037,0.1962962962962963,-0.8407407407407408
0,0.0,0.0,-0.22641509433962265,0.0037735849056603774,-0.42641509433962266,-0.06415094339622641,-0.5735849056603773,-0.1320754716981132,-0.6981132075471698,-0.1811320754716981,-0.41509433962264153,-0.4188679245283019,-0.539622641509434,-0.5924528301886792,-0.6037735849056604,-0.7056603773584905,-0.6452830188679245,-0.8075471698113208,-0.2943396226415094,-0.4981132075471698,-0.4,-0.7094339622641509,-0.45660377358490567,-0.8452830188679246,-0.4981132075471698,-0.969811320754717,-0.1471698113207547,-0.5245283018867924,-0.22264150943396227,-0.7358490566037735,-0.2490566037735849,-0.8754716981132076,-0.27169811320754716,-1.0,0.007547169811320755,-0.5094339622641509,0.018867924528301886,-0.6792452830188679,0.03018867924528302,-0.7962264150943397,0.03773584905660377,-0.9132075471698113
0,0.0,0.0,-0.224,0.04,-0.452,0.008,-0.616,-0.044,-0.752,-0.064,-0.516,-0.376,-0.676,-0.524,-0.768,-0.62,-0.84,-0.712,-0.408,-0.48,-0.568,-0.68,-0.656,-0.804,-0.724,-0.916,-0.268,-0.54,-0.388,-0.748,-0.448,-0.88,-0.504,-0.996,-0.104,-0.556,-0.132,-0.752,-0.148,-0.884,-0.172,-1.0
0,0.0,0.0,-0.20967741935483872,0.0846774193548387,-0.4596774193548387,0.0967741935483871,-0.657258064516129,0.08870967741935484,-0.8145161290322581,0.10483870967741936,-0.5967741935483871,-0.2661290322580645,-0.7862903225806451,-0.38306451612903225,-0.8991935483870968,-0.45161290322580644,-1.0,-0.5201612903225806,-0.5161290322580645,-0.3870967741935484,-0.7056451612903226,-0.5443548387096774,-0.8185483870967742,-0.6451612903225806,-0.9193548387096774,-0.7298387096774194,-0.3911290322580645,-0.46774193548387094,-0.5564516129032258,-0.6370967741935484,-0.657258064516129,-0.7459677419354839,-0.75,-0.8387096774193549,-0.23387096774193547,-0.5161290322580645,-0.31048387096774194,-0.6814516129032258,-0.3548387096774194,-0.7943548387096774,-0.4032258064516129,-0.8991935483870968
0,0.0,0.0,-0.22857142857142856,0.08571428571428572,-0.45714285714285713,0.11020408163265306,-0.6408163265306123,0.11020408163265306,-0.7959183673469388,0.10204081632653061,-0.6,-0.23673469387755103,-0.7918367346938775,-0.34285714285714286,-0.9061224489795918,-0.4122448979591837,-1.0,-0.4857142857142857,-0.5224489795918368,-0.363265306122449,-0.7183673469387755,-0.5102040816326531,-0.8408163265306122,-0.6040816326530613,-0.9428571428571428,-0.689795918367347,-0.40816326530612246,-0.4489795918367347,-0.5755102040816327,-0.6163265306122448,-0.6775510204081633,-0.7224489795918367,-0.7714285714285715,-0.8122448979591836,-0.2571428571428571,-0.5020408163265306,-0.33877551020408164,-0.6612244897959184,-0.39591836734693875,-0.763265306122449,-0.4489795918367347,-0.8530612244897959
0,0.0,0.0,-0.23529411764705882,0.037815126050420166,-0.46638655462184875,-0.004201680672268907,-0.6512605042016807,-0.0546218487394958,-0.8109243697478992,-0.10084033613445378,-0.5252100840336135,-0.3865546218487395,-0.6932773109243697,-0.5336134453781513,-0.7941176470588235,-0.6218487394957983,-0.8739495798319328,-0.7142857142857143,-0.42016806722689076,-0.49159663865546216,-0.5840336134453782,-0.6932773109243697,-0.6848739495798319,-0.8235294117647058,-0.7647058823529411,-0.9327731092436975,-0.2857142857142857,-0.5504201680672269,-0.42016806722689076,-0.7605042016806722,-0.5,-0.8865546218487395,-0.5756302521008403,-1.0,-0.11764705882352941,-0.5714285714285714,-0.15546218487394958,-0.7605042016806722,-0.18487394957983194,-0.8865546218487395,-0.2184873949579832,-1.0
0,0.0,0.0,-0.21739130434782608,-0.0036231884057971015,-0.41304347826086957,-0.07971014492753623,-0.5579710144927537,-0.15217391304347827,-0.6702898550724637,-0.21014492753623187,-0.37318840579710144,-0.42391304347826086,-0.4782608695652174,-0.5942028985507246,-0.532608695652174,-0.7065217391304348,-0.572463768115942,-0.8043478260869565,-0.2463768115942029,-0.4963768115942029,-0.33695652173913043,-0.7101449275362319,-0.38768115942028986,-0.8442028985507246,-0.427536231884058,-0.9601449275362319,-0.10507246376811594,-0.5181159420289855,-0.15217391304347827,-0.7318840579710145,-0.17391304347826086,-0.8731884057971014,-0.1956521739130435,-1.0,0.043478260869565216,-0.4891304347826087,0.07246376811594203,-0.6557971014492754,0.09782608695652174,-0.7644927536231884,0.11231884057971014,-0.8659420289855072
0,0.0,0.0,-0.21678321678321677,-0.038461538461538464,-0.3951048951048951,-0.14685314685314685,-0.5244755244755245,-0.23426573426573427,-0.6398601398601399,-0.28321678321678323,-0.3146853146853147,-0.479020979020979,-0.3741258741258741,-0.6608391608391608,-0.40559440559440557,-0.7762237762237763,-0.4230769230769231,-0.8776223776223776,-0.17482517482517482,-0.5314685314685315,-0.21328671328671328,-0.7447552447552448,-0.23076923076923078,-0.8776223776223776,-0.24125874125874125,-1.0,-0.03146853146853147,-0.527972027972028,-0.038461538461538464,-0.7377622377622378,-0.03496503496503497,-0.8706293706293706,-0.03496503496503497,-0.993006993006993,0.11538461538461539,-0.486013986013986,0.15734265734265734,-0.6573426573426573,0.1888111888111888,-0.7692307692307693,0.21328671328671328,-0.8741258741258742
0,0.0,0.0,-0.19736842105263158,-0.06578947368421052,-0.33881578947368424,-0.20065789473684212,-0.4440789473684211,-0.3026315789473684,-0.5427631578947368,-0.375,-0.22039473684210525,-0.4934210526315789,-0.25,-0.6842105263157895,-0.25,-0.8092105263157895,-0.24342105263157895,-0.9177631578947368,-0.08552631578947369,-0.5263157894736842,-0.09539473684210527,-0.7401315789473685,-0.08552631578947369,-0.8782894736842105,-0.06907894736842106,-1.0,0.049342105263157895,-0.5032894736842105,0.06907894736842106,-0.7138157894736842,0.10855263157894737,-0.8486842105263158,0.14144736842105263,-0.9736842105263158,0.17763157894736842,-0.4342105263157895,0.2631578947368421,-0.5822368421052632,0.3256578947368421,-0.680921052631579,0.3848684210526316,-0.7763157894736842
0,0.0,0.0,-0.19745222929936307,-0.07643312101910828,-0.3343949044585987,-0.21656050955414013,-0.4299363057324841,-0.3248407643312102,-0.5127388535031847,-0.40764331210191085,-0.18152866242038215,-0.5,-0.1910828025477707,-0.6942675159235668,-0.18152866242038215,-0.8089171974522293,-0.1624203821656051,-0.910828025477707,-0.03821656050955414,-0.5222929936305732,-0.028662420382165606,-0.7356687898089171,-0.012738853503184714,-0.8726114649681529,0.0031847133757961785,-1.0,0.09235668789808917,-0.4968152866242038,0.13694267515923567,-0.6910828025477707,0.16878980891719744,-0.8248407643312102,0.19745222929936307,-0.9522292993630573,0.21019108280254778,-0.42356687898089174,0.31210191082802546,-0.5605095541401274,0.37579617834394907,-0.6528662420382165,0.4299363057324841,-0.7515923566878981
0,0.0,0.0,-0.19325153374233128,-0.05521472392638037,-0.34355828220858897,-0.1687116564417178,-0.4570552147239264,-0.25766871165644173,-0.5552147239263804,-0.3067484662576687,-0.254601226993865,-0.46319018404907975,-0.294478527607362,-0.6503067484662577,-0.3006134969325153,-0.7668711656441718,-0.294478527607362,-0.8650306748466258,-0.1196319018404908,-0.5,-0.13190184049079753,-0.7269938650306749,-0.12576687116564417,-0.8711656441717791,-0.11349693251533742,-1.0,0.012269938650306749,-0.48773006134969327,0.03374233128834356,-0.6871165644171779,0.05214723926380368,-0.8190184049079755,0.06441717791411043,-0.9386503067484663,0.13803680981595093,-0.4325153374233129,0.20552147239263804,-0.5828220858895705,0.24846625766871167,-0.6809815950920245,0.2822085889570552,-0.7730061349693251
0,0.0,0.0,-0.21153846153846154,-0.041666666666666664,-0.391025641025641,-0.15064102564102563,-0.5224358974358975,-0.2467948717948718,-0.6474358974358975,-0.28846153846153844,-0.2980769230769231,-0.46794871794871795,-0.3782051282051282,-0.6474358974358975,-0.41025641025641024,-0.7628205128205128,-0.4230769230769231,-0.8653846153846154,-0.16666666666666666,-0.5160256410256411,-0.21153846153846154,-0.7403846153846154,-0.23076923076923078,-0.8782051282051282,-0.23717948717948717,-1.0,-0.03205128205128205,-0.5160256410256411,-0.041666666666666664,-0.7339743589743589,-0.035256410256410256,-0.875,-0.03205128205128205,-0.9967948717948718,0.10576923076923077,-0.47115384615384615,0.16025641025641027,-0.625,0.1987179487179487,-0.7307692307692307,0.23076923076923078,-0.8333333333333334
0,0.0,0.0,-0.22258064516129034,-0.01935483870967742,-0.41935483870967744,-0.12258064516129032,-0.5645161290322581,-0.2129032258064516,-0.6903225806451613,-0.25161290322580643,-0.3419354838709677,-0.4483870967741935,-0.4290322580645161,-0.6161290322580645,-0.4774193548387097,-0.7290322580645161,-0.5096774193548387,-0.832258064516129,-0.22580645161290322,-0.5129032258064516,-0.3032258064516129,-0.7258064516129032,-0.34516129032258064,-0.8709677419354839,-0.3741935483870968,-0.9967741935483871,-0.09032258064516129,-0.5225806451612903,-0.12580645161290321,-0.7387096774193549,-0.13548387096774195,-0.8774193548387097,-0.14516129032258066,-1.0,0.05161290322580645,-0.4935483870967742,0.0967741935483871,-0.6580645161290323,0.12903225806451613,-0.7709677419354839,0.14838709677419354,-0.8806451612903226
0,0.0,0.0,-0.22429906542056074,-0.009345794392523364,-0.42679127725856697,-0.09657320872274143,-0.5763239875389408,-0.17757009345794392,-0.7009345794392523,-0.2087227414330218,-0.3613707165109034,-0.4205607476635514,-0.4672897196261682,-0.5856697819314641,-0.5264797507788161,-0.6915887850467289,-0.5700934579439252,-0.7912772585669782,-0.24922118380062305,-0.49221183800623053,-0.3333333333333333,-0.7102803738317757,-0.38317757009345793,-0.8473520249221184,-0.4205607476635514,-0.9688473520249221,-0.11838006230529595,-0.5109034267912772,-0.16199376947040497,-0.735202492211838,-0.1838006230529595,-0.8785046728971962,-0.205607476635514,-1.0,0.024922118380062305,-0.48598130841121495,0.059190031152647975,-0.6697819314641744,0.08722741433021806,-0.7912772585669782,0.102803738317757,-0.9065420560747663
0,0.0,0.0,-0.21495327102803738,0.0,-0.42990654205607476,-0.08411214953271028,-0.5919003115264797,-0.16199376947040497,-0.7289719626168224,-0.1838006230529595,-0.3925233644859813,-0.4174454828660436,-0.514018691588785,-0.5794392523364486,-0.5887850467289719,-0.6822429906542056,-0.6448598130841121,-0.7757009345794392,-0.2803738317757009,-0.49221183800623053,-0.3862928348909657,-0.7009345794392523,-0.45482866043613707,-0.8317757009345794,-0.5109034267912772,-0.9501557632398754,-0.14953271028037382,-0.5171339563862928,-0.21806853582554517,-0.735202492211838,-0.2585669781931464,-0.8753894080996885,-0.30218068535825543,-1.0,-0.003115264797507788,-0.5015576323987538,0.012461059190031152,-0.6697819314641744,0.021806853582554516,-0.7912772585669782,0.021806853582554516,-0.9034267912772586
0,0.0,0.0,-0.2168284789644013,0.025889967637540454,-0.44660194174757284,-0.04854368932038835,-0.6148867313915858,-0.12297734627831715,-0.7508090614886731,-0.13592233009708737,-0.42718446601941745,-0.4045307443365696,-0.5631067961165048,-0.5598705501618123,-0.6440129449838188,-0.656957928802589,-0.7087378640776699,-0.7475728155339806,-0.31715210355987056,-0.4886731391585761,-0.4336569579288026,-0.6925566343042071,-0.511326860841424,-0.8187702265372169,-0.5792880258899676,-0.9255663430420712,-0.19093851132686085,-0.5242718446601942,-0.2686084142394822,-0.7443365695792881,-0.32038834951456313,-0.8802588996763754,-0.37540453074433655,-1.0,-0.04854368932038835,-0.517799352750809,-0.042071197411003236,-0.7022653721682848,-0.042071197411003236,-0.8284789644012945,-0.04854368932038835,-0.9514563106796117
0,0.0,0.0,-0.22188449848024316,0.0182370820668693,-0.44680851063829785,-0.06990881458966565,-0.6048632218844985,-0.1458966565349544,-0.7325227963525835,-0.15501519756838905,-0.43465045592705165,-0.41033434650455924,-0.574468085106383,-0.5683890577507599,-0.668693009118541,-0.662613981762918,-0.7477203647416414,-0.7477203647416414,-0.3252279635258359,-0.49848024316109424,-0.45288753799392095,-0.7021276595744681,-0.547112462006079,-0.8297872340425532,-0.6322188449848024,-0.9300911854103343,-0.19756838905775076,-0.5349544072948328,-0.2826747720364742,-0.7507598784194529,-0.3495440729483283,-0.8844984802431611,-0.42249240121580545,-1.0,-0.0547112462006079,-0.5288753799392097,-0.057750759878419454,-0.7142857142857143,-0.06990881458966565,-0.8449848024316109,-0.09422492401215805,-0.9635258358662614
0,0.0,0.0,-0.20930232558139536,0.0029069767441860465,-0.4069767441860465,-0.09011627906976744,-0.5406976744186046,-0.1744186046511628,-0.6598837209302325,-0.18604651162790697,-0.4011627906976744,-0.4273255813953488,-0.5319767441860465,-0.5755813953488372,-0.6162790697674418,-0.6598837209302325,-0.6918604651162791,-0.7354651162790697,-0.3081395348837209,-0.5058139534883721,-0.4331395348837209,-0.7034883720930233,-0.5261627906976745,-0.8197674418604651,-0.6104651162790697,-0.9156976744186046,-0.19767441860465115,-0.5348837209302325,-0.27906976744186046,-0.75,-0.3488372093023256,-0.8837209302325582,-0.4186046511627907,-1.0,-0.06686046511627906,-0.5261627906976745,-0.0755813953488372,-0.7063953488372093,-0.09593023255813954,-0.8343023255813954,-0.125,-0.9534883720930233
0,0.0,0.0,-0.19230769230769232,-0.046703296703296704,-0.33791208791208793,-0.15384615384615385,-0.42857142857142855,-0.23076923076923078,-0.5164835164835165,-0.27197802197802196,-0.32142857142857145,-0.4835164835164835,-0.41483516483516486,-0.6318681318681318,-0.49175824175824173,-0.7115384615384616,-0.5714285714285714,-0.7802197802197802,-0.23901098901098902,-0.5412087912087912,-0.32967032967032966,-0.7445054945054945,-0.4175824175824176,-0.8626373626373627,-0.5082417582417582,-0.9505494505494505,-0.14560439560439561,-0.5467032967032966,-0.20054945054945056,-0.7664835164835165,-0.26373626373626374,-0.8983516483516484,-0.33516483516483514,-1.0,-0.038461538461538464,-0.510989010989011,-0.04395604395604396,-0.7032967032967034,-0.07142857142857142,-0.8241758241758241,-0.11813186813186813,-0.9313186813186813
0,0.0,0.0,-0.19845360824742267,-0.09020618556701031,-0.27835051546391754,-0.22164948453608246,-0.3402061855670103,-0.29896907216494845,-0.3917525773195876,-0.3711340206185567,-0.23711340206185566,-0.5309278350515464,-0.29381443298969073,-0.6881443298969072,-0.3634020618556701,-0.770618556701031,-0.4381443298969072,-0.8350515463917526,-0.17783505154639176,-0.5618556701030928,-0.2268041237113402,-0.7757731958762887,-0.3015463917525773,-0.8917525773195877,-0.37628865979381443,-0.9664948453608248,-0.11597938144329897,-0.5489690721649485,-0.13917525773195877,-0.7731958762886598,-0.19329896907216496,-0.8994845360824743,-0.25257731958762886,-1.0,-0.04896907216494845,-0.5,-0.04896907216494845,-0.6907216494845361,-0.07474226804123711,-0.8118556701030928,-0.1134020618556701,-0.9201030927835051
0,0.0,0.0,-0.2,-0.14358974358974358,-0.2641025641025641,-0.28974358974358977,-0.3153846153846154,-0.3717948717948718,-0.36153846153846153,-0.441025641025641,-0.2153846153846154,-0.5564102564102564,-0.2692307692307692,-0.7256410256410256,-0.33589743589743587,-0.8179487179487179,-0.40512820512820513,-0.8923076923076924,-0.16923076923076924,-0.5717948717948718,-0.24102564102564103,-0.7871794871794872,-0.31794871794871793,-0.9025641025641026,-0.3974358974358974,-0.9871794871794872,-0.12307692307692308,-0.5512820512820513,-0.1717948717948718,-0.7769230769230769,-0.2358974358974359,-0.8974358974358975,-0.30512820512820515,-1.0,-0.07179487179487179,-0.5153846153846153,-0.08974358974358974,-0.7025641025641025,-0.12564102564102564,-0.823076923076923,-0.1717948717948718,-0.9333333333333333
0,0.0,0.0,-0.1187648456057007,-0.18527315914489312,-0.14726840855106887,-0.37292161520190026,-0.16389548693586697,-0.503562945368171,-0.1828978622327791,-0.6128266033254157,-0.014251781472684086,-0.501187648456057,-0.09738717339667459,-0.7125890736342043,-0.1828978622327791,-0.8551068883610451,-0.2589073634204275,-0.9643705463182898,0.009501187648456057,-0.48931116389548696,-0.1021377672209026,-0.7434679334916865,-0.2042755344418052,-0.8931116389548693,-0.2921615201900237,-1.0,-0.004750593824228029,-0.44655581947743467,-0.0997624703087886,-0.6912114014251781,-0.19239904988123516,-0.833729216152019,-0.27315914489311166,-0.9382422802850356,-0.0498812351543943,-0.3847980997624703,-0.0997624703087886,-0.5510688836104513,-0.1543942992874109,-0.669833729216152,-0.20665083135391923,-0.7743467933491687
0,0.0,0.0,-0.02088167053364269,-0.2088167053364269,-0.048723897911832945,-0.40835266821345706,-0.07424593967517401,-0.5591647331786543,-0.12064965197215777,-0.665893271461717,0.030162412993039442,-0.48491879350348027,-0.048723897911832945,-0.7262180974477959,-0.13921113689095127,-0.8677494199535963,-0.22041763341067286,-0.9675174013921114,0.03480278422273782,-0.46635730858468677,-0.05568445475638051,-0.7494199535962877,-0.15081206496519722,-0.9025522041763341,-0.23433874709976799,-1.0,-0.01160092807424594,-0.41531322505800466,-0.09048723897911833,-0.7006960556844548,-0.18097447795823665,-0.8538283062645011,-0.25986078886310904,-0.9582366589327146,-0.10440835266821345,-0.3480278422273782,-0.17865429234338748,-0.5475638051044084,-0.24361948955916474,-0.6682134570765661,-0.3062645011600928,-0.7587006960556845
0,0.0,0.0,-0.01699029126213592,-0.22330097087378642,-0.02669902912621359,-0.41262135922330095,-0.03640776699029126,-0.5606796116504854,-0.06796116504854369,-0.6674757281553398,0.05339805825242718,-0.4975728155339806,-0.024271844660194174,-0.7378640776699029,-0.10679611650485436,-0.8713592233009708,-0.18446601941747573,-0.9635922330097088,0.0412621359223301,-0.46601941747572817,-0.055825242718446605,-0.75,-0.1553398058252427,-0.9004854368932039,-0.24514563106796117,-1.0,-0.012135922330097087,-0.4077669902912621,-0.11650485436893204,-0.6771844660194175,-0.2087378640776699,-0.8276699029126213,-0.28398058252427183,-0.9344660194174758,-0.10436893203883495,-0.33495145631067963,-0.1941747572815534,-0.5339805825242718,-0.2621359223300971,-0.6456310679611651,-0.3276699029126214,-0.7378640776699029
0,0.0,0.0,0.05141388174807198,-0.20822622107969152,0.038560411311053984,-0.40359897172236503,0.010282776349614395,-0.5526992287917738,-0.03598971722365039,-0.6529562982005142,0.06940874035989718,-0.4704370179948586,-0.005141388174807198,-0.7300771208226221,-0.07969151670951156,-0.87146529562982,-0.15167095115681234,-0.9665809768637532,0.03598971722365039,-0.43444730077120824,-0.05398457583547558,-0.7275064267352185,-0.15424164524421594,-0.8894601542416453,-0.2416452442159383,-1.0,-0.033419023136246784,-0.37017994858611825,-0.12853470437017994,-0.6529562982005142,-0.2185089974293059,-0.8097686375321337,-0.2930591259640103,-0.9254498714652957,-0.13367609254498714,-0.2930591259640103,-0.2365038560411311,-0.48586118251928023,-0.3110539845758355,-0.6041131105398457,-0.37532133676092544,-0.7069408740359897
0,0.0,0.0,0.09424083769633508,-0.16753926701570682,0.112565445026178,-0.35340314136125656,0.09162303664921466,-0.5052356020942408,0.03664921465968586,-0.6020942408376964,0.12041884816753927,-0.4424083769633508,0.06282722513089005,-0.7094240837696335,-0.013089005235602094,-0.8534031413612565,-0.08376963350785341,-0.9581151832460733,0.0549738219895288,-0.4083769633507853,-0.020942408376963352,-0.7094240837696335,-0.11518324607329843,-0.8821989528795812,-0.19895287958115182,-1.0,-0.041884816753926704,-0.3507853403141361,-0.13089005235602094,-0.6465968586387435,-0.21465968586387435,-0.806282722513089,-0.28272251308900526,-0.9214659685863874,-0.15706806282722513,-0.2801047120418848,-0.2670157068062827,-0.4712041884816754,-0.34293193717277487,-0.5837696335078534,-0.40575916230366493,-0.680628272251309
0,0.0,0.0,0.12239583333333333,-0.15885416666666666,0.17708333333333334,-0.3203125,0.21354166666666666,-0.453125,0.2786458333333333,-0.5260416666666666,0.125,-0.4348958333333333,0.09635416666666667,-0.6953125,0.03125,-0.8359375,-0.0234375,-0.9322916666666666,0.036458333333333336,-0.40625,-0.026041666666666668,-0.7083333333333334,-0.10677083333333333,-0.8776041666666666,-0.16666666666666666,-1.0,-0.07291666666666667,-0.3489583333333333,-0.1484375,-0.6354166666666666,-0.22135416666666666,-0.7942708333333334,-0.2708333333333333,-0.9192708333333334,-0.1953125,-0.2630208333333333,-0.2942708333333333,-0.4609375,-0.3619791666666667,-0.5729166666666666,-0.4166666666666667,-0.6744791666666666
0,0.0,0.0,0.14985590778097982,-0.14697406340057637,0.2420749279538905,-0.30835734870317005,0.31412103746397696,-0.4409221902017291,0.3919308357348703,-0.5187319884726225,0.12968299711815562,-0.44668587896253603,0.10086455331412104,-0.7089337175792507,0.043227665706051875,-0.8501440922190202,-0.008645533141210375,-0.9423631123919308,0.011527377521613832,-0.42363112391930835,-0.05475504322766571,-0.7204610951008645,-0.11815561959654179,-0.8876080691642652,-0.17579250720461095,-1.0,-0.11239193083573487,-0.3659942363112392,-0.2017291066282421,-0.6368876080691642,-0.2680115273775216,-0.7953890489913544,-0.31988472622478387,-0.9077809798270894,-0.23631123919308358,-0.2881844380403458,-0.34870317002881845,-0.4755043227665706,-0.4207492795389049,-0.5850144092219021,-0.4812680115273775,-0.6801152737752162
0,0.0,0.0,0.17579250720461095,-0.1440922190201729,0.2824207492795389,-0.3025936599423631,0.3688760806916426,-0.43804034582132567,0.4610951008645533,-0.521613832853026,0.13544668587896252,-0.4783861671469741,0.11527377521613832,-0.7319884726224783,0.06340057636887608,-0.8703170028818443,0.005763688760806916,-0.9596541786743515,-0.008645533141210375,-0.4610951008645533,-0.069164265129683,-0.7377521613832853,-0.12680115273775217,-0.8962536023054755,-0.1786743515850144,-1.0,-0.1440922190201729,-0.40634005763688763,-0.22478386167146974,-0.6570605187319885,-0.2824207492795389,-0.8040345821325648,-0.3256484149855908,-0.9048991354466859,-0.25936599423631124,-0.3285302593659942,-0.3688760806916426,-0.49855907780979825,-0.43515850144092216,-0.6023054755043228,-0.484149855907781,-0.69164265129683
0,0.0,0.0,0.19130434782608696,-0.13333333333333333,0.3101449275362319,-0.28405797101449276,0.41739130434782606,-0.4289855072463768,0.5304347826086957,-0.5101449275362319,0.1246376811594203,-0.48985507246376814,0.11594202898550725,-0.744927536231884,0.07536231884057971,-0.8782608695652174,0.028985507246376812,-0.9652173913043478,-0.028985507246376812,-0.4753623188405797,-0.07536231884057971,-0.7478260869565218,-0.12173913043478261,-0.9014492753623189,-0.16231884057971013,-1.0,-0.15942028985507245,-0.42318840579710143,-0.2289855072463768,-0.663768115942029,-0.2753623188405797,-0.8057971014492754,-0.3130434782608696,-0.9043478260869565,-0.2608695652173913,-0.3536231884057971,-0.36231884057971014,-0.5159420289855072,-0.42028985507246375,-0.6144927536231884,-0.4579710144927536,-0.7014492753623188
0,0.0,0.0,0.19578313253012047,-0.12951807228915663,0.32831325301204817,-0.26506024096385544,0.4427710843373494,-0.4036144578313253,0.5602409638554217,-0.4819277108433735,0.12349397590361445,-0.49096385542168675,0.12650602409638553,-0.7469879518072289,0.10240963855421686,-0.8795180722891566,0.07228915662650602,-0.9728915662650602,-0.030120481927710843,-0.4819277108433735,-0.06325301204819277,-0.7530120481927711,-0.09939759036144578,-0.9006024096385542,-0.12951807228915663,-1.0,-0.15963855421686746,-0.4367469879518072,-0.21686746987951808,-0.677710843373494,-0.2560240963855422,-0.8132530120481928,-0.28313253012048195,-0.9066265060240963,-0.2620481927710843,-0.37349397590361444,-0.35240963855421686,-0.5331325301204819,-0.4006024096385542,-0.6325301204819277,-0.43373493975903615,-0.7198795180722891
0,0.0,0.0,0.19873817034700317,-0.12933753943217666,0.33753943217665616,-0.2555205047318612,0.45741324921135645,-0.3911671924290221,0.5741324921135647,-0.4637223974763407,0.12933753943217666,-0.4889589905362776,0.13249211356466878,-0.7444794952681388,0.11356466876971609,-0.8769716088328076,0.0914826498422713,-0.9684542586750788,-0.031545741324921134,-0.48580441640378547,-0.056782334384858045,-0.7539432176656151,-0.08201892744479496,-0.9022082018927445,-0.10410094637223975,-1.0,-0.1640378548895899,-0.4416403785488959,-0.2113564668769716,-0.6782334384858044,-0.24290220820189273,-0.8138801261829653,-0.26498422712933756,-0.9085173501577287,-0.26813880126182965,-0.3753943217665615,-0.3470031545741325,-0.5362776025236593,-0.3911671924290221,-0.637223974763407,-0.4195583596214511,-0.7255520504731862
0,0.0,0.0,0.19934640522875818,-0.12091503267973856,0.3366013071895425,-0.24183006535947713,0.4542483660130719,-0.3758169934640523,0.5751633986928104,-0.45098039215686275,0.12745098039215685,-0.49019607843137253,0.1437908496732026,-0.7418300653594772,0.13398692810457516,-0.869281045751634,0.12091503267973856,-0.9575163398692811,-0.026143790849673203,-0.4934640522875817,-0.0457516339869281,-0.7647058823529411,-0.06209150326797386,-0.9052287581699346,-0.07516339869281045,-1.0,-0.1568627450980392,-0.4542483660130719,-0.19934640522875818,-0.6895424836601307,-0.2222222222222222,-0.8104575163398693,-0.23529411764705882,-0.8921568627450981,-0.2581699346405229,-0.3888888888888889,-0.32679738562091504,-0.5490196078431373,-0.3627450980392157,-0.6470588235294118,-0.3790849673202614,-0.7320261437908496
0,0.0,0.0,0.2140468227424749,-0.09698996655518395,0.35451505016722407,-0.21070234113712374,0.4983277591973244,-0.33444816053511706,0.6354515050167224,-0.4013377926421405,0.17391304347826086,-0.4782608695652174,0.2040133779264214,-0.7391304347826086,0.20735785953177258,-0.8762541806020067,0.20735785953177258,-0.9632107023411371,0.010033444816053512,-0.48494983277591974,0.006688963210702341,-0.7591973244147158,0.0,-0.9063545150501672,0.0,-1.0,-0.12709030100334448,-0.45484949832775917,-0.14715719063545152,-0.6956521739130435,-0.15719063545150502,-0.8294314381270903,-0.1605351170568562,-0.919732441471572,-0.22742474916387959,-0.3979933110367893,-0.27759197324414714,-0.5585284280936454,-0.3010033444816054,-0.6555183946488294,-0.3076923076923077,-0.7324414715719063
0,0.0,0.0,0.2053872053872054,-0.10437710437710437,0.3434343434343434,-0.2222222222222222,0.48148148148148145,-0.3501683501683502,0.6161616161616161,-0.4208754208754209,0.13804713804713806,-0.4781144781144781,0.16161616161616163,-0.7306397306397306,0.16498316498316498,-0.8585858585858586,0.16498316498316498,-0.9427609427609428,-0.02356902356902357,-0.48484848484848486,-0.03367003367003367,-0.7643097643097643,-0.03367003367003367,-0.9057239057239057,-0.030303030303030304,-1.0,-0.15151515151515152,-0.45454545454545453,-0.18855218855218855,-0.696969696969697,-0.19865319865319866,-0.8181818181818182,-0.19865319865319866,-0.8956228956228957,-0.24579124579124578,-0.3939393939393939,-0.30303030303030304,-0.5622895622895623,-0.3265993265993266,-0.6565656565656566,-0.3367003367003367,-0.7306397306397306
0,0.0,0.0,0.2078853046594982,-0.12186379928315412,0.36200716845878134,-0.25089605734767023,0.4731182795698925,-0.3763440860215054,0.5806451612903226,-0.4444444444444444,0.16129032258064516,-0.4982078853046595,0.15770609318996415,-0.7526881720430108,0.14695340501792115,-0.8781362007168458,0.13620071684587814,-0.953405017921147,-0.007168458781362007,-0.4982078853046595,-0.03942652329749104,-0.7741935483870968,-0.05734767025089606,-0.9139784946236559,-0.07168458781362007,-1.0,-0.15053763440860216,-0.45878136200716846,-0.1935483870967742,-0.7096774193548387,-0.21505376344086022,-0.8422939068100358,-0.22580645161290322,-0.9247311827956989,-0.26881720430107525,-0.3906810035842294,-0.34767025089605735,-0.5698924731182796,-0.3835125448028674,-0.6738351254480287,-0.4014336917562724,-0.7562724014336918
0,0.0,0.0,0.17279411764705882,-0.15441176470588236,0.2757352941176471,-0.3088235294117647,0.35661764705882354,-0.4485294117647059,0.4375,-0.5183823529411765,0.09191176470588236,-0.5147058823529411,0.05514705882352941,-0.7720588235294118,0.0,-0.8897058823529411,-0.051470588235294115,-0.9485294117647058,-0.04044117647058824,-0.5036764705882353,-0.10661764705882353,-0.7867647058823529,-0.17647058823529413,-0.9227941176470589,-0.22794117647058823,-1.0,-0.17279411764705882,-0.4485294117647059,-0.2647058823529412,-0.7095588235294118,-0.33088235294117646,-0.8455882352941176,-0.3786764705882353,-0.9301470588235294,-0.29411764705882354,-0.3639705882352941,-0.40808823529411764,-0.5367647058823529,-0.4742647058823529,-0.6360294117647058,-0.5257352941176471,-0.7205882352941176
0,0.0,0.0,0.1647940074906367,-0.16104868913857678,0.250936329588015,-0.32209737827715357,0.31086142322097376,-0.45692883895131087,0.3707865168539326,-0.5355805243445693,0.07116104868913857,-0.5318352059925093,0.026217228464419477,-0.7715355805243446,-0.03745318352059925,-0.8838951310861424,-0.09363295880149813,-0.947565543071161,-0.0599250936329588,-0.5131086142322098,-0.1348314606741573,-0.7827715355805244,-0.20973782771535582,-0.9176029962546817,-0.2696629213483146,-1.0,-0.18352059925093633,-0.45318352059925093,-0.2808988764044944,-0.704119850187266,-0.352059925093633,-0.8426966292134831,-0.40823970037453183,-0.9400749063670412,-0.30337078651685395,-0.35580524344569286,-0.42696629213483145,-0.5318352059925093,-0.5093632958801498,-0.6292134831460674,-0.5730337078651685,-0.7116104868913857
0,0.0,0.0,0.09266409266409266,-0.20077220077220076,0.10424710424710425,-0.3783783783783784,0.08494208494208494,-0.4980694980694981,0.04633204633204633,-0.5598455598455598,0.04247104247104247,-0.525096525096525,-0.03088803088803089,-0.7606177606177607,-0.11196911196911197,-0.8725868725868726,-0.1891891891891892,-0.9382239382239382,-0.05019305019305019,-0.5135135135135135,-0.1583011583011583,-0.7953667953667953,-0.2625482625482625,-0.9227799227799228,-0.3552123552123552,-1.0,-0.1583011583011583,-0.46332046332046334,-0.28185328185328185,-0.7374517374517374,-0.3745173745173745,-0.8648648648648649,-0.4517374517374517,-0.9498069498069498,-0.2857142857142857,-0.3745173745173745,-0.416988416988417,-0.5791505791505791,-0.5057915057915058,-0.6872586872586872,-0.5868725868725869,-0.7722007722007722
0,0.0,0.0,-0.12260536398467432,-0.21455938697318008,-0.12643678160919541,-0.40229885057471265,-0.13026819923371646,-0.5363984674329502,-0.13793103448275862,-0.6628352490421456,0.07279693486590039,-0.5019157088122606,0.038314176245210725,-0.7318007662835249,-0.0421455938697318,-0.8735632183908046,-0.13026819923371646,-0.9770114942528736,0.10727969348659004,-0.49808429118773945,0.0421455938697318,-0.7701149425287356,-0.06896551724137931,-0.9157088122605364,-0.1724137931034483,-1.0,0.09578544061302682,-0.47509578544061304,0.0421455938697318,-0.7394636015325671,-0.07662835249042145,-0.8773946360153256,-0.18773946360153257,-0.9578544061302682,0.04980842911877394,-0.4482758620689655,0.01532567049808429,-0.6590038314176245,-0.06896551724137931,-0.7662835249042146,-0.15708812260536398,-0.8314176245210728
0,0.0,0.0,-0.16728624535315986,-0.09665427509293681,-0.24535315985130113,-0.23048327137546468,-0.2899628252788104,-0.31970260223048325,-0.30855018587360594,-0.38661710037174724,-0.12639405204460966,-0.5278810408921933,-0.1821561338289963,-0.6802973977695167,-0.24907063197026022,-0.7620817843866171,-0.31226765799256506,-0.828996282527881,-0.055762081784386616,-0.5576208178438662,-0.08921933085501858,-0.7620817843866171,-0.1449814126394052,-0.8847583643122676,-0.20817843866171004,-0.9814126394052045,0.01858736059479554,-0.5464684014869888,0.011152416356877323,-0.758364312267658,-0.01858736059479554,-0.8884758364312267,-0.055762081784386616,-1.0,0.08550185873605948,-0.5018587360594795,0.10408921933085502,-0.6691449814126395,0.09293680297397769,-0.7843866171003717,0.07063197026022305,-0.8921933085501859
0,0.0,0.0,-0.16666666666666666,-0.08518518518518518,-0.27037037037037037,-0.2222222222222222,-0.32222222222222224,-0.31851851851851853,-0.37777777777777777,-0.3814814814814815,-0.15555555555555556,-0.5296296296296297,-0.21851851851851853,-0.6851851851851852,-0.2777777777777778,-0.7703703703703704,-0.337037037037037,-0.8444444444444444,-0.06666666666666667,-0.5666666666666667,-0.1037037037037037,-0.7703703703703704,-0.15185185185185185,-0.8925925925925926,-0.2037037037037037,-0.9851851851851852,0.018518518518518517,-0.5555555555555556,0.014814814814814815,-0.762962962962963,-0.011111111111111112,-0.8925925925925926,-0.04814814814814815,-1.0,0.1,-0.5074074074074074,0.12222222222222222,-0.674074074074074,0.11851851851851852,-0.7851851851851852,0.1037037037037037,-0.8888888888888888
0,0.0,0.0,-0.16363636363636364,-0.08363636363636363,-0.28363636363636363,-0.22181818181818183,-0.3527272727272727,-0.32,-0.4290909090909091,-0.3709090909090909,-0.1709090909090909,-0.52,-0.24363636363636362,-0.6763636363636364,-0.3018181818181818,-0.7672727272727272,-0.3527272727272727,-0.8472727272727273,-0.07272727272727272,-0.5563636363636364,-0.11272727272727273,-0.7636363636363637,-0.15636363636363637,-0.8836363636363637,-0.2,-0.9818181818181818,0.02909090909090909,-0.5454545454545454,0.02181818181818182,-0.7527272727272727,0.0,-0.8836363636363637,-0.03272727272727273,-1.0,0.13090909090909092,-0.49454545454545457,0.15272727272727274,-0.6618181818181819,0.15272727272727274,-0.7709090909090909,0.14181818181818182,-0.8727272727272727
0,0.0,0.0,-0.19622641509433963,-0.052830188679245285,-0.3660377358490566,-0.17358490566037735,-0.4830188679245283,-0.27169811320754716,-0.6037735849056604,-0.3132075471698113,-0.2490566037735849,-0.4867924528301887,-0.33584905660377357,-0.6566037735849056,-0.38113207547169814,-0.7622641509433963,-0.41132075471698115,-0.8566037735849057,-0.13584905660377358,-0.5358490566037736,-0.19245283018867926,-0.7471698113207547,-0.22264150943396227,-0.879245283018868,-0.2490566037735849,-0.9811320754716981,-0.007547169811320755,-0.5358490566037736,-0.026415094339622643,-0.7471698113207547,-0.04150943396226415,-0.8830188679245283,-0.06415094339622641,-1.0,0.12452830188679245,-0.49433962264150944,0.17358490566037735,-0.6566037735849056,0.18867924528301888,-0.769811320754717,0.18867924528301888,-0.8716981132075472
0,0.0,0.0,-0.2109375,-0.0390625,-0.3984375,-0.1484375,-0.5390625,-0.234375,-0.66796875,-0.2734375,-0.296875,-0.48046875,-0.39453125,-0.65234375,-0.4453125,-0.76171875,-0.484375,-0.859375,-0.1796875,-0.53125,-0.24609375,-0.75,-0.2890625,-0.88671875,-0.32421875,-0.99609375,-0.046875,-0.5390625,-0.07421875,-0.75,-0.09765625,-0.88671875,-0.125,-1.0,0.08984375,-0.50390625,0.12890625,-0.66796875,0.140625,-0.78515625,0.140625,-0.890625
0,0.0,0.0,-0.20866141732283464,-0.027559055118110236,-0.39763779527559057,-0.13385826771653545,-0.547244094488189,-0.22440944881889763,-0.6732283464566929,-0.27165354330708663,-0.3110236220472441,-0.468503937007874,-0.41338582677165353,-0.6496062992125984,-0.47244094488188976,-0.7559055118110236,-0.5078740157480315,-0.8543307086614174,-0.19291338582677164,-0.5275590551181102,-0.2637795275590551,-0.7440944881889764,-0.30708661417322836,-0.8818897637795275,-0.3425196850393701,-0.9960629921259843,-0.05905511811023622,-0.5354330708661418,-0.09448818897637795,-0.7480314960629921,-0.11811023622047244,-0.8818897637795275,-0.14566929133858267,-1.0,0.07874015748031496,-0.5039370078740157,0.11811023622047244,-0.6732283464566929,0.12992125984251968,-0.7874015748031497,0.13385826771653545,-0.8976377952755905
0,0.0,0.0,-0.23387096774193547,-0.008064516129032258,-0.45564516129032256,-0.10080645161290322,-0.6370967741935484,-0.1693548387096774,-0.7903225806451613,-0.1814516129032258,-0.4032258064516129,-0.45161290322580644,-0.5282258064516129,-0.6370967741935484,-0.592741935483871,-0.7580645161290323,-0.6370967741935484,-0.8588709677419355,-0.28225806451612906,-0.5201612903225806,-0.3870967741935484,-0.7338709677419355,-0.4435483870967742,-0.8709677419354839,-0.4879032258064516,-0.9838709677419355,-0.14112903225806453,-0.5443548387096774,-0.2056451612903226,-0.7540322580645161,-0.24193548387096775,-0.8870967741935484,-0.2782258064516129,-1.0,0.016129032258064516,-0.5241935483870968,0.04032258064516129,-0.6975806451612904,0.05241935483870968,-0.8064516129032258,0.056451612903225805,-0.9112903225806451
0,0.0,0.0,-0.16151202749140894,-0.12714776632302405,-0.2508591065292096,-0.31958762886597936,-0.30584192439862545,-0.46048109965635736,-0.35051546391752575,-0.563573883161512,-0.027491408934707903,-0.5670103092783505,0.006872852233676976,-0.7560137457044673,0.037800687285223365,-0.8762886597938144,0.07216494845360824,-0.9759450171821306,0.10652920962199312,-0.5567010309278351,0.16151202749140894,-0.7663230240549829,0.1958762886597938,-0.8934707903780069,0.2268041237113402,-1.0,0.22336769759450173,-0.5051546391752577,0.3230240549828179,-0.6907216494845361,0.38831615120274915,-0.8109965635738832,0.436426116838488,-0.9175257731958762,0.32989690721649484,-0.39862542955326463,0.4742268041237113,-0.49828178694158076,0.5567010309278351,-0.5601374570446735,0.6219931271477663,-0.6116838487972509
0,0.0,0.0,-0.15112540192926044,-0.16720257234726688,-0.21221864951768488,-0.3729903536977492,-0.26366559485530544,-0.5337620578778135,-0.3054662379421222,-0.6655948553054662,0.08038585209003216,-0.5980707395498392,0.14469453376205788,-0.7909967845659164,0.19935691318327975,-0.9067524115755627,0.2540192926045016,-1.0,0.2347266881028939,-0.5530546623794212,0.3408360128617363,-0.7556270096463023,0.40836012861736337,-0.8842443729903537,0.4662379421221865,-0.9935691318327974,0.3536977491961415,-0.4630225080385852,0.5016077170418006,-0.6205787781350482,0.6012861736334405,-0.7266881028938906,0.6816720257234726,-0.8263665594855305,0.43729903536977494,-0.3311897106109325,0.6012861736334405,-0.40836012861736337,0.6816720257234726,-0.4630225080385852,0.6816720257234726,-0.5176848874598071
0,0.0,0.0,-0.1712538226299694,-0.08868501529051988,-0.3058103975535168,-0.22935779816513763,-0.382262996941896,-0.327217125382263,-0.4617737003058104,-0.3761467889908257,-0.1437308868501529,-0.5321100917431193,-0.1743119266055046,-0.7308868501529052,-0.17737003058103976,-0.8593272171253823,-0.1743119266055046,-0.9602446483180428,-0.0030581039755351682,-0.5535168195718655,0.01529051987767584,-0.7706422018348624,0.03363914373088685,-0.8990825688073395,0.05504587155963303,-1.0,0.1345565749235474,-0.5168195718654435,0.19877675840978593,-0.7186544342507645,0.24464831804281345,-0.8532110091743119,0.2874617737003058,-0.9694189602446484,0.2599388379204893,-0.43425076452599387,0.3761467889908257,-0.5596330275229358,0.45565749235474007,-0.6452599388379205,0.5259938837920489,-0.72782874617737
0,0.0,0.0,-0.21630094043887146,-0.025078369905956112,-0.41379310344827586,-0.13479623824451412,-0.5611285266457681,-0.22884012539184953,-0.6865203761755486,-0.22884012539184953,-0.3448275862068966,-0.4890282131661442,-0.4263322884012539,-0.6614420062695925,-0.46394984326018807,-0.7774294670846394,-0.4827586206896552,-0.877742946708464,-0.23197492163009403,-0.542319749216301,-0.30407523510971785,-0.7460815047021944,-0.3322884012539185,-0.8714733542319749,-0.3448275862068966,-0.9780564263322884,-0.09717868338557993,-0.5517241379310345,-0.13479623824451412,-0.7586206896551724,-0.15047021943573669,-0.8871473354231975,-0.16300940438871472,-1.0,0.05642633228840126,-0.5172413793103449,0.12225705329153605,-0.677115987460815,0.16927899686520376,-0.7836990595611285,0.20689655172413793,-0.8808777429467085
0,0.0,0.0,-0.19254658385093168,0.12111801242236025,-0.40372670807453415,0.18322981366459629,-0.5807453416149069,0.2360248447204969,-0.7111801242236024,0.30124223602484473,-0.5900621118012422,-0.13975155279503104,-0.782608695652174,-0.21428571428571427,-0.9037267080745341,-0.2670807453416149,-1.0,-0.3167701863354037,-0.5434782608695652,-0.2701863354037267,-0.7453416149068323,-0.37577639751552794,-0.8664596273291926,-0.4440993788819876,-0.9658385093167702,-0.4937888198757764,-0.4440993788819876,-0.36645962732919257,-0.6118012422360248,-0.4968944099378882,-0.7049689440993789,-0.577639751552795,-0.7857142857142857,-0.6428571428571429,-0.3105590062111801,-0.43478260869565216,-0.38509316770186336,-0.577639751552795,-0.43478260869565216,-0.6708074534161491,-0.48757763975155277,-0.7546583850931677
0,0.0,0.0,-0.26714801444043323,0.039711191335740074,-0.4981949458483754,0.02527075812274368,-0.6823104693140795,0.010830324909747292,-0.8086642599277978,0.02888086642599278,-0.5703971119133574,-0.37545126353790614,-0.7292418772563177,-0.5018050541516246,-0.8122743682310469,-0.5703971119133574,-0.8808664259927798,-0.6425992779783394,-0.48014440433212996,-0.48375451263537905,-0.6425992779783394,-0.6534296028880866,-0.7364620938628159,-0.7509025270758123,-0.8086642599277978,-0.8411552346570397,-0.36823104693140796,-0.5523465703971119,-0.49458483754512633,-0.740072202166065,-0.5703971119133574,-0.851985559566787,-0.6425992779783394,-0.9494584837545126,-0.21660649819494585,-0.5812274368231047,-0.26353790613718414,-0.7689530685920578,-0.2996389891696751,-0.8916967509025271,-0.33935018050541516,-1.0
0,0.0,0.0,-0.2328767123287671,0.02054794520547945,-0.4554794520547945,-0.03767123287671233,-0.6232876712328768,-0.0958904109589041,-0.7431506849315068,-0.09931506849315068,-0.4383561643835616,-0.4178082191780822,-0.5684931506849316,-0.5616438356164384,-0.6472602739726028,-0.6575342465753424,-0.708904109589041,-0.7397260273972602,-0.339041095890411,-0.5102739726027398,-0.4691780821917808,-0.702054794520548,-0.547945205479452,-0.815068493150685,-0.6095890410958904,-0.910958904109589,-0.2191780821917808,-0.5547945205479452,-0.3116438356164384,-0.7636986301369864,-0.3801369863013699,-0.8938356164383562,-0.4383561643835616,-1.0,-0.07876712328767123,-0.5547945205479452,-0.07876712328767123,-0.726027397260274,-0.09246575342465753,-0.8356164383561644,-0.11986301369863013,-0.928082191780822
0,0.0,0.0,-0.20634920634920634,0.0,-0.4,-0.08253968253968254,-0.526984126984127,-0.15555555555555556,-0.6253968253968254,-0.17142857142857143,-0.3492063492063492,-0.4444444444444444,-0.4380952380952381,-0.6063492063492063,-0.49523809523809526,-0.7142857142857143,-0.5428571428571428,-0.8031746031746032,-0.24761904761904763,-0.5142857142857142,-0.326984126984127,-0.726984126984127,-0.3873015873015873,-0.8603174603174604,-0.43174603174603177,-0.9650793650793651,-0.1365079365079365,-0.5396825396825397,-0.18095238095238095,-0.7555555555555555,-0.21587301587301588,-0.8888888888888888,-0.2507936507936508,-1.0,-0.012698412698412698,-0.5206349206349207,0.006349206349206349,-0.707936507936508,0.006349206349206349,-0.8317460317460318,0.0,-0.9428571428571428
0,0.0,0.0,-0.22413793103448276,0.027586206896551724,-0.42758620689655175,-0.017241379310344827,-0.5655172413793104,-0.05862068965517241,-0.6758620689655173,-0.05862068965517241,-0.43103448275862066,-0.41379310344827586,-0.5551724137931034,-0.5620689655172414,-0.6275862068965518,-0.6586206896551724,-0.6862068965517242,-0.7448275862068966,-0.33793103448275863,-0.5,-0.4586206896551724,-0.7068965517241379,-0.5413793103448276,-0.8275862068965517,-0.603448275862069,-0.9241379310344827,-0.22413793103448276,-0.5413793103448276,-0.30689655172413793,-0.7620689655172413,-0.36551724137931035,-0.896551724137931,-0.4103448275862069,-1.0,-0.09655172413793103,-0.5482758620689655,-0.12413793103448276,-0.7413793103448276,-0.15172413793103448,-0.8655172413793103,-0.1793103448275862,-0.9724137931034482
0,0.0,0.0,-0.24110671936758893,0.13043478260869565,-0.4782608695652174,0.17391304347826086,-0.6521739130434783,0.1857707509881423,-0.7628458498023716,0.20948616600790515,-0.6086956521739131,-0.22529644268774704,-0.7944664031620553,-0.3201581027667984,-0.9090909090909091,-0.3794466403162055,-1.0,-0.43478260869565216,-0.5454545454545454,-0.3715415019762846,-0.7470355731225297,-0.5296442687747036,-0.849802371541502,-0.6205533596837944,-0.924901185770751,-0.6996047430830039,-0.4426877470355731,-0.4782608695652174,-0.6126482213438735,-0.6600790513833992,-0.6996047430830039,-0.766798418972332,-0.766798418972332,-0.857707509881423,-0.2964426877470356,-0.5533596837944664,-0.3794466403162055,-0.7351778656126482,-0.4308300395256917,-0.849802371541502,-0.48616600790513836,-0.9486166007905138
0,0.0,0.0,-0.13261648745519714,0.20430107526881722,-0.3225806451612903,0.3548387096774194,-0.4731182795698925,0.45878136200716846,-0.5842293906810035,0.5340501792114696,-0.5519713261648745,0.08243727598566308,-0.7562724014336918,0.08960573476702509,-0.8781362007168458,0.08243727598566308,-0.978494623655914,0.07168458781362007,-0.5412186379928315,-0.06093189964157706,-0.7634408602150538,-0.0931899641577061,-0.8960573476702509,-0.1111111111111111,-1.0,-0.12544802867383512,-0.4910394265232975,-0.1935483870967742,-0.6845878136200717,-0.25806451612903225,-0.8064516129032258,-0.2867383512544803,-0.910394265232975,-0.3118279569892473,-0.40860215053763443,-0.3154121863799283,-0.5412186379928315,-0.4121863799283154,-0.6344086021505376,-0.4659498207885305,-0.7204301075268817,-0.5161290322580645
0,0.0,0.0,-0.19776119402985073,0.022388059701492536,-0.40298507462686567,-0.06343283582089553,-0.5373134328358209,-0.12313432835820895,-0.6380597014925373,-0.11567164179104478,-0.4626865671641791,-0.4253731343283582,-0.6044776119402985,-0.5932835820895522,-0.7052238805970149,-0.6865671641791045,-0.7873134328358209,-0.7649253731343284,-0.3880597014925373,-0.48507462686567165,-0.5261194029850746,-0.7052238805970149,-0.6380597014925373,-0.832089552238806,-0.7388059701492538,-0.9291044776119403,-0.2873134328358209,-0.4962686567164179,-0.3843283582089552,-0.746268656716418,-0.4701492537313433,-0.8880597014925373,-0.5522388059701493,-1.0,-0.17537313432835822,-0.4626865671641791,-0.22014925373134328,-0.6455223880597015,-0.27611940298507465,-0.7611940298507462,-0.3283582089552239,-0.8656716417910447
0,0.0,0.0,-0.22522522522522523,0.13963963963963963,-0.45045045045045046,0.2072072072072072,-0.6351351351351351,0.24324324324324326,-0.7612612612612613,0.3108108108108108,-0.6351351351351351,-0.21171171171171171,-0.8198198198198198,-0.3063063063063063,-0.918918918918919,-0.3738738738738739,-1.0,-0.4369369369369369,-0.5675675675675675,-0.36486486486486486,-0.7657657657657657,-0.5225225225225225,-0.8693693693693694,-0.6126126126126126,-0.9459459459459459,-0.6981981981981982,-0.46396396396396394,-0.46846846846846846,-0.6216216216216216,-0.6576576576576577,-0.7117117117117117,-0.7792792792792793,-0.7837837837837838,-0.8828828828828829,-0.32882882882882886,-0.5405405405405406,-0.42792792792792794,-0.7207207207207207,-0.4864864864864865,-0.8423423423423423,-0.545045045045045,-0.954954954954955
0,0.0,0.0,-0.215311004784689,0.06220095693779904,-0.42105263157894735,0.05263157894736842,-0.5598086124401914,0.03349282296650718,-0.6507177033492823,0.009569377990430622,-0.5454545454545454,-0.3684210526315789,-0.7177033492822966,-0.5263157894736842,-0.8373205741626795,-0.6076555023923444,-0.9473684210526315,-0.6794258373205742,-0.48325358851674644,-0.4688995215311005,-0.6746411483253588,-0.6794258373205742,-0.8133971291866029,-0.8038277511961722,-0.9282296650717703,-0.8995215311004785,-0.39712918660287083,-0.5215311004784688,-0.5550239234449761,-0.7559808612440191,-0.6746411483253588,-0.8947368421052632,-0.7751196172248804,-1.0,-0.28708133971291866,-0.5358851674641149,-0.4019138755980861,-0.7129186602870813,-0.49282296650717705,-0.8229665071770335,-0.583732057416268,-0.9138755980861244
0,0.0,0.0,-0.22325581395348837,0.07906976744186046,-0.4418604651162791,0.10232558139534884,-0.6,0.13953488372093023,-0.7209302325581395,0.14883720930232558,-0.5767441860465117,-0.2837209302325581,-0.7767441860465116,-0.4,-0.8930232558139535,-0.4744186046511628,-1.0,-0.5441860465116279,-0.48372093023255813,-0.413953488372093,-0.6604651162790698,-0.6,-0.772093023255814,-0.7116279069767442,-0.8744186046511628,-0.8046511627906977,-0.35348837209302325,-0.49767441860465117,-0.4883720930232558,-0.7116279069767442,-0.5813953488372093,-0.8418604651162791,-0.6651162790697674,-0.9534883720930233,-0.2,-0.5395348837209303,-0.2651162790697674,-0.7348837209302326,-0.3116279069767442,-0.8558139534883721,-0.3674418604651163,-0.958139534883721
0,0.0,0.0,-0.225,0.10833333333333334,-0.45,0.15,-0.6291666666666667,0.16666666666666666,-0.7541666666666667,0.19166666666666668,-0.5625,-0.20416666666666666,-0.7708333333333334,-0.29583333333333334,-0.8958333333333334,-0.3541666666666667,-1.0,-0.4125,-0.4791666666666667,-0.3333333333333333,-0.6625,-0.4875,-0.7833333333333333,-0.575,-0.8833333333333333,-0.65,-0.35833333333333334,-0.4125,-0.49166666666666664,-0.5875,-0.5833333333333334,-0.6958333333333333,-0.6583333333333333,-0.7875,-0.2125,-0.4583333333333333,-0.26666666666666666,-0.6333333333333333,-0.3125,-0.7416666666666667,-0.3541666666666667,-0.8416666666666667
0,0.0,0.0,-0.2196969696969697,0.11742424242424243,-0.45454545454545453,0.16666666666666666,-0.625,0.20075757575757575,-0.7386363636363636,0.23863636363636365,-0.5681818181818182,-0.1590909090909091,-0.7765151515151515,-0.25,-0.8977272727272727,-0.3106060606060606,-1.0,-0.36363636363636365,-0.48863636363636365,-0.2840909090909091,-0.6742424242424242,-0.42803030303030304,-0.7954545454545454,-0.5113636363636364,-0.8901515151515151,-0.5795454545454546,-0.375,-0.3712121212121212,-0.5075757575757576,-0.5227272727272727,-0.5909090909090909,-0.6212121212121212,-0.6666666666666666,-0.7007575757575758,-0.23106060606060605,-0.42424242424242425,-0.2803030303030303,-0.5757575757575758,-0.3181818181818182,-0.6704545454545454,-0.3560606060606061,-0.7537878787878788
0,0.0,0.0,-0.2029520295202952,0.11070110701107011,-0.45018450184501846,0.16974169741697417,-0.6199261992619927,0.22509225092250923,-0.7306273062730627,0.2952029520295203,-0.5719557195571956,-0.1070110701107011,-0.7859778597785978,-0.1881918819188192,-0.9040590405904059,-0.25092250922509224,-1.0,-0.30996309963099633,-0.5129151291512916,-0.23985239852398524,-0.7158671586715867,-0.36900369003690037,-0.8339483394833949,-0.45387453874538747,-0.9261992619926199,-0.5239852398523985,-0.4059040590405904,-0.33579335793357934,-0.5535055350553506,-0.4944649446494465,-0.6383763837638377,-0.5940959409594095,-0.7158671586715867,-0.6715867158671587,-0.2656826568265683,-0.39114391143911437,-0.30996309963099633,-0.5424354243542435,-0.34317343173431736,-0.6420664206642066,-0.3800738007380074,-0.7269372693726938
0,0.0,0.0,-0.1991869918699187,0.10569105691056911,-0.44715447154471544,0.15853658536585366,-0.6260162601626016,0.21951219512195122,-0.7479674796747967,0.3008130081300813,-0.573170731707317,-0.15447154471544716,-0.7845528455284553,-0.23983739837398374,-0.9065040650406504,-0.3048780487804878,-1.0,-0.36585365853658536,-0.5040650406504065,-0.27235772357723576,-0.7032520325203252,-0.4105691056910569,-0.8170731707317073,-0.4959349593495935,-0.9065040650406504,-0.5772357723577236,-0.3902439024390244,-0.3617886178861789,-0.540650406504065,-0.5203252032520326,-0.6219512195121951,-0.6097560975609756,-0.6951219512195121,-0.6910569105691057,-0.25203252032520324,-0.4146341463414634,-0.3048780487804878,-0.5691056910569106,-0.33739837398373984,-0.6666666666666666,-0.3699186991869919,-0.7601626016260162
0,0.0,0.0,-0.2074688796680498,0.11203319502074689,-0.45228215767634855,0.16182572614107885,-0.6431535269709544,0.2157676348547718,-0.7800829875518672,0.2863070539419087,-0.5684647302904564,-0.1825726141078838,-0.7759336099585062,-0.27385892116182575,-0.9004149377593361,-0.34024896265560167,-1.0,-0.4066390041493776,-0.4896265560165975,-0.2946058091286307,-0.6846473029045643,-0.43568464730290457,-0.8008298755186722,-0.5269709543568465,-0.8962655601659751,-0.6016597510373444,-0.3775933609958506,-0.3775933609958506,-0.5145228215767634,-0.5228215767634855,-0.6016597510373444,-0.6182572614107884,-0.6846473029045643,-0.6970954356846473,-0.23236514522821577,-0.42738589211618255,-0.2821576763485477,-0.5726141078838174,-0.31950207468879666,-0.6680497925311203,-0.36099585062240663,-0.7593360995850622
0,0.0,0.0,-0.1857707509881423,0.09486166007905138,-0.38735177865612647,0.1422924901185771,-0.5533596837944664,0.1976284584980237,-0.6600790513833992,0.2845849802371542,-0.5454545454545454,-0.14624505928853754,-0.758893280632411,-0.22134387351778656,-0.8893280632411067,-0.2727272727272727,-1.0,-0.3201581027667984,-0.49407114624505927,-0.2648221343873518,-0.7075098814229249,-0.391304347826087,-0.8458498023715415,-0.466403162055336,-0.9644268774703557,-0.5296442687747036,-0.4031620553359684,-0.35177865612648224,-0.5770750988142292,-0.5019762845849802,-0.6877470355731226,-0.6047430830039525,-0.7905138339920948,-0.6877470355731226,-0.2766798418972332,-0.41106719367588934,-0.36363636363636365,-0.5573122529644269,-0.4268774703557312,-0.6600790513833992,-0.4901185770750988,-0.7509881422924901
0,0.0,0.0,-0.18407960199004975,-0.014925373134328358,-0.32338308457711445,-0.13432835820895522,-0.4228855721393035,-0.22885572139303484,-0.527363184079602,-0.29850746268656714,-0.417910447761194,-0.44776119402985076,-0.6268656716417911,-0.6019900497512438,-0.8009950248756219,-0.6915422885572139,-0.9502487562189055,-0.7611940298507462,-0.4129353233830846,-0.472636815920398,-0.6666666666666666,-0.6467661691542289,-0.845771144278607,-0.746268656716418,-1.0,-0.8208955223880597,-0.417910447761194,-0.44776119402985076,-0.6517412935323383,-0.6218905472636815,-0.8308457711442786,-0.7114427860696517,-0.9751243781094527,-0.7711442786069652,-0.42786069651741293,-0.3880597014925373,-0.6019900497512438,-0.5124378109452736,-0.7412935323383084,-0.572139303482587,-0.8656716417910447,-0.6169154228855721
0,0.0,0.0,-0.15846994535519127,-0.13114754098360656,-0.3005464480874317,-0.32786885245901637,-0.4098360655737705,-0.46994535519125685,-0.5245901639344263,-0.5737704918032787,-0.3442622950819672,-0.5300546448087432,-0.5628415300546448,-0.7158469945355191,-0.7540983606557377,-0.8360655737704918,-0.9234972677595629,-0.9234972677595629,-0.36065573770491804,-0.5409836065573771,-0.6229508196721312,-0.7650273224043715,-0.825136612021858,-0.8961748633879781,-1.0,-0.994535519125683,-0.3879781420765027,-0.5027322404371585,-0.644808743169399,-0.7213114754098361,-0.8360655737704918,-0.8524590163934426,-1.0,-0.9453551912568307,-0.4426229508196721,-0.41530054644808745,-0.639344262295082,-0.5737704918032787,-0.7923497267759563,-0.6721311475409836,-0.9180327868852459,-0.7486338797814208
0,0.0,0.0,-0.14659685863874344,-0.17801047120418848,-0.2774869109947644,-0.3612565445026178,-0.387434554973822,-0.49214659685863876,-0.49214659685863876,-0.581151832460733,-0.3507853403141361,-0.5340314136125655,-0.5759162303664922,-0.7172774869109948,-0.7643979057591623,-0.8429319371727748,-0.9267015706806283,-0.93717277486911,-0.3507853403141361,-0.5392670157068062,-0.6282722513089005,-0.7539267015706806,-0.8324607329842932,-0.8900523560209425,-0.9947643979057592,-0.9947643979057592,-0.38219895287958117,-0.4869109947643979,-0.6492146596858639,-0.7120418848167539,-0.8429319371727748,-0.8429319371727748,-1.0,-0.93717277486911,-0.43455497382198954,-0.387434554973822,-0.643979057591623,-0.5497382198952879,-0.8010471204188482,-0.6544502617801047,-0.9319371727748691,-0.7329842931937173
0,0.0,0.0,-0.2676056338028169,0.009389671361502348,-0.4084507042253521,-0.12206572769953052,-0.4835680751173709,-0.22065727699530516,-0.5586854460093896,-0.3051643192488263,-0.39436619718309857,-0.4788732394366197,-0.6150234741784038,-0.647887323943662,-0.7934272300469484,-0.7746478873239436,-0.9483568075117371,-0.8732394366197183,-0.3615023474178404,-0.5070422535211268,-0.6384976525821596,-0.6995305164319249,-0.8356807511737089,-0.8262910798122066,-1.0,-0.9389671361502347,-0.36619718309859156,-0.4694835680751174,-0.6384976525821596,-0.6713615023474179,-0.8356807511737089,-0.7934272300469484,-0.9906103286384976,-0.8967136150234741,-0.40375586854460094,-0.3755868544600939,-0.6103286384976526,-0.5305164319248826,-0.7605633802816901,-0.6197183098591549,-0.8873239436619719,-0.6948356807511737
0,0.0,0.0,-0.21844660194174756,-0.0048543689320388345,-0.3883495145631068,-0.13106796116504854,-0.470873786407767,-0.23300970873786409,-0.5339805825242718,-0.30097087378640774,-0.5388349514563107,-0.46116504854368934,-0.7038834951456311,-0.6504854368932039,-0.8398058252427184,-0.7572815533980582,-0.9660194174757282,-0.8349514563106796,-0.49514563106796117,-0.5,-0.6893203883495146,-0.7427184466019418,-0.8349514563106796,-0.8786407766990292,-0.9757281553398058,-0.9951456310679612,-0.42718446601941745,-0.5048543689320388,-0.6067961165048543,-0.7572815533980582,-0.7475728155339806,-0.8932038834951457,-0.883495145631068,-1.0,-0.3300970873786408,-0.47572815533980584,-0.46601941747572817,-0.6650485436893204,-0.587378640776699,-0.7718446601941747,-0.7087378640776699,-0.8592233009708737
0,0.0,0.0,-0.20087336244541484,0.017467248908296942,-0.38427947598253276,-0.05240174672489083,-0.5152838427947598,-0.1091703056768559,-0.6462882096069869,-0.13973799126637554,-0.4890829694323144,-0.4366812227074236,-0.6419213973799127,-0.5851528384279476,-0.7510917030567685,-0.6593886462882096,-0.8602620087336245,-0.7292576419213974,-0.43231441048034935,-0.4978165938864629,-0.5895196506550219,-0.7030567685589519,-0.7117903930131004,-0.8165938864628821,-0.8253275109170306,-0.9082969432314411,-0.34497816593886466,-0.5152838427947598,-0.4672489082969432,-0.7510917030567685,-0.5676855895196506,-0.8864628820960698,-0.6681222707423581,-1.0,-0.23580786026200873,-0.4847161572052402,-0.314410480349345,-0.6681222707423581,-0.3930131004366812,-0.7816593886462883,-0.4847161572052402,-0.8777292576419214
0,0.0,0.0,-0.19742489270386265,0.017167381974248927,-0.36909871244635195,-0.060085836909871244,-0.48497854077253216,-0.11587982832618025,-0.6008583690987125,-0.13733905579399142,-0.4892703862660944,-0.4291845493562232,-0.6351931330472103,-0.575107296137339,-0.7467811158798283,-0.648068669527897,-0.8497854077253219,-0.7167381974248928,-0.4334763948497854,-0.49356223175965663,-0.5836909871244635,-0.6995708154506438,-0.703862660944206,-0.8111587982832618,-0.8197424892703863,-0.9055793991416309,-0.34763948497854075,-0.5107296137339056,-0.45493562231759654,-0.7510729613733905,-0.5493562231759657,-0.8841201716738197,-0.6394849785407726,-1.0,-0.24034334763948498,-0.48068669527896996,-0.30042918454935624,-0.6652360515021459,-0.37339055793991416,-0.7811158798283262,-0.45493562231759654,-0.8798283261802575
0,0.0,0.0,-0.2076271186440678,0.00847457627118644,-0.3983050847457627,-0.05508474576271186,-0.5084745762711864,-0.1059322033898305,-0.6101694915254238,-0.11864406779661017,-0.5084745762711864,-0.4322033898305085,-0.6694915254237288,-0.5720338983050848,-0.7754237288135594,-0.6483050847457628,-0.8728813559322034,-0.7203389830508474,-0.4364406779661017,-0.5042372881355932,-0.597457627118644,-0.7033898305084746,-0.7161016949152542,-0.8135593220338984,-0.8220338983050848,-0.902542372881356,-0.3347457627118644,-0.5296610169491526,-0.4491525423728814,-0.7584745762711864,-0.5423728813559322,-0.8898305084745762,-0.6313559322033898,-1.0,-0.2076271186440678,-0.5042372881355932,-0.2711864406779661,-0.6822033898305084,-0.3389830508474576,-0.7923728813559322,-0.4110169491525424,-0.885593220338983
0,0.0,0.0,-0.22707423580786026,0.039301310043668124,-0.45414847161572053,-0.004366812227074236,-0.611353711790393,-0.0611353711790393,-0.7510917030567685,-0.0611353711790393,-0.5545851528384279,-0.40611353711790393,-0.7379912663755459,-0.5502183406113537,-0.8558951965065502,-0.6331877729257642,-0.9563318777292577,-0.7030567685589519,-0.462882096069869,-0.5021834061135371,-0.6375545851528385,-0.7030567685589519,-0.7554585152838428,-0.8209606986899564,-0.8558951965065502,-0.9126637554585153,-0.3406113537117904,-0.5458515283842795,-0.462882096069869,-0.7641921397379913,-0.5502183406113537,-0.8951965065502183,-0.6331877729257642,-1.0,-0.1965065502183406,-0.5414847161572053,-0.2445414847161572,-0.7074235807860262,-0.2838427947598253,-0.8165938864628821,-0.3318777292576419,-0.9170305676855895
0,0.0,0.0,-0.21428571428571427,0.04201680672268908,-0.44537815126050423,0.008403361344537815,-0.6092436974789915,-0.02100840336134454,-0.7436974789915967,0.0,-0.5168067226890757,-0.37815126050420167,-0.7016806722689075,-0.5168067226890757,-0.8109243697478992,-0.6050420168067226,-0.8949579831932774,-0.6848739495798319,-0.42016806722689076,-0.4831932773109244,-0.592436974789916,-0.680672268907563,-0.6974789915966386,-0.7983193277310925,-0.7815126050420168,-0.8949579831932774,-0.28991596638655465,-0.5378151260504201,-0.4117647058823529,-0.7563025210084033,-0.48739495798319327,-0.8907563025210085,-0.5630252100840336,-1.0,-0.13445378151260504,-0.5462184873949579,-0.17647058823529413,-0.726890756302521,-0.20588235294117646,-0.8445378151260504,-0.23949579831932774,-0.9495798319327731
0,0.0,0.0,-0.2231404958677686,0.04132231404958678,-0.4669421487603306,0.024793388429752067,-0.6487603305785123,0.024793388429752067,-0.78099173553719,0.06198347107438017,-0.5041322314049587,-0.3677685950413223,-0.6859504132231405,-0.5206611570247934,-0.7933884297520661,-0.6198347107438017,-0.871900826446281,-0.7107438016528925,-0.4049586776859504,-0.47107438016528924,-0.5661157024793388,-0.6776859504132231,-0.6652892561983471,-0.8057851239669421,-0.7396694214876033,-0.9090909090909091,-0.2727272727272727,-0.5289256198347108,-0.3884297520661157,-0.743801652892562,-0.45454545454545453,-0.8842975206611571,-0.512396694214876,-1.0,-0.11983471074380166,-0.5413223140495868,-0.1487603305785124,-0.71900826446281,-0.1652892561983471,-0.8429752066115702,-0.17768595041322313,-0.9545454545454546
0,0.0,0.0,-0.2324561403508772,0.06578947368421052,-0.49122807017543857,0.05701754385964912,-0.7017543859649122,0.05701754385964912,-0.8552631578947368,0.10964912280701754,-0.5614035087719298,-0.35964912280701755,-0.7587719298245614,-0.5219298245614035,-0.868421052631579,-0.6271929824561403,-0.9473684210526315,-0.7324561403508771,-0.4605263157894737,-0.4692982456140351,-0.631578947368421,-0.6842105263157895,-0.7324561403508771,-0.8201754385964912,-0.8070175438596491,-0.9298245614035088,-0.32456140350877194,-0.5307017543859649,-0.4517543859649123,-0.75,-0.5219298245614035,-0.8859649122807017,-0.5833333333333334,-1.0,-0.16666666666666666,-0.5526315789473685,-0.19736842105263158,-0.7412280701754386,-0.21052631578947367,-0.8640350877192983,-0.22807017543859648,-0.9780701754385965
0,0.0,0.0,-0.2183406113537118,0.09606986899563319,-0.4585152838427948,0.13537117903930132,-0.6550218340611353,0.1703056768558952,-0.7947598253275109,0.24890829694323144,-0.5851528384279476,-0.28820960698689957,-0.7947598253275109,-0.4279475982532751,-0.9082969432314411,-0.5327510917030568,-1.0,-0.6331877729257642,-0.5065502183406113,-0.4104803493449782,-0.7030567685589519,-0.6069868995633187,-0.8122270742358079,-0.7379912663755459,-0.8995633187772926,-0.8558951965065502,-0.38427947598253276,-0.4847161572052402,-0.537117903930131,-0.6899563318777293,-0.6244541484716157,-0.8253275109170306,-0.6943231441048034,-0.9432314410480349,-0.2314410480349345,-0.519650655021834,-0.28820960698689957,-0.6986899563318777,-0.314410480349345,-0.8253275109170306,-0.33624454148471616,-0.9388646288209607
0,0.0,0.0,-0.20444444444444446,0.09333333333333334,-0.4222222222222222,0.14666666666666667,-0.6044444444444445,0.19111111111111112,-0.7422222222222222,0.2577777777777778,-0.6,-0.28,-0.8088888888888889,-0.41333333333333333,-0.92,-0.52,-1.0,-0.6311111111111111,-0.5244444444444445,-0.41333333333333333,-0.7288888888888889,-0.6044444444444445,-0.84,-0.7333333333333333,-0.9244444444444444,-0.8488888888888889,-0.41333333333333333,-0.49333333333333335,-0.5777777777777777,-0.6933333333333334,-0.6711111111111111,-0.8266666666666667,-0.7422222222222222,-0.9422222222222222,-0.26222222222222225,-0.5288888888888889,-0.3288888888888889,-0.7066666666666667,-0.35555555555555557,-0.8311111111111111,-0.38666666666666666,-0.9377777777777778
0,0.0,0.0,-0.09405940594059406,0.10396039603960396,-0.21782178217821782,0.13861386138613863,-0.33663366336633666,0.17326732673267325,-0.4405940594059406,0.2722772277227723,-0.5099009900990099,-0.29207920792079206,-0.693069306930693,-0.45544554455445546,-0.7623762376237624,-0.599009900990099,-0.806930693069307,-0.7425742574257426,-0.47029702970297027,-0.4207920792079208,-0.6584158415841584,-0.6386138613861386,-0.7574257425742574,-0.801980198019802,-0.8217821782178217,-0.9554455445544554,-0.400990099009901,-0.4900990099009901,-0.5693069306930693,-0.7079207920792079,-0.6633663366336634,-0.8613861386138614,-0.7277227722772277,-1.0,-0.297029702970297,-0.5148514851485149,-0.3811881188118812,-0.7079207920792079,-0.4158415841584158,-0.8366336633663366,-0.4405940594059406,-0.9554455445544554
0,0.0,0.0,-0.06349206349206349,0.08465608465608465,-0.15343915343915343,0.10052910052910052,-0.2275132275132275,0.10582010582010581,-0.2962962962962963,0.21164021164021163,-0.5026455026455027,-0.2962962962962963,-0.6878306878306878,-0.4708994708994709,-0.7671957671957672,-0.6296296296296297,-0.8148148148148148,-0.783068783068783,-0.48148148148148145,-0.42857142857142855,-0.6878306878306878,-0.6402116402116402,-0.783068783068783,-0.8042328042328042,-0.8571428571428571,-0.9629629629629629,-0.41798941798941797,-0.5079365079365079,-0.6031746031746031,-0.708994708994709,-0.708994708994709,-0.8571428571428571,-0.7936507936507936,-1.0,-0.32275132275132273,-0.5343915343915344,-0.43386243386243384,-0.7195767195767195,-0.4708994708994709,-0.8518518518518519,-0.5026455026455027,-0.9735449735449735
0,0.0,0.0,-0.047619047619047616,0.07407407407407407,-0.12698412698412698,0.07936507936507936,-0.14814814814814814,0.0582010582010582,-0.1746031746031746,0.10052910052910052,-0.4656084656084656,-0.30687830687830686,-0.6243386243386243,-0.47619047619047616,-0.7037037037037037,-0.6349206349206349,-0.7513227513227513,-0.7883597883597884,-0.455026455026455,-0.43386243386243384,-0.6507936507936508,-0.6349206349206349,-0.746031746031746,-0.7883597883597884,-0.8201058201058201,-0.9365079365079365,-0.4021164021164021,-0.5079365079365079,-0.582010582010582,-0.6984126984126984,-0.6878306878306878,-0.8518518518518519,-0.7724867724867724,-1.0,-0.31746031746031744,-0.5396825396825397,-0.42328042328042326,-0.7248677248677249,-0.4656084656084656,-0.8571428571428571,-0.5026455026455027,-0.9841269841269841
0,0.0,0.0,0.029411764705882353,0.13529411764705881,-0.023529411764705882,0.19411764705882353,-0.0058823529411764705,0.17647058823529413,0.023529411764705882,0.15294117647058825,-0.4,-0.12352941176470589,-0.5294117647058824,-0.27058823529411763,-0.6,-0.4176470588235294,-0.6529411764705882,-0.5647058823529412,-0.43529411764705883,-0.3058823529411765,-0.6470588235294118,-0.5176470588235295,-0.7470588235294118,-0.7176470588235294,-0.8294117647058824,-0.9117647058823529,-0.4235294117647059,-0.4235294117647059,-0.6176470588235294,-0.6352941176470588,-0.7058823529411765,-0.8235294117647058,-0.7647058823529411,-1.0,-0.3764705882352941,-0.5,-0.5235294117647059,-0.6882352941176471,-0.6058823529411764,-0.8411764705882353,-0.6588235294117647,-0.9882352941176471
0,0.0,0.0,0.005917159763313609,0.15384615384615385,-0.0650887573964497,0.20118343195266272,-0.029585798816568046,0.17159763313609466,0.029585798816568046,0.11834319526627218,-0.44970414201183434,-0.1242603550295858,-0.5798816568047337,-0.2958579881656805,-0.6449704142011834,-0.4556213017751479,-0.6923076923076923,-0.6272189349112426,-0.48520710059171596,-0.3076923076923077,-0.6923076923076923,-0.5266272189349113,-0.7988165680473372,-0.7337278106508875,-0.8816568047337278,-0.9289940828402367,-0.46745562130177515,-0.4260355029585799,-0.6627218934911243,-0.6390532544378699,-0.757396449704142,-0.8224852071005917,-0.8224852071005917,-1.0,-0.4260355029585799,-0.4970414201183432,-0.5739644970414202,-0.6863905325443787,-0.6627218934911243,-0.8284023668639053,-0.727810650887574,-0.9704142011834319
0,0.0,0.0,-0.027777777777777776,0.09444444444444444,-0.1,0.12777777777777777,-0.09444444444444444,0.12222222222222222,-0.07777777777777778,0.07222222222222222,-0.5277777777777778,-0.2388888888888889,-0.65,-0.46111111111111114,-0.6944444444444444,-0.6611111111111111,-0.7111111111111111,-0.8444444444444444,-0.5388888888888889,-0.35,-0.7277777777777777,-0.5833333333333334,-0.8055555555555556,-0.8,-0.85,-1.0,-0.5166666666666667,-0.40555555555555556,-0.7055555555555556,-0.6277777777777778,-0.7888888888888889,-0.8111111111111111,-0.8333333333333334,-0.9888888888888889,-0.4777777777777778,-0.4388888888888889,-0.6333333333333333,-0.6166666666666667,-0.7166666666666667,-0.7555555555555555,-0.7611111111111111,-0.8888888888888888
0,0.0,0.0,0.015,0.01,0.005,-0.035,0.09,-0.09,0.205,-0.16,-0.315,-0.365,-0.405,-0.575,-0.415,-0.74,-0.41,-0.895,-0.35,-0.42,-0.48,-0.65,-0.53,-0.84,-0.54,-1.0,-0.35,-0.455,-0.475,-0.665,-0.525,-0.825,-0.545,-0.985,-0.335,-0.47,-0.435,-0.635,-0.475,-0.76,-0.495,-0.875
0,0.0,0.0,0.07106598984771574,0.030456852791878174,0.1116751269035533,0.02030456852791878,0.2131979695431472,0.0,0.3401015228426396,-0.030456852791878174,-0.22842639593908629,-0.3096446700507614,-0.24873096446700507,-0.5177664974619289,-0.22842639593908629,-0.6903553299492385,-0.19796954314720813,-0.8426395939086294,-0.29441624365482233,-0.38071065989847713,-0.3756345177664975,-0.6294416243654822,-0.38578680203045684,-0.8274111675126904,-0.37055837563451777,-1.0,-0.3147208121827411,-0.43147208121827413,-0.4010152284263959,-0.6598984771573604,-0.40609137055837563,-0.8324873096446701,-0.39086294416243655,-0.9898477157360406,-0.3096446700507614,-0.45685279187817257,-0.3553299492385787,-0.6294416243654822,-0.34517766497461927,-0.7563451776649747,-0.3248730964467005,-0.8730964467005076
0,0.0,0.0,-0.18292682926829268,0.012195121951219513,-0.35365853658536583,-0.032520325203252036,-0.4878048780487805,-0.09349593495934959,-0.6260162601626016,-0.11382113821138211,-0.32926829268292684,-0.4105691056910569,-0.3780487804878049,-0.5853658536585366,-0.3617886178861789,-0.7073170731707317,-0.3170731707317073,-0.8252032520325203,-0.1991869918699187,-0.491869918699187,-0.21138211382113822,-0.7154471544715447,-0.17886178861788618,-0.8617886178861789,-0.13008130081300814,-1.0,-0.08130081300813008,-0.5040650406504065,-0.052845528455284556,-0.7317073170731707,-0.0040650406504065045,-0.8699186991869918,0.052845528455284556,-0.991869918699187,0.04065040650406504,-0.4715447154471545,0.10975609756097561,-0.6382113821138211,0.17479674796747968,-0.7357723577235772,0.23170731707317074,-0.8292682926829268
0,0.0,0.0,-0.2694300518134715,-0.02072538860103627,-0.5077720207253886,-0.12953367875647667,-0.6994818652849741,-0.23316062176165803,-0.8911917098445595,-0.2694300518134715,-0.35751295336787564,-0.48186528497409326,-0.40414507772020725,-0.6476683937823834,-0.39378238341968913,-0.7357512953367875,-0.35751295336787564,-0.8341968911917098,-0.15025906735751296,-0.538860103626943,-0.15025906735751296,-0.7616580310880829,-0.09844559585492228,-0.8808290155440415,-0.02072538860103627,-1.0,0.03626943005181347,-0.5284974093264249,0.09844559585492228,-0.7461139896373057,0.19170984455958548,-0.8652849740932642,0.29015544041450775,-0.9740932642487047,0.20207253886010362,-0.45595854922279794,0.32642487046632124,-0.6062176165803109,0.42487046632124353,-0.6787564766839378,0.5129533678756477,-0.7616580310880829
0,0.0,0.0,-0.2857142857142857,-0.02197802197802198,-0.5604395604395604,-0.16483516483516483,-0.7747252747252747,-0.27472527472527475,-1.0,-0.33516483516483514,-0.3791208791208791,-0.4230769230769231,-0.45054945054945056,-0.5659340659340659,-0.5164835164835165,-0.6373626373626373,-0.554945054945055,-0.6978021978021978,-0.17032967032967034,-0.4725274725274725,-0.17032967032967034,-0.6703296703296703,-0.17582417582417584,-0.7417582417582418,-0.16483516483516483,-0.7912087912087912,0.03296703296703297,-0.45054945054945056,0.12087912087912088,-0.6593406593406593,0.17582417582417584,-0.7417582417582418,0.22527472527472528,-0.8021978021978022,0.21978021978021978,-0.36813186813186816,0.37362637362637363,-0.489010989010989,0.46703296703296704,-0.5384615384615384,0.5274725274725275,-0.5824175824175825
0,0.0,0.0,-0.3388888888888889,-0.07777777777777778,-0.6,-0.23333333333333334,-0.7944444444444444,-0.3333333333333333,-1.0,-0.4166666666666667,-0.39444444444444443,-0.4444444444444444,-0.48333333333333334,-0.6111111111111112,-0.5777777777777777,-0.6333333333333333,-0.6888888888888889,-0.6111111111111112,-0.19444444444444445,-0.4444444444444444,-0.2111111111111111,-0.6166666666666667,-0.2833333333333333,-0.6611111111111111,-0.37222222222222223,-0.6666666666666666,0.011111111111111112,-0.38333333333333336,0.05,-0.5388888888888889,0.016666666666666666,-0.5777777777777777,-0.06111111111111111,-0.6,0.2,-0.26666666666666666,0.31666666666666665,-0.3277777777777778,0.34444444444444444,-0.3388888888888889,0.3277777777777778,-0.35
0,0.0,0.0,-0.3392857142857143,-0.047619047619047616,-0.6071428571428571,-0.21428571428571427,-0.8095238095238095,-0.3392857142857143,-1.0,-0.47619047619047616,-0.43452380952380953,-0.4166666666666667,-0.625,-0.5119047619047619,-0.7678571428571429,-0.48214285714285715,-0.9047619047619048,-0.40476190476190477,-0.2857142857142857,-0.40476190476190477,-0.4583333333333333,-0.5,-0.5952380952380952,-0.47023809523809523,-0.7261904761904762,-0.4107142857142857,-0.11904761904761904,-0.3630952380952381,-0.25,-0.4642857142857143,-0.375,-0.4642857142857143,-0.5059523809523809,-0.4166666666666667,0.06547619047619048,-0.2916666666666667,0.023809523809523808,-0.3630952380952381,-0.047619047619047616,-0.36904761904761907,-0.14285714285714285,-0.3392857142857143
0,0.0,0.0,-0.3333333333333333,-0.0440251572327044,-0.6226415094339622,-0.22641509433962265,-0.8301886792452831,-0.389937106918239,-1.0,-0.5408805031446541,-0.5031446540880503,-0.4339622641509434,-0.660377358490566,-0.5471698113207547,-0.8050314465408805,-0.5534591194968553,-0.949685534591195,-0.5031446540880503,-0.36477987421383645,-0.44654088050314467,-0.5534591194968553,-0.5283018867924528,-0.7044025157232704,-0.5094339622641509,-0.8364779874213837,-0.4528301886792453,-0.1949685534591195,-0.4276729559748428,-0.3710691823899371,-0.4968553459119497,-0.5031446540880503,-0.46540880503144655,-0.6415094339622641,-0.39622641509433965,-0.006289308176100629,-0.36477987421383645,-0.08176100628930817,-0.3584905660377358,-0.15723270440251572,-0.31446540880503143,-0.23270440251572327,-0.2641509433962264
0,0.0,0.0,0.01875,-0.2625,-0.08125,-0.51875,-0.2,-0.70625,-0.29375,-0.84375,-0.13125,-0.58125,-0.38125,-0.83125,-0.56875,-0.94375,-0.73125,-1.0,-0.20625,-0.44375,-0.45,-0.7,-0.6625,-0.825,-0.8375,-0.9,-0.26875,-0.25625,-0.525,-0.48125,-0.725,-0.6125,-0.88125,-0.6875,-0.34375,-0.04375,-0.5875,-0.13125,-0.7625,-0.18125,-0.9125,-0.21875
0,0.0,0.0,0.16996047430830039,-0.15019762845849802,0.2766798418972332,-0.3359683794466403,0.3675889328063241,-0.48221343873517786,0.4743083003952569,-0.541501976284585,0.14624505928853754,-0.48221343873517786,0.09090909090909091,-0.7549407114624506,0.03162055335968379,-0.9011857707509882,-0.02766798418972332,-1.0,0.011857707509881422,-0.44664031620553357,-0.08300395256916997,-0.7272727272727273,-0.1541501976284585,-0.8814229249011858,-0.2134387351778656,-0.9802371541501976,-0.11857707509881422,-0.38735177865612647,-0.21739130434782608,-0.6284584980237155,-0.2924901185770751,-0.7786561264822134,-0.34782608695652173,-0.8814229249011858,-0.22924901185770752,-0.308300395256917,-0.32806324110671936,-0.4743083003952569,-0.3952569169960474,-0.5652173913043478,-0.45454545454545453,-0.6403162055335968
0,0.0,0.0,0.19008264462809918,-0.1322314049586777,0.30165289256198347,-0.30165289256198347,0.3925619834710744,-0.4628099173553719,0.5082644628099173,-0.5206611570247934,0.15702479338842976,-0.4834710743801653,0.1115702479338843,-0.756198347107438,0.06198347107438017,-0.8966942148760331,0.012396694214876033,-0.987603305785124,-0.004132231404958678,-0.4669421487603306,-0.0743801652892562,-0.7520661157024794,-0.1322314049586777,-0.9049586776859504,-0.18181818181818182,-1.0,-0.1487603305785124,-0.41735537190082644,-0.23553719008264462,-0.6652892561983471,-0.2892561983471074,-0.8057851239669421,-0.3305785123966942,-0.8966942148760331,-0.26859504132231404,-0.34297520661157027,-0.35537190082644626,-0.5206611570247934,-0.39669421487603307,-0.6157024793388429,-0.41735537190082644,-0.6942148760330579
0,0.0,0.0,0.2033195020746888,-0.12448132780082988,0.3360995850622407,-0.27385892116182575,0.44813278008298757,-0.4190871369294606,0.5767634854771784,-0.4854771784232365,0.17012448132780084,-0.47717842323651455,0.15767634854771784,-0.7427385892116183,0.12448132780082988,-0.8838174273858921,0.08298755186721991,-0.975103734439834,0.012448132780082987,-0.46887966804979253,-0.03734439834024896,-0.7551867219917012,-0.07883817427385892,-0.9045643153526971,-0.11618257261410789,-1.0,-0.13278008298755187,-0.42738589211618255,-0.1991701244813278,-0.6804979253112033,-0.24066390041493776,-0.8174273858921162,-0.26556016597510373,-0.9045643153526971,-0.24896265560165975,-0.3651452282157676,-0.3236514522821577,-0.5518672199170125,-0.35269709543568467,-0.6473029045643154,-0.36099585062240663,-0.7219917012448133
0,0.0,0.0,0.21285140562248997,-0.0963855421686747,0.37751004016064255,-0.22088353413654618,0.5220883534136547,-0.3373493975903614,0.6546184738955824,-0.39759036144578314,0.19678714859437751,-0.42168674698795183,0.24497991967871485,-0.6907630522088354,0.26506024096385544,-0.8433734939759037,0.27710843373493976,-0.9598393574297188,0.03614457831325301,-0.44176706827309237,0.060240963855421686,-0.7349397590361446,0.06827309236947791,-0.891566265060241,0.06827309236947791,-1.0,-0.0963855421686747,-0.43373493975903615,-0.09236947791164658,-0.6947791164658634,-0.07228915662650602,-0.8353413654618473,-0.060240963855421686,-0.9317269076305221,-0.1927710843373494,-0.40963855421686746,-0.20481927710843373,-0.6184738955823293,-0.1927710843373494,-0.7269076305220884,-0.17269076305220885,-0.7991967871485943
0,0.0,0.0,0.12295081967213115,-0.18442622950819673,0.15163934426229508,-0.38114754098360654,0.12295081967213115,-0.5409836065573771,0.07377049180327869,-0.6475409836065574,0.13934426229508196,-0.45081967213114754,0.13114754098360656,-0.7090163934426229,0.09836065573770492,-0.8565573770491803,0.05737704918032787,-0.9672131147540983,0.036885245901639344,-0.430327868852459,-0.012295081967213115,-0.7172131147540983,-0.06967213114754098,-0.8852459016393442,-0.12295081967213115,-1.0,-0.09016393442622951,-0.38524590163934425,-0.16393442622950818,-0.639344262295082,-0.21721311475409835,-0.8032786885245902,-0.26639344262295084,-0.9139344262295082,-0.22540983606557377,-0.3237704918032787,-0.30327868852459017,-0.5122950819672131,-0.36065573770491804,-0.6229508196721312,-0.42213114754098363,-0.7090163934426229
0,0.0,0.0,0.004291845493562232,-0.20600858369098712,-0.02575107296137339,-0.4291845493562232,-0.07725321888412018,-0.5879828326180258,-0.14163090128755365,-0.6995708154506438,0.06437768240343347,-0.4978540772532189,0.0,-0.7467811158798283,-0.06866952789699571,-0.8884120171673819,-0.12875536480686695,-1.0,0.04291845493562232,-0.4678111587982833,-0.05150214592274678,-0.7381974248927039,-0.15021459227467812,-0.8884120171673819,-0.2317596566523605,-0.9957081545064378,-0.017167381974248927,-0.41630901287553645,-0.12017167381974249,-0.6652360515021459,-0.22317596566523606,-0.7982832618025751,-0.30472103004291845,-0.8798283261802575,-0.12017167381974249,-0.34763948497854075,-0.22317596566523606,-0.5236051502145923,-0.30042918454935624,-0.6094420600858369,-0.37339055793991416,-0.6695278969957081
0,0.0,0.0,-0.1336206896551724,-0.16810344827586207,-0.15517241379310345,-0.3577586206896552,-0.15948275862068967,-0.4827586206896552,-0.1810344827586207,-0.5862068965517241,0.0,-0.5560344827586207,-0.03017241379310345,-0.7543103448275862,-0.09482758620689655,-0.875,-0.15948275862068967,-0.9655172413793104,0.04741379310344827,-0.5474137931034483,0.008620689655172414,-0.7801724137931034,-0.06896551724137931,-0.9094827586206896,-0.14224137931034483,-1.0,0.06896551724137931,-0.5,0.034482758620689655,-0.7327586206896551,-0.04741379310344827,-0.8620689655172413,-0.125,-0.9482758620689655,0.0603448275862069,-0.41810344827586204,0.0,-0.5732758620689655,-0.07327586206896551,-0.6637931034482759,-0.15086206896551724,-0.7327586206896551
0,0.0,0.0,-0.1593625498007968,-0.10756972111553785,-0.2549800796812749,-0.28286852589641437,-0.3147410358565737,-0.42231075697211157,-0.40239043824701193,-0.5139442231075697,-0.08366533864541832,-0.5418326693227091,-0.10756972111553785,-0.7330677290836654,-0.13545816733067728,-0.8406374501992032,-0.16733067729083664,-0.9362549800796812,0.027888446215139442,-0.545816733067729,0.02390438247011952,-0.7569721115537849,0.01195219123505976,-0.8844621513944223,-0.01593625498007968,-1.0,0.13147410358565736,-0.5059760956175299,0.1593625498007968,-0.7091633466135459,0.16733067729083664,-0.8366533864541833,0.1553784860557769,-0.9601593625498008,0.23107569721115537,-0.4302788844621514,0.2948207171314741,-0.5697211155378487,0.3147410358565737,-0.6693227091633466,0.3187250996015936,-0.7689243027888446
0,0.0,0.0,-0.2037735849056604,-0.08679245283018867,-0.3471698113207547,-0.23773584905660378,-0.44150943396226416,-0.36981132075471695,-0.5094339622641509,-0.47924528301886793,-0.21509433962264152,-0.5132075471698113,-0.2528301886792453,-0.7018867924528301,-0.27169811320754716,-0.8150943396226416,-0.28679245283018867,-0.9169811320754717,-0.07547169811320754,-0.5358490566037736,-0.0830188679245283,-0.7509433962264151,-0.08679245283018867,-0.8830188679245283,-0.09056603773584905,-1.0,0.05660377358490566,-0.5132075471698113,0.07547169811320754,-0.7169811320754716,0.0830188679245283,-0.8452830188679246,0.0830188679245283,-0.9660377358490566,0.1811320754716981,-0.4490566037735849,0.2490566037735849,-0.6,0.29056603773584905,-0.7018867924528301,0.32452830188679244,-0.8037735849056604
0,0.0,0.0,-0.16666666666666666,-0.06666666666666667,-0.28888888888888886,-0.18888888888888888,-0.34814814814814815,-0.31851851851851853,-0.337037037037037,-0.43703703703703706,-0.21851851851851853,-0.5148148148148148,-0.24074074074074073,-0.7111111111111111,-0.24444444444444444,-0.8296296296296296,-0.23703703703703705,-0.937037037037037,-0.09259259259259259,-0.5407407407407407,-0.0962962962962963,-0.7518518518518519,-0.08148148148148149,-0.8814814814814815,-0.06666666666666667,-1.0,0.025925925925925925,-0.5185185185185185,0.04814814814814815,-0.7074074074074074,0.07777777777777778,-0.8296296296296296,0.1,-0.9333333333333333,0.14814814814814814,-0.45925925925925926,0.2111111111111111,-0.6037037037037037,0.26296296296296295,-0.6925925925925925,0.3074074074074074,-0.7777777777777778
0,0.0,0.0,-0.16981132075471697,-0.05660377358490566,-0.2981132075471698,-0.17358490566037735,-0.3169811320754717,-0.3132075471698113,-0.26037735849056604,-0.4226415094339623,-0.26037735849056604,-0.4981132075471698,-0.2943396226415094,-0.6943396226415094,-0.2981132075471698,-0.8150943396226416,-0.2830188679245283,-0.9245283018867925,-0.13584905660377358,-0.5320754716981132,-0.1471698113207547,-0.7471698113207547,-0.14339622641509434,-0.879245283018868,-0.12830188679245283,-1.0,-0.011320754716981131,-0.5169811320754717,-0.0037735849056603774,-0.7094339622641509,0.018867924528301886,-0.8264150943396227,0.03773584905660377,-0.9283018867924528,0.11320754716981132,-0.45660377358490567,0.16226415094339622,-0.6,0.2,-0.6943396226415094,0.23018867924528302,-0.7811320754716982
0,0.0,0.0,-0.17669172932330826,-0.07894736842105263,-0.3082706766917293,-0.21428571428571427,-0.3684210526315789,-0.34210526315789475,-0.40225563909774437,-0.462406015037594,-0.18045112781954886,-0.5263157894736842,-0.20300751879699247,-0.7105263157894737,-0.19924812030075187,-0.8270676691729323,-0.18045112781954886,-0.9285714285714286,-0.03383458646616541,-0.5526315789473685,-0.015037593984962405,-0.7593984962406015,0.007518796992481203,-0.8909774436090225,0.03383458646616541,-1.0,0.09774436090225563,-0.518796992481203,0.15037593984962405,-0.7180451127819549,0.19172932330827067,-0.8421052631578947,0.21804511278195488,-0.9548872180451128,0.22180451127819548,-0.43609022556390975,0.30451127819548873,-0.5676691729323309,0.34210526315789475,-0.650375939849624,0.35714285714285715,-0.7218045112781954
0,0.0,0.0,-0.19767441860465115,-0.05813953488372093,-0.3875968992248062,-0.18992248062015504,-0.5155038759689923,-0.3062015503875969,-0.5658914728682171,-0.39147286821705424,-0.313953488372093,-0.5465116279069767,-0.3682170542635659,-0.7170542635658915,-0.40310077519379844,-0.8062015503875969,-0.4263565891472868,-0.8914728682170543,-0.17829457364341086,-0.5891472868217055,-0.2364341085271318,-0.8062015503875969,-0.28294573643410853,-0.9108527131782945,-0.32558139534883723,-1.0,-0.03488372093023256,-0.5852713178294574,-0.08139534883720931,-0.7945736434108527,-0.12790697674418605,-0.8992248062015504,-0.1744186046511628,-0.9844961240310077,0.12015503875968993,-0.5387596899224806,0.1124031007751938,-0.7209302325581395,0.09689922480620156,-0.8294573643410853,0.06976744186046512,-0.9302325581395349
0,0.0,0.0,-0.264,0.004,-0.492,-0.08,-0.668,-0.172,-0.836,-0.232,-0.512,-0.444,-0.676,-0.616,-0.772,-0.712,-0.86,-0.808,-0.384,-0.528,-0.524,-0.72,-0.616,-0.832,-0.7,-0.94,-0.228,-0.568,-0.328,-0.756,-0.396,-0.864,-0.472,-0.964,-0.056,-0.576,-0.092,-0.768,-0.116,-0.888,-0.156,-1.0
0,0.0,0.0,-0.24489795918367346,-0.00816326530612245,-0.4816326530612245,-0.11020408163265306,-0.6530612244897959,-0.20816326530612245,-0.7959183673469388,-0.2693877551020408,-0.49795918367346936,-0.46122448979591835,-0.673469387755102,-0.5877551020408164,-0.7346938775510204,-0.5673469387755102,-0.7591836734693878,-0.5428571428571428,-0.37142857142857144,-0.563265306122449,-0.5265306122448979,-0.7551020408163265,-0.6163265306122448,-0.8653061224489796,-0.6857142857142857,-0.9673469387755103,-0.21224489795918366,-0.6040816326530613,-0.30612244897959184,-0.7918367346938775,-0.3673469387755102,-0.8938775510204081,-0.4326530612244898,-0.9877551020408163,-0.02040816326530612,-0.6,-0.0326530612244898,-0.7795918367346939,-0.053061224489795916,-0.8938775510204081,-0.08979591836734693,-1.0
0,0.0,0.0,-0.20962199312714777,-0.07560137457044673,-0.3711340206185567,-0.21649484536082475,-0.47766323024054985,-0.33676975945017185,-0.5876288659793815,-0.41924398625429554,-0.27835051546391754,-0.5154639175257731,-0.3539518900343643,-0.718213058419244,-0.3951890034364261,-0.8350515463917526,-0.42955326460481097,-0.9381443298969072,-0.140893470790378,-0.5463917525773195,-0.18213058419243985,-0.7628865979381443,-0.20962199312714777,-0.8900343642611683,-0.23024054982817868,-1.0,-0.006872852233676976,-0.5120274914089347,0.0,-0.6941580756013745,0.0,-0.8075601374570447,-0.010309278350515464,-0.9106529209621993,0.12714776632302405,-0.4329896907216495,0.1718213058419244,-0.5463917525773195,0.18213058419243985,-0.6185567010309279,0.16838487972508592,-0.6907216494845361
0,0.0,0.0,-0.30726256983240224,0.0446927374301676,-0.5977653631284916,-0.0111731843575419,-0.8156424581005587,-0.10614525139664804,-1.0,-0.1564245810055866,-0.664804469273743,-0.44692737430167595,-0.8379888268156425,-0.6368715083798883,-0.9329608938547486,-0.7653631284916201,-0.9888268156424581,-0.8715083798882681,-0.5027932960893855,-0.5698324022346368,-0.6312849162011173,-0.7932960893854749,-0.6703910614525139,-0.888268156424581,-0.659217877094972,-0.8938547486033519,-0.31843575418994413,-0.6256983240223464,-0.39664804469273746,-0.8547486033519553,-0.4245810055865922,-0.9273743016759777,-0.4134078212290503,-0.8994413407821229,-0.11173184357541899,-0.6256983240223464,-0.12849162011173185,-0.7877094972067039,-0.1452513966480447,-0.8379888268156425,-0.13966480446927373,-0.8156424581005587
0,0.0,0.0,-0.3006134969325153,0.06134969325153374,-0.6012269938650306,0.0,-0.8159509202453987,-0.09202453987730061,-1.0,-0.17791411042944785,-0.6748466257668712,-0.4723926380368098,-0.852760736196319,-0.6748466257668712,-0.9386503067484663,-0.803680981595092,-0.9754601226993865,-0.9079754601226994,-0.5030674846625767,-0.6073619631901841,-0.6503067484662577,-0.8220858895705522,-0.6871165644171779,-0.9447852760736196,-0.656441717791411,-0.9877300613496932,-0.3006134969325153,-0.656441717791411,-0.39263803680981596,-0.8895705521472392,-0.4049079754601227,-0.9938650306748467,-0.3803680981595092,-1.0,-0.0736196319018405,-0.6503067484662577,-0.06748466257668712,-0.8220858895705522,-0.06134969325153374,-0.8773006134969326,-0.049079754601226995,-0.8650306748466258
0,0.0,0.0,-0.29444444444444445,0.05,-0.5722222222222222,-0.027777777777777776,-0.7722222222222223,-0.13333333333333333,-0.9555555555555556,-0.2111111111111111,-0.6,-0.4888888888888889,-0.7388888888888889,-0.6888888888888889,-0.8111111111111111,-0.8222222222222222,-0.85,-0.9444444444444444,-0.4222222222222222,-0.6,-0.5333333333333333,-0.7944444444444444,-0.55,-0.9166666666666666,-0.5333333333333333,-1.0,-0.23333333333333334,-0.6444444444444445,-0.2833333333333333,-0.8555555555555555,-0.2722222222222222,-0.9388888888888889,-0.22777777777777777,-0.9555555555555556,-0.03888888888888889,-0.6333333333333333,-0.06111111111111111,-0.7944444444444444,-0.05555555555555555,-0.8722222222222222,-0.027777777777777776,-0.9
0,0.0,0.0,-0.285,0.015,-0.525,-0.065,-0.705,-0.17,-0.865,-0.25,-0.525,-0.47,-0.64,-0.665,-0.695,-0.79,-0.725,-0.9,-0.365,-0.57,-0.46,-0.775,-0.475,-0.885,-0.445,-0.94,-0.19,-0.61,-0.235,-0.835,-0.205,-0.92,-0.14,-0.925,-0.01,-0.605,-0.005,-0.81,0.02,-0.93,0.06,-1.0
0,0.0,0.0,-0.2696078431372549,-0.024509803921568627,-0.4950980392156863,-0.14215686274509803,-0.6470588235294118,-0.2647058823529412,-0.7990196078431373,-0.3382352941176471,-0.45098039215686275,-0.5294117647058824,-0.553921568627451,-0.7254901960784313,-0.6029411764705882,-0.8578431372549019,-0.6176470588235294,-0.9705882352941176,-0.28431372549019607,-0.6029411764705882,-0.35784313725490197,-0.8235294117647058,-0.3480392156862745,-0.9411764705882353,-0.29901960784313725,-1.0,-0.11274509803921569,-0.6078431372549019,-0.14215686274509803,-0.8284313725490197,-0.10784313725490197,-0.9117647058823529,-0.049019607843137254,-0.9166666666666666,0.058823529411764705,-0.5637254901960784,0.08823529411764706,-0.7009803921568627,0.12254901960784313,-0.7598039215686274,0.1715686274509804,-0.7696078431372549
0,0.0,0.0,-0.2731707317073171,-0.014634146341463415,-0.4975609756097561,-0.13170731707317074,-0.6536585365853659,-0.25853658536585367,-0.8048780487804879,-0.36585365853658536,-0.4292682926829268,-0.5463414634146342,-0.5219512195121951,-0.7560975609756098,-0.5560975609756098,-0.8926829268292683,-0.5560975609756098,-1.0,-0.25853658536585367,-0.6097560975609756,-0.32195121951219513,-0.8439024390243902,-0.2975609756097561,-0.9609756097560975,-0.23414634146341465,-0.9902439024390244,-0.09268292682926829,-0.6146341463414634,-0.0975609756097561,-0.8536585365853658,-0.05365853658536585,-0.9170731707317074,0.004878048780487805,-0.8634146341463415,0.06829268292682927,-0.5756097560975609,0.07804878048780488,-0.7609756097560976,0.0975609756097561,-0.8390243902439024,0.13170731707317074,-0.8292682926829268
0,0.0,0.0,-0.24074074074074073,0.06018518518518518,-0.4861111111111111,0.041666666666666664,-0.6712962962962963,-0.004629629629629629,-0.8240740740740741,-0.046296296296296294,-0.5694444444444444,-0.3611111111111111,-0.7268518518518519,-0.5231481481481481,-0.7824074074074074,-0.6342592592592593,-0.8009259259259259,-0.7361111111111112,-0.4398148148148148,-0.49537037037037035,-0.5740740740740741,-0.6851851851851852,-0.6064814814814815,-0.8148148148148148,-0.5879629629629629,-0.9166666666666666,-0.28703703703703703,-0.5555555555555556,-0.37962962962962965,-0.7731481481481481,-0.37037037037037035,-0.9074074074074074,-0.3287037037037037,-1.0,-0.11574074074074074,-0.5601851851851852,-0.11574074074074074,-0.7129629629629629,-0.0787037037037037,-0.7824074074074074,-0.023148148148148147,-0.8240740740740741
0,0.0,0.0,-0.24056603773584906,0.05660377358490566,-0.47641509433962265,0.03773584905660377,-0.6556603773584906,-0.014150943396226415,-0.8160377358490566,-0.06132075471698113,-0.5613207547169812,-0.37264150943396224,-0.7169811320754716,-0.5424528301886793,-0.7783018867924528,-0.660377358490566,-0.8066037735849056,-0.7735849056603774,-0.42924528301886794,-0.5,-0.5566037735849056,-0.6933962264150944,-0.589622641509434,-0.8349056603773585,-0.5801886792452831,-0.9528301886792453,-0.2783018867924528,-0.5566037735849056,-0.35377358490566035,-0.7735849056603774,-0.3490566037735849,-0.9056603773584906,-0.30660377358490565,-1.0,-0.10377358490566038,-0.5613207547169812,-0.10377358490566038,-0.7216981132075472,-0.0660377358490566,-0.8066037735849056,-0.018867924528301886,-0.8632075471698113
0,0.0,0.0,-0.233502538071066,0.10152284263959391,-0.47715736040609136,0.13705583756345177,-0.6649746192893401,0.12690355329949238,-0.8375634517766497,0.1065989847715736,-0.6700507614213198,-0.29949238578680204,-0.8730964467005076,-0.45685279187817257,-0.9593908629441624,-0.5736040609137056,-1.0,-0.6903553299492385,-0.5583756345177665,-0.45685279187817257,-0.7360406091370558,-0.649746192893401,-0.8020304568527918,-0.7969543147208121,-0.817258883248731,-0.9289340101522843,-0.4010152284263959,-0.5482233502538071,-0.5431472081218274,-0.751269035532995,-0.5786802030456852,-0.8883248730964467,-0.5786802030456852,-1.0,-0.2131979695431472,-0.5939086294416244,-0.24873096446700507,-0.7715736040609137,-0.233502538071066,-0.8730964467005076,-0.20304568527918782,-0.9644670050761421
0,0.0,0.0,-0.22510822510822512,-0.021645021645021644,-0.4155844155844156,-0.09956709956709957,-0.5541125541125541,-0.18181818181818182,-0.670995670995671,-0.2597402597402597,-0.36363636363636365,-0.5021645021645021,-0.45021645021645024,-0.7316017316017316,-0.48484848484848486,-0.8787878787878788,-0.49783549783549785,-1.0,-0.20346320346320346,-0.5627705627705628,-0.22943722943722944,-0.7835497835497836,-0.15584415584415584,-0.8787878787878788,-0.06926406926406926,-0.9004329004329005,-0.05627705627705628,-0.5670995670995671,-0.04329004329004329,-0.7878787878787878,0.025974025974025976,-0.8571428571428571,0.09956709956709957,-0.8398268398268398,0.09090909090909091,-0.5324675324675324,0.1341991341991342,-0.6883116883116883,0.18614718614718614,-0.7575757575757576,0.24675324675324675,-0.7705627705627706
0,0.0,0.0,-0.2217741935483871,-0.036290322580645164,-0.39919354838709675,-0.13306451612903225,-0.532258064516129,-0.22983870967741934,-0.6532258064516129,-0.3064516129032258,-0.3185483870967742,-0.5201612903225806,-0.3790322580645161,-0.7419354838709677,-0.4112903225806452,-0.8830645161290323,-0.42338709677419356,-1.0,-0.15725806451612903,-0.5604838709677419,-0.16532258064516128,-0.7701612903225806,-0.09274193548387097,-0.8467741935483871,-0.008064516129032258,-0.8548387096774194,-0.008064516129032258,-0.5483870967741935,0.012096774193548387,-0.7459677419354839,0.07661290322580645,-0.8145161290322581,0.14516129032258066,-0.8064516129032258,0.12903225806451613,-0.4959677419354839,0.18548387096774194,-0.6290322580645161,0.24193548387096775,-0.6774193548387096,0.3024193548387097,-0.6895161290322581
0,0.0,0.0,-0.2076923076923077,-0.057692307692307696,-0.3769230769230769,-0.16538461538461538,-0.5,-0.25769230769230766,-0.6115384615384616,-0.3346153846153846,-0.2692307692307692,-0.5307692307692308,-0.3192307692307692,-0.7461538461538462,-0.3423076923076923,-0.8884615384615384,-0.35,-1.0,-0.11538461538461539,-0.5538461538461539,-0.12307692307692308,-0.7576923076923077,-0.06153846153846154,-0.8384615384615385,0.007692307692307693,-0.8615384615384616,0.023076923076923078,-0.5307692307692308,0.046153846153846156,-0.7230769230769231,0.1076923076923077,-0.7923076923076923,0.16923076923076924,-0.8115384615384615,0.15384615384615385,-0.46923076923076923,0.2076923076923077,-0.6038461538461538,0.26153846153846155,-0.6807692307692308,0.3192307692307692,-0.7346153846153847
0,0.0,0.0,-0.20754716981132076,-0.0037735849056603774,-0.39622641509433965,-0.07169811320754717,-0.539622641509434,-0.1471698113207547,-0.6679245283018868,-0.2,-0.3660377358490566,-0.4528301886792453,-0.4679245283018868,-0.6490566037735849,-0.5283018867924528,-0.769811320754717,-0.569811320754717,-0.879245283018868,-0.2339622641509434,-0.5169811320754717,-0.2981132075471698,-0.7433962264150943,-0.3132075471698113,-0.879245283018868,-0.3132075471698113,-0.9962264150943396,-0.09433962264150944,-0.5283018867924528,-0.12075471698113208,-0.7433962264150943,-0.10943396226415095,-0.879245283018868,-0.09056603773584905,-1.0,0.052830188679245285,-0.49433962264150944,0.0830188679245283,-0.6528301886792452,0.12830188679245283,-0.7471698113207547,0.16981132075471697,-0.8339622641509434
0,0.0,0.0,-0.22033898305084745,0.0423728813559322,-0.4364406779661017,0.0423728813559322,-0.6101694915254238,0.05084745762711865,-0.7627118644067796,0.07203389830508475,-0.538135593220339,-0.3559322033898305,-0.7288135593220338,-0.5,-0.8389830508474576,-0.6016949152542372,-0.923728813559322,-0.7033898305084746,-0.4406779661016949,-0.4661016949152542,-0.6059322033898306,-0.6610169491525424,-0.690677966101695,-0.7923728813559322,-0.7584745762711864,-0.9110169491525424,-0.3050847457627119,-0.5296610169491526,-0.4279661016949153,-0.7372881355932204,-0.4957627118644068,-0.8771186440677966,-0.5550847457627118,-1.0,-0.1440677966101695,-0.5508474576271186,-0.1652542372881356,-0.7372881355932204,-0.1694915254237288,-0.8686440677966102,-0.1864406779661017,-0.9830508474576272
0,0.0,0.0,-0.19004524886877827,0.049773755656108594,-0.34841628959276016,0.058823529411764705,-0.4660633484162896,0.04524886877828054,-0.579185520361991,0.04524886877828054,-0.5927601809954751,-0.3167420814479638,-0.7918552036199095,-0.4660633484162896,-0.9049773755656109,-0.5610859728506787,-1.0,-0.665158371040724,-0.48868778280542985,-0.4479638009049774,-0.669683257918552,-0.6425339366515838,-0.7692307692307693,-0.7737556561085973,-0.8552036199095022,-0.8914027149321267,-0.34841628959276016,-0.5203619909502263,-0.48868778280542985,-0.7239819004524887,-0.5656108597285068,-0.8642533936651584,-0.6380090497737556,-0.9864253393665159,-0.17647058823529413,-0.5520361990950227,-0.22624434389140272,-0.7375565610859729,-0.25339366515837103,-0.8642533936651584,-0.28054298642533937,-0.9819004524886877
0,0.0,0.0,-0.18099547511312217,0.049773755656108594,-0.3438914027149321,0.05429864253393665,-0.46153846153846156,0.01809954751131222,-0.5701357466063348,0.0,-0.5972850678733032,-0.3031674208144796,-0.8009049773755657,-0.4434389140271493,-0.9095022624434389,-0.5475113122171946,-1.0,-0.6515837104072398,-0.502262443438914,-0.4343891402714932,-0.6832579185520362,-0.6289592760180995,-0.7782805429864253,-0.751131221719457,-0.8597285067873304,-0.8687782805429864,-0.3665158371040724,-0.5113122171945701,-0.5113122171945701,-0.7104072398190046,-0.5972850678733032,-0.8461538461538461,-0.669683257918552,-0.9683257918552036,-0.19909502262443438,-0.5429864253393665,-0.248868778280543,-0.7285067873303167,-0.27149321266968324,-0.8552036199095022,-0.2895927601809955,-0.9728506787330317
0,0.0,0.0,-0.16071428571428573,0.026785714285714284,-0.3080357142857143,0.008928571428571428,-0.39732142857142855,-0.06696428571428571,-0.4955357142857143,-0.09821428571428571,-0.5982142857142857,-0.3080357142857143,-0.7946428571428571,-0.4375,-0.9107142857142857,-0.5401785714285714,-1.0,-0.6339285714285714,-0.5044642857142857,-0.4375,-0.6785714285714286,-0.625,-0.78125,-0.7544642857142857,-0.8571428571428571,-0.8705357142857143,-0.36607142857142855,-0.5044642857142857,-0.49107142857142855,-0.7008928571428571,-0.5625,-0.8392857142857143,-0.6205357142857143,-0.9598214285714286,-0.19196428571428573,-0.5223214285714286,-0.20982142857142858,-0.6785714285714286,-0.21428571428571427,-0.7857142857142857,-0.21875,-0.8883928571428571
0,0.0,0.0,-0.18834080717488788,0.008968609865470852,-0.34080717488789236,-0.04484304932735426,-0.4170403587443946,-0.14798206278026907,-0.515695067264574,-0.19730941704035873,-0.6098654708520179,-0.35874439461883406,-0.8116591928251121,-0.5022421524663677,-0.9147982062780269,-0.6098654708520179,-1.0,-0.7130044843049327,-0.4977578475336323,-0.4798206278026906,-0.6547085201793722,-0.6816143497757847,-0.7443946188340808,-0.8116591928251121,-0.8116591928251121,-0.9237668161434978,-0.3542600896860987,-0.5246636771300448,-0.43946188340807174,-0.7309417040358744,-0.4798206278026906,-0.8699551569506726,-0.5201793721973094,-0.9910313901345291,-0.18385650224215247,-0.5112107623318386,-0.18834080717488788,-0.6502242152466368,-0.17040358744394618,-0.7309417040358744,-0.15695067264573992,-0.8071748878923767
0,0.0,0.0,-0.17699115044247787,0.01327433628318584,-0.33185840707964603,-0.048672566371681415,-0.415929203539823,-0.1504424778761062,-0.5176991150442478,-0.1902654867256637,-0.6017699115044248,-0.36283185840707965,-0.7964601769911505,-0.5176991150442478,-0.8982300884955752,-0.6283185840707964,-0.9823008849557522,-0.7300884955752213,-0.48672566371681414,-0.4823008849557522,-0.6415929203539823,-0.6902654867256637,-0.7212389380530974,-0.8230088495575221,-0.7787610619469026,-0.9336283185840708,-0.3407079646017699,-0.5309734513274337,-0.42035398230088494,-0.7433628318584071,-0.4557522123893805,-0.8805309734513275,-0.49557522123893805,-1.0,-0.17256637168141592,-0.5265486725663717,-0.17256637168141592,-0.668141592920354,-0.15486725663716813,-0.7389380530973452,-0.14601769911504425,-0.8053097345132744
0,0.0,0.0,-0.17842323651452283,-0.008298755186721992,-0.3112033195020747,-0.08298755186721991,-0.38589211618257263,-0.18672199170124482,-0.4896265560165975,-0.22406639004149378,-0.5394190871369294,-0.38589211618257263,-0.7178423236514523,-0.5394190871369294,-0.8091286307053942,-0.6514522821576764,-0.8838174273858921,-0.7510373443983402,-0.4190871369294606,-0.49377593360995853,-0.5560165975103735,-0.7012448132780082,-0.6265560165975104,-0.8298755186721992,-0.6763485477178424,-0.9377593360995851,-0.2697095435684647,-0.5311203319502075,-0.34439834024896265,-0.7385892116182573,-0.3775933609958506,-0.8796680497925311,-0.4024896265560166,-1.0,-0.1037344398340249,-0.5103734439834025,-0.08713692946058091,-0.6473029045643154,-0.07468879668049792,-0.7385892116182573,-0.06639004149377593,-0.8257261410788381
0,0.0,0.0,-0.172,-0.016,-0.308,-0.092,-0.392,-0.188,-0.492,-0.24,-0.488,-0.412,-0.636,-0.576,-0.716,-0.688,-0.776,-0.796,-0.356,-0.512,-0.468,-0.724,-0.516,-0.852,-0.552,-0.96,-0.208,-0.54,-0.252,-0.748,-0.256,-0.884,-0.264,-1.0,-0.048,-0.508,-0.012,-0.628,0.02,-0.688,0.044,-0.744
0,0.0,0.0,-0.16917293233082706,-0.03007518796992481,-0.3082706766917293,-0.10902255639097744,-0.40225563909774437,-0.18796992481203006,-0.5112781954887218,-0.23308270676691728,-0.424812030075188,-0.424812030075188,-0.5488721804511278,-0.5902255639097744,-0.6165413533834586,-0.7030075187969925,-0.6654135338345865,-0.8082706766917294,-0.2932330827067669,-0.5075187969924813,-0.37218045112781956,-0.7180451127819549,-0.40601503759398494,-0.849624060150376,-0.43609022556390975,-0.9624060150375939,-0.14661654135338345,-0.5225563909774437,-0.17293233082706766,-0.7368421052631579,-0.16917293233082706,-0.8759398496240601,-0.17293233082706766,-1.0,0.0037593984962406013,-0.4849624060150376,0.05263157894736842,-0.631578947368421,0.09398496240601503,-0.7255639097744361,0.11654135338345864,-0.8157894736842105
0,0.0,0.0,-0.17164179104477612,-0.026119402985074626,-0.30597014925373134,-0.11194029850746269,-0.40298507462686567,-0.20149253731343283,-0.5149253731343284,-0.2537313432835821,-0.40671641791044777,-0.44029850746268656,-0.5298507462686567,-0.6156716417910447,-0.5932835820895522,-0.7350746268656716,-0.6343283582089553,-0.8470149253731343,-0.27238805970149255,-0.5186567164179104,-0.35074626865671643,-0.746268656716418,-0.3694029850746269,-0.8843283582089553,-0.376865671641791,-1.0,-0.12686567164179105,-0.5298507462686567,-0.1455223880597015,-0.746268656716418,-0.12686567164179105,-0.8843283582089553,-0.10820895522388059,-1.0,0.022388059701492536,-0.48507462686567165,0.07462686567164178,-0.6044776119402985,0.12686567164179105,-0.664179104477612,0.16417910447761194,-0.7164179104477612
0,0.0,0.0,-0.15789473684210525,-0.05964912280701754,-0.27017543859649124,-0.17543859649122806,-0.34385964912280703,-0.2771929824561403,-0.45263157894736844,-0.34035087719298246,-0.3017543859649123,-0.49122807017543857,-0.3719298245614035,-0.6701754385964912,-0.4070175438596491,-0.7859649122807018,-0.43508771929824563,-0.8912280701754386,-0.16140350877192983,-0.5403508771929825,-0.18947368421052632,-0.7543859649122807,-0.18596491228070175,-0.8842105263157894,-0.18596491228070175,-1.0,-0.028070175438596492,-0.519298245614035,0.010526315789473684,-0.7192982456140351,0.042105263157894736,-0.8385964912280702,0.056140350877192984,-0.9438596491228071,0.10175438596491228,-0.44912280701754387,0.18596491228070175,-0.5684210526315789,0.23859649122807017,-0.6280701754385964,0.26666666666666666,-0.6842105263157895
0,0.0,0.0,-0.16095890410958905,-0.0958904109589041,-0.2808219178082192,-0.22602739726027396,-0.3835616438356164,-0.3253424657534247,-0.4863013698630137,-0.3904109589041096,-0.2054794520547945,-0.5068493150684932,-0.25,-0.702054794520548,-0.2568493150684932,-0.8287671232876712,-0.2534246575342466,-0.9383561643835616,-0.06506849315068493,-0.5308219178082192,-0.0547945205479452,-0.7465753424657534,-0.0273972602739726,-0.8835616438356164,0.0,-1.0,0.06164383561643835,-0.4897260273972603,0.1232876712328767,-0.6815068493150684,0.17123287671232876,-0.815068493150685,0.21232876712328766,-0.934931506849315,0.17465753424657535,-0.4041095890410959,0.2842465753424658,-0.4931506849315068,0.3493150684931507,-0.5616438356164384,0.4006849315068493,-0.6335616438356164
0,0.0,0.0,-0.1649122807017544,-0.10175438596491228,-0.27017543859649124,-0.24210526315789474,-0.3649122807017544,-0.35789473684210527,-0.4666666666666667,-0.44912280701754387,-0.1368421052631579,-0.5298245614035088,-0.15789473684210525,-0.7333333333333333,-0.15789473684210525,-0.8596491228070176,-0.14385964912280702,-0.968421052631579,0.014035087719298246,-0.5368421052631579,0.05263157894736842,-0.7578947368421053,0.08771929824561403,-0.887719298245614,0.11929824561403508,-1.0,0.1368421052631579,-0.47719298245614034,0.22807017543859648,-0.6771929824561403,0.28771929824561404,-0.8,0.3368421052631579,-0.9157894736842105,0.24210526315789474,-0.3719298245614035,0.35789473684210527,-0.45964912280701753,0.4245614035087719,-0.5157894736842106,0.47719298245614034,-0.5754385964912281
0,0.0,0.0,-0.1695501730103806,-0.11072664359861592,-0.2768166089965398,-0.25951557093425603,-0.370242214532872,-0.3806228373702422,-0.4532871972318339,-0.4913494809688581,-0.11418685121107267,-0.5397923875432526,-0.1245674740484429,-0.7370242214532872,-0.1245674740484429,-0.8650519031141869,-0.11072664359861592,-0.9688581314878892,0.03460207612456748,-0.5397923875432526,0.07958477508650519,-0.7508650519031141,0.11418685121107267,-0.8858131487889274,0.14186851211072665,-1.0,0.15916955017301038,-0.47750865051903113,0.2491349480968858,-0.6608996539792388,0.314878892733564,-0.7854671280276817,0.36678200692041524,-0.8996539792387543,0.25259515570934254,-0.370242214532872,0.36678200692041524,-0.44982698961937717,0.42560553633217996,-0.5017301038062284,0.47058823529411764,-0.5605536332179931
0,0.0,0.0,-0.16607773851590105,-0.10247349823321555,-0.27208480565371024,-0.24734982332155478,-0.3568904593639576,-0.3710247349823322,-0.4416961130742049,-0.4840989399293286,-0.0989399293286219,-0.5406360424028268,-0.10954063604240283,-0.734982332155477,-0.10600706713780919,-0.8621908127208481,-0.09540636042402827,-0.9717314487632509,0.053003533568904596,-0.5371024734982333,0.0989399293286219,-0.7526501766784452,0.13780918727915195,-0.8833922261484098,0.17314487632508835,-1.0,0.17314487632508835,-0.46996466431095407,0.26855123674911663,-0.657243816254417,0.33568904593639576,-0.7809187279151943,0.38869257950530034,-0.8939929328621908,0.26501766784452296,-0.3568904593639576,0.38162544169611307,-0.4381625441696113,0.4452296819787986,-0.4911660777385159,0.49469964664310956,-0.5512367491166078
0,0.0,0.0,-0.16783216783216784,-0.11538461538461539,-0.2692307692307692,-0.2727272727272727,-0.34965034965034963,-0.40559440559440557,-0.4405594405594406,-0.513986013986014,-0.08741258741258741,-0.5524475524475524,-0.08741258741258741,-0.7517482517482518,-0.08041958041958042,-0.8741258741258742,-0.06643356643356643,-0.9825174825174825,0.06293706293706294,-0.5384615384615384,0.11888111888111888,-0.7552447552447552,0.15734265734265734,-0.8881118881118881,0.19230769230769232,-1.0,0.18181818181818182,-0.46853146853146854,0.2867132867132867,-0.6503496503496503,0.35664335664335667,-0.7762237762237763,0.4125874125874126,-0.8916083916083916,0.2727272727272727,-0.34965034965034963,0.3951048951048951,-0.4370629370629371,0.46853146853146854,-0.48951048951048953,0.5174825174825175,-0.541958041958042
0,0.0,0.0,-0.17647058823529413,-0.09342560553633218,-0.29411764705882354,-0.2422145328719723,-0.3771626297577855,-0.3737024221453287,-0.47750865051903113,-0.47750865051903113,-0.11764705882352941,-0.5432525951557093,-0.11764705882352941,-0.7474048442906575,-0.11418685121107267,-0.8685121107266436,-0.10380622837370242,-0.972318339100346,0.03460207612456748,-0.5397923875432526,0.07612456747404844,-0.7612456747404844,0.11072664359861592,-0.889273356401384,0.14186851211072665,-1.0,0.15916955017301038,-0.4740484429065744,0.25259515570934254,-0.6643598615916955,0.31833910034602075,-0.7785467128027682,0.36678200692041524,-0.8823529411764706,0.25951557093425603,-0.36678200692041524,0.3737024221453287,-0.47058823529411764,0.4429065743944637,-0.5190311418685121,0.49480968858131485,-0.5709342560553633
0,0.0,0.0,-0.19014084507042253,-0.09859154929577464,-0.323943661971831,-0.23591549295774647,-0.426056338028169,-0.352112676056338,-0.5246478873239436,-0.4507042253521127,-0.1795774647887324,-0.5598591549295775,-0.1936619718309859,-0.7570422535211268,-0.2007042253521127,-0.8767605633802817,-0.2007042253521127,-0.9823943661971831,-0.02112676056338028,-0.5669014084507042,0.014084507042253521,-0.7746478873239436,0.03873239436619718,-0.897887323943662,0.06338028169014084,-1.0,0.11267605633802817,-0.5140845070422535,0.19014084507042253,-0.6901408450704225,0.23591549295774647,-0.8063380281690141,0.2605633802816901,-0.9190140845070423,0.22535211267605634,-0.4119718309859155,0.3380281690140845,-0.5176056338028169,0.39436619718309857,-0.5774647887323944,0.4225352112676056,-0.6408450704225352
0,0.0,0.0,-0.1958041958041958,-0.07692307692307693,-0.34615384615384615,-0.20279720279720279,-0.46153846153846156,-0.3041958041958042,-0.5734265734265734,-0.3706293706293706,-0.22377622377622378,-0.527972027972028,-0.2692307692307692,-0.7167832167832168,-0.3006993006993007,-0.8321678321678322,-0.32867132867132864,-0.9370629370629371,-0.08041958041958042,-0.5524475524475524,-0.08391608391608392,-0.7622377622377622,-0.09090909090909091,-0.8916083916083916,-0.0979020979020979,-1.0,0.04895104895104895,-0.513986013986014,0.08741258741258741,-0.7097902097902098,0.10839160839160839,-0.8321678321678322,0.12237762237762238,-0.9405594405594405,0.16433566433566432,-0.43006993006993005,0.24825174825174826,-0.5384615384615384,0.3006993006993007,-0.6083916083916084,0.33916083916083917,-0.6748251748251748
0,0.0,0.0,-0.19434628975265017,-0.08480565371024736,-0.3498233215547703,-0.2226148409893993,-0.4628975265017668,-0.3215547703180212,-0.568904593639576,-0.392226148409894,-0.20848056537102475,-0.5300353356890459,-0.26855123674911663,-0.7173144876325088,-0.30742049469964666,-0.8303886925795053,-0.34275618374558303,-0.9328621908127208,-0.06713780918727916,-0.5512367491166078,-0.07773851590106007,-0.7667844522968198,-0.08833922261484099,-0.8939929328621908,-0.10600706713780919,-1.0,0.05653710247349823,-0.5053003533568905,0.10247349823321555,-0.696113074204947,0.127208480565371,-0.8197879858657244,0.13427561837455831,-0.9257950530035336,0.15901060070671377,-0.4134275618374558,0.22968197879858657,-0.5265017667844523,0.26148409893992935,-0.5936395759717314,0.2826855123674912,-0.6537102473498233
0,0.0,0.0,-0.16666666666666666,-0.12962962962962962,-0.2851851851851852,-0.3148148148148148,-0.35555555555555557,-0.45555555555555555,-0.4222222222222222,-0.5555555555555556,-0.1,-0.5666666666666667,-0.13333333333333333,-0.7666666666666667,-0.16296296296296298,-0.8814814814814815,-0.2,-0.9814814814814815,0.03333333333333333,-0.5481481481481482,0.07407407407407407,-0.7666666666666667,0.05925925925925926,-0.9,0.025925925925925925,-1.0,0.14074074074074075,-0.45925925925925926,0.21851851851851853,-0.6444444444444445,0.22962962962962963,-0.7703703703703704,0.21481481481481482,-0.8814814814814815,0.21481481481481482,-0.32222222222222224,0.28888888888888886,-0.3962962962962963,0.28888888888888886,-0.4666666666666667,0.26666666666666666,-0.5370370370370371
0,0.0,0.0,-0.15,-0.1423076923076923,-0.23846153846153847,-0.34615384615384615,-0.29615384615384616,-0.5,-0.38076923076923075,-0.6153846153846154,-0.05,-0.5692307692307692,-0.07307692307692308,-0.7730769230769231,-0.09615384615384616,-0.8923076923076924,-0.12692307692307692,-1.0,0.08076923076923077,-0.5384615384615384,0.12692307692307692,-0.7538461538461538,0.11538461538461539,-0.8884615384615384,0.07692307692307693,-0.9961538461538462,0.18076923076923077,-0.43846153846153846,0.2692307692307692,-0.6115384615384616,0.27692307692307694,-0.7423076923076923,0.25384615384615383,-0.8538461538461538,0.2423076923076923,-0.29615384615384616,0.29615384615384616,-0.3769230769230769,0.28846153846153844,-0.4423076923076923,0.25769230769230766,-0.5076923076923077
0,0.0,0.0,-0.148,-0.156,-0.216,-0.372,-0.264,-0.52,-0.32,-0.644,-0.012,-0.588,-0.036,-0.788,-0.072,-0.904,-0.124,-1.0,0.104,-0.552,0.152,-0.764,0.124,-0.9,0.072,-0.996,0.188,-0.456,0.256,-0.632,0.224,-0.752,0.164,-0.84,0.236,-0.324,0.24,-0.444,0.192,-0.528,0.132,-0.596
0,0.0,0.0,-0.12890625,-0.24609375,-0.171875,-0.46875,-0.19921875,-0.62109375,-0.20703125,-0.76171875,0.0390625,-0.53515625,0.015625,-0.7578125,-0.05859375,-0.8984375,-0.14453125,-1.0,0.09375,-0.47265625,0.109375,-0.7109375,0.01953125,-0.85546875,-0.09375,-0.94921875,0.1171875,-0.3671875,0.1171875,-0.55078125,0.04296875,-0.67578125,-0.04296875,-0.765625,0.09375,-0.23828125,0.01953125,-0.3125,-0.078125,-0.3671875,-0.17578125,-0.4140625
0,0.0,0.0,-0.12698412698412698,-0.23412698412698413,-0.18253968253968253,-0.4444444444444444,-0.21428571428571427,-0.5873015873015873,-0.23809523809523808,-0.7023809523809523,0.03571428571428571,-0.5317460317460317,0.003968253968253968,-0.7658730158730159,-0.09126984126984126,-0.9126984126984127,-0.19444444444444445,-1.0,0.0873015873015873,-0.47619047619047616,0.0873015873015873,-0.7301587301587301,-0.031746031746031744,-0.873015873015873,-0.1626984126984127,-0.9325396825396826,0.09126984126984126,-0.38492063492063494,0.05555555555555555,-0.5912698412698413,-0.05952380952380952,-0.6984126984126984,-0.1626984126984127,-0.7619047619047619,0.03968253968253968,-0.26587301587301587,-0.07539682539682539,-0.3412698412698413,-0.19047619047619047,-0.4007936507936508,-0.28174603174603174,-0.4444444444444444
0,0.0,0.0,-0.14937759336099585,-0.24066390041493776,-0.1991701244813278,-0.4896265560165975,-0.21161825726141079,-0.6680497925311203,-0.22821576763485477,-0.8174273858921162,0.0,-0.5850622406639004,0.008298755186721992,-0.7883817427385892,-0.06224066390041494,-0.9128630705394191,-0.14107883817427386,-1.0,0.07883817427385892,-0.5186721991701245,0.15352697095435686,-0.7427385892116183,0.04979253112033195,-0.8672199170124482,-0.07883817427385892,-0.91701244813278,0.12863070539419086,-0.4066390041493776,0.17842323651452283,-0.5809128630705395,0.07053941908713693,-0.6804979253112033,-0.04979253112033195,-0.7385892116182573,0.12863070539419086,-0.26141078838174275,0.0912863070539419,-0.33195020746887965,-0.016597510373443983,-0.37344398340248963,-0.12448132780082988,-0.3983402489626556
0,0.0,0.0,-0.1452991452991453,-0.21367521367521367,-0.20512820512820512,-0.4444444444444444,-0.23076923076923078,-0.6111111111111112,-0.2606837606837607,-0.7521367521367521,0.021367521367521368,-0.5683760683760684,-0.01282051282051282,-0.7649572649572649,-0.08974358974358974,-0.9017094017094017,-0.17094017094017094,-1.0,0.10256410256410256,-0.5,0.1581196581196581,-0.717948717948718,0.05982905982905983,-0.8504273504273504,-0.06837606837606838,-0.905982905982906,0.14957264957264957,-0.3803418803418803,0.21794871794871795,-0.5598290598290598,0.1111111111111111,-0.6666666666666666,-0.004273504273504274,-0.717948717948718,0.14957264957264957,-0.21794871794871795,0.14102564102564102,-0.3034188034188034,0.03418803418803419,-0.3504273504273504,-0.07692307692307693,-0.37606837606837606
0,0.0,0.0,-0.16055045871559634,-0.16055045871559634,-0.21559633027522937,-0.39908256880733944,-0.23853211009174313,-0.5779816513761468,-0.2981651376146789,-0.7201834862385321,-0.013761467889908258,-0.5688073394495413,-0.03211009174311927,-0.7844036697247706,-0.08256880733944955,-0.908256880733945,-0.15137614678899083,-1.0,0.11467889908256881,-0.5091743119266054,0.2018348623853211,-0.7477064220183486,0.13302752293577982,-0.8623853211009175,0.01834862385321101,-0.9036697247706422,0.2018348623853211,-0.3761467889908257,0.3256880733944954,-0.5642201834862385,0.23853211009174313,-0.6513761467889908,0.12844036697247707,-0.6972477064220184,0.24770642201834864,-0.2018348623853211,0.2889908256880734,-0.28440366972477066,0.19724770642201836,-0.3256880733944954,0.08256880733944955,-0.3486238532110092
0,0.0,0.0,-0.22310756972111553,-0.08764940239043825,-0.36254980079681276,-0.27091633466135456,-0.43824701195219123,-0.4302788844621514,-0.5378486055776892,-0.5418326693227091,-0.199203187250996,-0.5617529880478087,-0.2151394422310757,-0.7410358565737052,-0.20717131474103587,-0.8366533864541833,-0.18725099601593626,-0.9282868525896414,-0.03187250996015936,-0.5737051792828686,-0.01593625498007968,-0.7768924302788844,0.00398406374501992,-0.8884462151394422,0.0199203187250996,-1.0,0.11155378486055777,-0.5298804780876494,0.17131474103585656,-0.7211155378486056,0.2151394422310757,-0.8366533864541833,0.24302788844621515,-0.952191235059761,0.23904382470119523,-0.43824701195219123,0.3466135458167331,-0.5856573705179283,0.41434262948207173,-0.6733067729083665,0.46613545816733065,-0.7689243027888446
0,0.0,0.0,-0.22,-0.092,-0.368,-0.252,-0.464,-0.4,-0.576,-0.504,-0.236,-0.56,-0.26,-0.72,-0.26,-0.816,-0.248,-0.908,-0.072,-0.584,-0.064,-0.784,-0.052,-0.896,-0.036,-1.0,0.072,-0.548,0.116,-0.74,0.144,-0.852,0.172,-0.952,0.212,-0.468,0.292,-0.612,0.352,-0.704,0.404,-0.804
0,0.0,0.0,-0.21951219512195122,-0.07723577235772358,-0.3780487804878049,-0.23170731707317074,-0.4796747967479675,-0.36585365853658536,-0.5853658536585366,-0.45528455284552843,-0.25609756097560976,-0.532520325203252,-0.2926829268292683,-0.7032520325203252,-0.3008130081300813,-0.8048780487804879,-0.2886178861788618,-0.8902439024390244,-0.0975609756097561,-0.5691056910569106,-0.10569105691056911,-0.7764227642276422,-0.0975609756097561,-0.8983739837398373,-0.08130081300813008,-1.0,0.044715447154471545,-0.5487804878048781,0.07723577235772358,-0.7357723577235772,0.1016260162601626,-0.8536585365853658,0.12195121951219512,-0.9552845528455285,0.18699186991869918,-0.483739837398374,0.25609756097560976,-0.6260162601626016,0.3048780487804878,-0.7154471544715447,0.34552845528455284,-0.8048780487804879
0,0.0,0.0,-0.23651452282157676,-0.06224066390041494,-0.4066390041493776,-0.21161825726141079,-0.5145228215767634,-0.35684647302904565,-0.6307053941908713,-0.44813278008298757,-0.2946058091286307,-0.5228215767634855,-0.34024896265560167,-0.6970954356846473,-0.34854771784232363,-0.7966804979253111,-0.3360995850622407,-0.8921161825726142,-0.13692946058091288,-0.5726141078838174,-0.15352697095435686,-0.7759336099585062,-0.14107883817427386,-0.8962655601659751,-0.11203319502074689,-1.0,0.012448132780082987,-0.5601659751037344,0.024896265560165973,-0.7551867219917012,0.05394190871369295,-0.8713692946058091,0.08713692946058091,-0.970954356846473,0.16182572614107885,-0.5020746887966805,0.21991701244813278,-0.6514522821576764,0.27385892116182575,-0.7427385892116183,0.31950207468879666,-0.8257261410788381
0,0.0,0.0,-0.25,0.004629629629629629,-0.48148148148148145,-0.09722222222222222,-0.6388888888888888,-0.18981481481481483,-0.7824074074074074,-0.2361111111111111,-0.4675925925925926,-0.44907407407407407,-0.5833333333333334,-0.6111111111111112,-0.6157407407407407,-0.7222222222222222,-0.625,-0.8240740740740741,-0.3333333333333333,-0.5370370370370371,-0.4212962962962963,-0.7407407407407407,-0.44907407407407407,-0.8657407407407407,-0.4583333333333333,-0.9768518518518519,-0.18055555555555555,-0.5740740740740741,-0.23148148148148148,-0.7777777777777778,-0.2361111111111111,-0.8935185185185185,-0.24074074074074073,-1.0,-0.013888888888888888,-0.5555555555555556,-0.013888888888888888,-0.7175925925925926,0.004629629629629629,-0.8194444444444444,0.018518518518518517,-0.9120370370370371
0,0.0,0.0,-0.26424870466321243,0.046632124352331605,-0.5284974093264249,-0.015544041450777202,-0.7357512953367875,-0.07772020725388601,-0.9119170984455959,-0.10362694300518134,-0.6062176165803109,-0.37823834196891193,-0.7875647668393783,-0.49740932642487046,-0.9015544041450777,-0.5751295336787565,-0.9948186528497409,-0.6528497409326425,-0.5025906735751295,-0.48704663212435234,-0.6787564766839378,-0.6321243523316062,-0.7927461139896373,-0.6994818652849741,-0.8963730569948186,-0.7564766839378239,-0.35233160621761656,-0.5595854922279793,-0.5025906735751295,-0.7305699481865285,-0.5958549222797928,-0.8290155440414507,-0.689119170984456,-0.917098445595855,-0.17098445595854922,-0.5906735751295337,-0.23316062176165803,-0.772020725388601,-0.27461139896373055,-0.8860103626943006,-0.32124352331606215,-1.0
0,0.0,0.0,-0.22272727272727272,0.1318181818181818,-0.4772727272727273,0.1590909090909091,-0.6818181818181818,0.15454545454545454,-0.8363636363636363,0.17727272727272728,-0.6090909090909091,-0.1409090909090909,-0.8,-0.23636363636363636,-0.9090909090909091,-0.30454545454545456,-1.0,-0.36818181818181817,-0.5318181818181819,-0.2863636363636364,-0.7227272727272728,-0.4318181818181818,-0.8318181818181818,-0.5181818181818182,-0.9318181818181818,-0.5863636363636363,-0.41818181818181815,-0.39090909090909093,-0.5818181818181818,-0.55,-0.6772727272727272,-0.6454545454545455,-0.7636363636363637,-0.7227272727272728,-0.2727272727272727,-0.4636363636363636,-0.35454545454545455,-0.6136363636363636,-0.41363636363636364,-0.7090909090909091,-0.4727272727272727,-0.7909090909090909
0,0.0,0.0,-0.21367521367521367,0.11965811965811966,-0.452991452991453,0.14957264957264957,-0.6495726495726496,0.14957264957264957,-0.8076923076923077,0.1623931623931624,-0.5726495726495726,-0.1581196581196581,-0.7777777777777778,-0.24358974358974358,-0.8974358974358975,-0.29914529914529914,-1.0,-0.358974358974359,-0.5042735042735043,-0.2905982905982906,-0.7051282051282052,-0.4230769230769231,-0.8290598290598291,-0.5,-0.9358974358974359,-0.5726495726495726,-0.3974358974358974,-0.38461538461538464,-0.5683760683760684,-0.5341880341880342,-0.6794871794871795,-0.6282051282051282,-0.782051282051282,-0.7051282051282052,-0.2606837606837607,-0.45726495726495725,-0.358974358974359,-0.6068376068376068,-0.43162393162393164,-0.6965811965811965,-0.5128205128205128,-0.7777777777777778
0,0.0,0.0,-0.19834710743801653,0.13636363636363635,-0.4256198347107438,0.21074380165289255,-0.6074380165289256,0.24793388429752067,-0.7479338842975206,0.28512396694214875,-0.5743801652892562,-0.08677685950413223,-0.78099173553719,-0.15289256198347106,-0.8966942148760331,-0.19834710743801653,-1.0,-0.24380165289256198,-0.5165289256198347,-0.2190082644628099,-0.7231404958677686,-0.3347107438016529,-0.8471074380165289,-0.40082644628099173,-0.9504132231404959,-0.45867768595041325,-0.4214876033057851,-0.32644628099173556,-0.5991735537190083,-0.45867768595041325,-0.7107438016528925,-0.5371900826446281,-0.8099173553719008,-0.5991735537190083,-0.2975206611570248,-0.4090909090909091,-0.40082644628099173,-0.5495867768595041,-0.4793388429752066,-0.6363636363636364,-0.5578512396694215,-0.7066115702479339
0,0.0,0.0,-0.1885245901639344,0.15163934426229508,-0.39344262295081966,0.23770491803278687,-0.5532786885245902,0.30327868852459017,-0.6762295081967213,0.36475409836065575,-0.5655737704918032,-0.05327868852459016,-0.7704918032786885,-0.09016393442622951,-0.8934426229508197,-0.11065573770491803,-1.0,-0.13524590163934427,-0.5327868852459017,-0.1885245901639344,-0.7418032786885246,-0.27049180327868855,-0.8729508196721312,-0.3114754098360656,-0.9877049180327869,-0.3483606557377049,-0.45901639344262296,-0.29918032786885246,-0.639344262295082,-0.4057377049180328,-0.7581967213114754,-0.46311475409836067,-0.8688524590163934,-0.5081967213114754,-0.3524590163934426,-0.39344262295081966,-0.47540983606557374,-0.5163934426229508,-0.5655737704918032,-0.5860655737704918,-0.6598360655737705,-0.639344262295082
0,0.0,0.0,-0.18442622950819673,0.1598360655737705,-0.39344262295081966,0.25,-0.5532786885245902,0.319672131147541,-0.6762295081967213,0.38114754098360654,-0.5655737704918032,-0.045081967213114756,-0.7704918032786885,-0.07377049180327869,-0.8934426229508197,-0.0942622950819672,-1.0,-0.11475409836065574,-0.5286885245901639,-0.18032786885245902,-0.7418032786885246,-0.2581967213114754,-0.8770491803278688,-0.29918032786885246,-0.9959016393442623,-0.3319672131147541,-0.45491803278688525,-0.29508196721311475,-0.639344262295082,-0.39344262295081966,-0.7663934426229508,-0.45081967213114754,-0.8770491803278688,-0.4959016393442623,-0.3524590163934426,-0.38934426229508196,-0.48360655737704916,-0.5081967213114754,-0.5778688524590164,-0.5737704918032787,-0.6762295081967213,-0.6229508196721312
0,0.0,0.0,-0.18,0.176,-0.364,0.296,-0.512,0.38,-0.628,0.448,-0.564,-0.012,-0.768,-0.032,-0.884,-0.044,-0.992,-0.06,-0.54,-0.148,-0.752,-0.216,-0.888,-0.248,-1.0,-0.276,-0.476,-0.264,-0.664,-0.356,-0.792,-0.4,-0.904,-0.436,-0.384,-0.364,-0.524,-0.468,-0.628,-0.524,-0.728,-0.572
0,0.0,0.0,-0.18518518518518517,0.17695473251028807,-0.37448559670781895,0.2880658436213992,-0.5185185185185185,0.3662551440329218,-0.6296296296296297,0.43209876543209874,-0.5596707818930041,-0.03292181069958848,-0.7613168724279835,-0.06172839506172839,-0.8806584362139918,-0.07818930041152264,-0.9876543209876543,-0.09465020576131687,-0.5349794238683128,-0.1728395061728395,-0.7489711934156379,-0.25102880658436216,-0.8847736625514403,-0.2839506172839506,-1.0,-0.31275720164609055,-0.4732510288065844,-0.2880658436213992,-0.6625514403292181,-0.3950617283950617,-0.7860082304526749,-0.4403292181069959,-0.9012345679012346,-0.4732510288065844,-0.38271604938271603,-0.38271604938271603,-0.5185185185185185,-0.5020576131687243,-0.6213991769547325,-0.5637860082304527,-0.720164609053498,-0.6090534979423868
0,0.0,0.0,-0.21428571428571427,0.14285714285714285,-0.42016806722689076,0.22268907563025211,-0.5756302521008403,0.28991596638655465,-0.6848739495798319,0.35714285714285715,-0.5714285714285714,-0.12605042016806722,-0.7689075630252101,-0.18907563025210083,-0.8907563025210085,-0.22268907563025211,-1.0,-0.25630252100840334,-0.5210084033613446,-0.2647058823529412,-0.726890756302521,-0.37815126050420167,-0.8613445378151261,-0.4327731092436975,-0.9789915966386554,-0.4789915966386555,-0.4369747899159664,-0.3697478991596639,-0.6176470588235294,-0.5042016806722689,-0.7394957983193278,-0.5756302521008403,-0.8529411764705882,-0.6260504201680672,-0.3235294117647059,-0.453781512605042,-0.44537815126050423,-0.5966386554621849,-0.542016806722689,-0.6722689075630253,-0.6386554621848739,-0.7394957983193278
0,0.0,0.0,-0.20502092050209206,0.1506276150627615,-0.41422594142259417,0.2384937238493724,-0.5690376569037657,0.301255230125523,-0.6778242677824268,0.3598326359832636,-0.5732217573221757,-0.12552301255230125,-0.7698744769874477,-0.18828451882845187,-0.891213389121339,-0.2217573221757322,-1.0,-0.2510460251046025,-0.5188284518828452,-0.26359832635983266,-0.7322175732217573,-0.37656903765690375,-0.8702928870292888,-0.4351464435146444,-0.9874476987447699,-0.4769874476987448,-0.4351464435146444,-0.3723849372384937,-0.6150627615062761,-0.5104602510460251,-0.7447698744769874,-0.5774058577405857,-0.8619246861924686,-0.6276150627615062,-0.3263598326359833,-0.4560669456066946,-0.45188284518828453,-0.5983263598326359,-0.5523012552301255,-0.6736401673640168,-0.6527196652719666,-0.7322175732217573
0,0.0,0.0,-0.2032520325203252,0.15040650406504066,-0.4065040650406504,0.23983739837398374,-0.5650406504065041,0.3008130081300813,-0.6747967479674797,0.3617886178861789,-0.5650406504065041,-0.10569105691056911,-0.7642276422764228,-0.16666666666666666,-0.8902439024390244,-0.1991869918699187,-1.0,-0.23577235772357724,-0.5203252032520326,-0.24390243902439024,-0.7317073170731707,-0.35772357723577236,-0.8699186991869918,-0.4146341463414634,-0.991869918699187,-0.45528455284552843,-0.43902439024390244,-0.34959349593495936,-0.6260162601626016,-0.483739837398374,-0.7560975609756098,-0.5528455284552846,-0.8780487804878049,-0.6056910569105691,-0.3333333333333333,-0.4349593495934959,-0.45934959349593496,-0.573170731707317,-0.5609756097560976,-0.6463414634146342,-0.6626016260162602,-0.7073170731707317
0,0.0,0.0,-0.18548387096774194,0.11290322580645161,-0.38306451612903225,0.13709677419354838,-0.5201612903225806,0.14919354838709678,-0.6169354838709677,0.1814516129032258,-0.5564516129032258,-0.2620967741935484,-0.7379032258064516,-0.3548387096774194,-0.8588709677419355,-0.38306451612903225,-0.967741935483871,-0.39919354838709675,-0.5120967741935484,-0.3709677419354839,-0.7137096774193549,-0.5201612903225806,-0.8669354838709677,-0.5806451612903226,-1.0,-0.6129032258064516,-0.4314516129032258,-0.43951612903225806,-0.6169354838709677,-0.6129032258064516,-0.7620967741935484,-0.6895161290322581,-0.8911290322580645,-0.7338709677419355,-0.3185483870967742,-0.4798387096774194,-0.45161290322580644,-0.6370967741935484,-0.5685483870967742,-0.717741935483871,-0.6814516129032258,-0.7741935483870968
0,0.0,0.0,-0.1889763779527559,0.09448818897637795,-0.3779527559055118,0.10236220472440945,-0.5039370078740157,0.11023622047244094,-0.5984251968503937,0.1377952755905512,-0.5590551181102362,-0.2874015748031496,-0.7362204724409449,-0.38188976377952755,-0.8543307086614174,-0.41338582677165353,-0.968503937007874,-0.4251968503937008,-0.515748031496063,-0.38188976377952755,-0.7165354330708661,-0.531496062992126,-0.8661417322834646,-0.5826771653543307,-1.0,-0.610236220472441,-0.4409448818897638,-0.4448818897637795,-0.6181102362204725,-0.6220472440944882,-0.7559055118110236,-0.6929133858267716,-0.889763779527559,-0.7322834645669292,-0.33070866141732286,-0.4763779527559055,-0.46062992125984253,-0.6338582677165354,-0.5787401574803149,-0.7086614173228346,-0.6968503937007874,-0.7519685039370079
0,0.0,0.0,-0.17938931297709923,0.07251908396946564,-0.366412213740458,0.05725190839694656,-0.48854961832061067,0.05343511450381679,-0.5801526717557252,0.07633587786259542,-0.549618320610687,-0.2862595419847328,-0.7175572519083969,-0.3893129770992366,-0.8396946564885496,-0.4198473282442748,-0.9541984732824428,-0.42748091603053434,-0.5114503816793893,-0.36259541984732824,-0.7137404580152672,-0.5076335877862596,-0.8625954198473282,-0.5610687022900763,-1.0,-0.5877862595419847,-0.4389312977099237,-0.4122137404580153,-0.6221374045801527,-0.5877862595419847,-0.7633587786259542,-0.6526717557251909,-0.8931297709923665,-0.6870229007633588,-0.33969465648854963,-0.4351145038167939,-0.4732824427480916,-0.583969465648855,-0.5916030534351145,-0.648854961832061,-0.7099236641221374,-0.683206106870229
0,0.0,0.0,-0.1839080459770115,0.06896551724137931,-0.3793103448275862,0.05747126436781609,-0.5019157088122606,0.06130268199233716,-0.5938697318007663,0.0842911877394636,-0.5478927203065134,-0.28735632183908044,-0.7241379310344828,-0.3831417624521073,-0.8467432950191571,-0.4099616858237548,-0.9616858237547893,-0.421455938697318,-0.5095785440613027,-0.36398467432950193,-0.7164750957854407,-0.5057471264367817,-0.8659003831417624,-0.5555555555555556,-1.0,-0.5862068965517241,-0.4329501915708812,-0.41762452107279696,-0.6245210727969349,-0.5862068965517241,-0.7624521072796935,-0.6513409961685823,-0.896551724137931,-0.6896551724137931,-0.32567049808429116,-0.44061302681992337,-0.45977011494252873,-0.5900383141762452,-0.5747126436781609,-0.6590038314176245,-0.6973180076628352,-0.7011494252873564
0,0.0,0.0,-0.1744186046511628,0.06589147286821706,-0.35658914728682173,0.04263565891472868,-0.47674418604651164,0.03488372093023256,-0.5658914728682171,0.06201550387596899,-0.5387596899224806,-0.29844961240310075,-0.7170542635658915,-0.3953488372093023,-0.8410852713178295,-0.42248062015503873,-0.9534883720930233,-0.43023255813953487,-0.5038759689922481,-0.37209302325581395,-0.7093023255813954,-0.5155038759689923,-0.8604651162790697,-0.562015503875969,-1.0,-0.5852713178294574,-0.43410852713178294,-0.42248062015503873,-0.624031007751938,-0.5891472868217055,-0.7635658914728682,-0.6511627906976745,-0.8953488372093024,-0.6821705426356589,-0.3333333333333333,-0.44573643410852715,-0.47674418604651164,-0.5891472868217055,-0.6007751937984496,-0.6472868217054264,-0.7248062015503876,-0.6744186046511628
0,0.0,0.0,0.109375,-0.2552083333333333,0.125,-0.4895833333333333,0.125,-0.7083333333333334,0.15104166666666666,-0.875,-0.296875,-0.6458333333333334,-0.4427083333333333,-0.8697916666666666,-0.5520833333333334,-0.9583333333333334,-0.6510416666666666,-1.0,-0.4375,-0.5364583333333334,-0.6354166666666666,-0.7395833333333334,-0.7708333333333334,-0.8072916666666666,-0.875,-0.828125,-0.5208333333333334,-0.3802083333333333,-0.7239583333333334,-0.53125,-0.8489583333333334,-0.5833333333333334,-0.953125,-0.6145833333333334,-0.5520833333333334,-0.20833333333333334,-0.7135416666666666,-0.25,-0.8229166666666666,-0.2760416666666667,-0.9114583333333334,-0.3020833333333333
0,0.0,0.0,0.15873015873015872,-0.20634920634920634,0.24338624338624337,-0.4021164021164021,0.30687830687830686,-0.5978835978835979,0.38095238095238093,-0.7301587301587301,-0.1164021164021164,-0.5767195767195767,-0.19047619047619047,-0.8253968253968254,-0.2275132275132275,-0.9365079365079365,-0.23809523809523808,-1.0,-0.2751322751322751,-0.4973544973544973,-0.3915343915343915,-0.7407407407407407,-0.43386243386243384,-0.8518518518518519,-0.4444444444444444,-0.9206349206349206,-0.37566137566137564,-0.3915343915343915,-0.5079365079365079,-0.582010582010582,-0.5396825396825397,-0.6825396825396826,-0.5396825396825397,-0.746031746031746,-0.43386243386243384,-0.2751322751322751,-0.5291005291005291,-0.3968253968253968,-0.5185185185185185,-0.43386243386243384,-0.47619047619047616,-0.4444444444444444
0,0.0,0.0,0.1702127659574468,-0.2127659574468085,0.25,-0.4095744680851064,0.30851063829787234,-0.6117021276595744,0.3723404255319149,-0.7446808510638298,-0.12234042553191489,-0.574468085106383,-0.2074468085106383,-0.8297872340425532,-0.25,-0.9414893617021277,-0.26063829787234044,-1.0,-0.28191489361702127,-0.4946808510638298,-0.4095744680851064,-0.7393617021276596,-0.4521276595744681,-0.8457446808510638,-0.4574468085106383,-0.9095744680851063,-0.3829787234042553,-0.3882978723404255,-0.5159574468085106,-0.5797872340425532,-0.5425531914893617,-0.6808510638297872,-0.5372340425531915,-0.7393617021276596,-0.43617021276595747,-0.2765957446808511,-0.5212765957446809,-0.3882978723404255,-0.5106382978723404,-0.43617021276595747,-0.4734042553191489,-0.4574468085106383
0,0.0,0.0,0.17647058823529413,-0.19786096256684493,0.25668449197860965,-0.39572192513368987,0.32620320855614976,-0.5882352941176471,0.40641711229946526,-0.7219251336898396,-0.11229946524064172,-0.5721925133689839,-0.18181818181818182,-0.8288770053475936,-0.21390374331550802,-0.9411764705882353,-0.2192513368983957,-1.0,-0.2727272727272727,-0.49732620320855614,-0.37967914438502676,-0.7379679144385026,-0.41711229946524064,-0.8502673796791443,-0.41711229946524064,-0.9090909090909091,-0.37433155080213903,-0.3850267379679144,-0.49732620320855614,-0.5775401069518716,-0.5240641711229946,-0.6737967914438503,-0.5187165775401069,-0.7272727272727273,-0.42780748663101603,-0.2727272727272727,-0.5133689839572193,-0.39037433155080214,-0.4919786096256685,-0.42780748663101603,-0.44919786096256686,-0.43315508021390375
0,0.0,0.0,0.17553191489361702,-0.20212765957446807,0.26063829787234044,-0.39361702127659576,0.32978723404255317,-0.5957446808510638,0.40425531914893614,-0.7340425531914894,-0.10638297872340426,-0.574468085106383,-0.18085106382978725,-0.8351063829787234,-0.2127659574468085,-0.9468085106382979,-0.21808510638297873,-1.0,-0.26595744680851063,-0.5,-0.3829787234042553,-0.75,-0.42021276595744683,-0.8617021276595744,-0.4148936170212766,-0.9202127659574468,-0.3723404255319149,-0.39361702127659576,-0.5053191489361702,-0.6063829787234043,-0.526595744680851,-0.7074468085106383,-0.5053191489361702,-0.7553191489361702,-0.425531914893617,-0.28191489361702127,-0.5212765957446809,-0.4095744680851064,-0.5,-0.44680851063829785,-0.44148936170212766,-0.44680851063829785
0,0.0,0.0,0.17204301075268819,-0.20430107526881722,0.25806451612903225,-0.3870967741935484,0.3172043010752688,-0.5860215053763441,0.3924731182795699,-0.7258064516129032,-0.11290322580645161,-0.5806451612903226,-0.1935483870967742,-0.8279569892473119,-0.23118279569892472,-0.9408602150537635,-0.24193548387096775,-1.0,-0.27419354838709675,-0.5053763440860215,-0.4032258064516129,-0.7473118279569892,-0.45161290322580644,-0.8602150537634409,-0.45698924731182794,-0.9139784946236559,-0.3870967741935484,-0.3924731182795699,-0.532258064516129,-0.5967741935483871,-0.5645161290322581,-0.6989247311827957,-0.5645161290322581,-0.7526881720430108,-0.45161290322580644,-0.26881720430107525,-0.5645161290322581,-0.4032258064516129,-0.5483870967741935,-0.43548387096774194,-0.489247311827957,-0.42473118279569894
0,0.0,0.0,0.1712707182320442,-0.19889502762430938,0.27071823204419887,-0.3867403314917127,0.3425414364640884,-0.580110497237569,0.4088397790055249,-0.7182320441988951,-0.08287292817679558,-0.580110497237569,-0.16574585635359115,-0.8397790055248618,-0.20994475138121546,-0.9502762430939227,-0.23204419889502761,-1.0,-0.2541436464088398,-0.5193370165745856,-0.39226519337016574,-0.7790055248618785,-0.4419889502762431,-0.8895027624309392,-0.4585635359116022,-0.9392265193370166,-0.3756906077348066,-0.4088397790055249,-0.5359116022099447,-0.6187845303867403,-0.574585635359116,-0.7182320441988951,-0.580110497237569,-0.7679558011049724,-0.44751381215469616,-0.292817679558011,-0.574585635359116,-0.4143646408839779,-0.574585635359116,-0.4530386740331492,-0.5414364640883977,-0.4585635359116022
0,0.0,0.0,0.18888888888888888,-0.19444444444444445,0.28888888888888886,-0.37777777777777777,0.35555555555555557,-0.5611111111111111,0.43333333333333335,-0.6833333333333333,-0.05555555555555555,-0.5888888888888889,-0.12777777777777777,-0.85,-0.17777777777777778,-0.9611111111111111,-0.2111111111111111,-1.0,-0.23333333333333334,-0.5277777777777778,-0.36666666666666664,-0.8055555555555556,-0.43333333333333335,-0.9111111111111111,-0.46111111111111114,-0.9388888888888889,-0.3611111111111111,-0.4166666666666667,-0.5166666666666667,-0.65,-0.5722222222222222,-0.75,-0.5833333333333334,-0.7833333333333333,-0.4444444444444444,-0.28888888888888886,-0.5722222222222222,-0.4111111111111111,-0.6,-0.46111111111111114,-0.5888888888888889,-0.48333333333333334
0,0.0,0.0,0.1839080459770115,-0.1896551724137931,0.26436781609195403,-0.3563218390804598,0.3103448275862069,-0.5344827586206896,0.39080459770114945,-0.6494252873563219,-0.040229885057471264,-0.5977011494252874,-0.1206896551724138,-0.867816091954023,-0.20114942528735633,-0.9655172413793104,-0.26436781609195403,-1.0,-0.21264367816091953,-0.5517241379310345,-0.3505747126436782,-0.8333333333333334,-0.4482758620689655,-0.9367816091954023,-0.5172413793103449,-0.9712643678160919,-0.3505747126436782,-0.4540229885057471,-0.5114942528735632,-0.6954022988505747,-0.6091954022988506,-0.7873563218390804,-0.6724137931034483,-0.8275862068965517,-0.4540229885057471,-0.3160919540229885,-0.603448275862069,-0.4425287356321839,-0.6839080459770115,-0.5,-0.7298850574712644,-0.5344827586206896
0,0.0,0.0,0.19298245614035087,-0.17543859649122806,0.2807017543859649,-0.3391812865497076,0.32748538011695905,-0.5087719298245614,0.4093567251461988,-0.6140350877192983,-0.029239766081871343,-0.5964912280701754,-0.1111111111111111,-0.8654970760233918,-0.19883040935672514,-0.9649122807017544,-0.26900584795321636,-1.0,-0.19883040935672514,-0.5555555555555556,-0.34502923976608185,-0.8304093567251462,-0.4502923976608187,-0.935672514619883,-0.52046783625731,-0.9766081871345029,-0.34502923976608185,-0.45614035087719296,-0.5087719298245614,-0.695906432748538,-0.6140350877192983,-0.7894736842105263,-0.6842105263157895,-0.8304093567251462,-0.4502923976608187,-0.3216374269005848,-0.6023391812865497,-0.4444444444444444,-0.6842105263157895,-0.49707602339181284,-0.7426900584795322,-0.5380116959064327
0,0.0,0.0,0.1676300578034682,-0.1676300578034682,0.23699421965317918,-0.32947976878612717,0.2658959537572254,-0.4797687861271676,0.3236994219653179,-0.5780346820809249,-0.04046242774566474,-0.5953757225433526,-0.12716763005780346,-0.861271676300578,-0.2254335260115607,-0.9595375722543352,-0.3063583815028902,-1.0,-0.18497109826589594,-0.5606936416184971,-0.34104046242774566,-0.8439306358381503,-0.4624277456647399,-0.953757225433526,-0.5491329479768786,-0.9942196531791907,-0.3236994219653179,-0.47398843930635837,-0.49710982658959535,-0.7225433526011561,-0.6242774566473989,-0.8323699421965318,-0.7225433526011561,-0.8959537572254336,-0.44508670520231214,-0.3468208092485549,-0.6184971098265896,-0.48554913294797686,-0.7283236994219653,-0.5433526011560693,-0.815028901734104,-0.5838150289017341
0,0.0,0.0,0.14942528735632185,-0.14942528735632185,0.1896551724137931,-0.2988505747126437,0.20114942528735633,-0.43103448275862066,0.25862068965517243,-0.5,-0.017241379310344827,-0.5804597701149425,-0.13218390804597702,-0.8390804597701149,-0.25862068965517243,-0.9310344827586207,-0.3505747126436782,-0.9540229885057471,-0.14367816091954022,-0.5632183908045977,-0.3103448275862069,-0.8563218390804598,-0.4482758620689655,-0.9597701149425287,-0.5459770114942529,-1.0,-0.27011494252873564,-0.4885057471264368,-0.45977011494252873,-0.7586206896551724,-0.5977011494252874,-0.867816091954023,-0.7011494252873564,-0.9252873563218391,-0.39655172413793105,-0.3735632183908046,-0.5977011494252874,-0.5287356321839081,-0.7126436781609196,-0.5919540229885057,-0.8045977011494253,-0.6379310344827587
0,0.0,0.0,0.16666666666666666,-0.16129032258064516,0.24193548387096775,-0.3118279569892473,0.27956989247311825,-0.45161290322580644,0.34946236559139787,-0.5483870967741935,-0.03763440860215054,-0.5698924731182796,-0.11827956989247312,-0.7956989247311828,-0.1881720430107527,-0.9139784946236559,-0.24731182795698925,-0.9946236559139785,-0.1881720430107527,-0.5376344086021505,-0.3172043010752688,-0.7849462365591398,-0.41935483870967744,-0.9139784946236559,-0.4946236559139785,-1.0,-0.3225806451612903,-0.45161290322580644,-0.4731182795698925,-0.6774193548387096,-0.5806451612903226,-0.8064516129032258,-0.6720430107526881,-0.8978494623655914,-0.43010752688172044,-0.3333333333333333,-0.6021505376344086,-0.46774193548387094,-0.7204301075268817,-0.5376344086021505,-0.8172043010752689,-0.6021505376344086
0,0.0,0.0,0.1336405529953917,-0.17972350230414746,0.22119815668202766,-0.33640552995391704,0.30414746543778803,-0.4838709677419355,0.391705069124424,-0.5898617511520737,-0.07834101382488479,-0.5069124423963134,-0.1336405529953917,-0.7465437788018433,-0.17972350230414746,-0.8894009216589862,-0.22119815668202766,-1.0,-0.22119815668202766,-0.45622119815668205,-0.31336405529953915,-0.7142857142857143,-0.39631336405529954,-0.8663594470046083,-0.4608294930875576,-0.9723502304147466,-0.3225806451612903,-0.3640552995391705,-0.45622119815668205,-0.576036866359447,-0.5576036866359447,-0.7142857142857143,-0.6359447004608295,-0.815668202764977,-0.3870967741935484,-0.2534562211981567,-0.5483870967741935,-0.3548387096774194,-0.6543778801843319,-0.4147465437788018,-0.7465437788018433,-0.47465437788018433
0,0.0,0.0,0.13302752293577982,-0.1834862385321101,0.22018348623853212,-0.3394495412844037,0.30275229357798167,-0.4908256880733945,0.38990825688073394,-0.591743119266055,-0.0779816513761468,-0.5045871559633027,-0.13761467889908258,-0.7477064220183486,-0.18807339449541285,-0.8899082568807339,-0.22935779816513763,-1.0,-0.22018348623853212,-0.4541284403669725,-0.3119266055045872,-0.7155963302752294,-0.3944954128440367,-0.8623853211009175,-0.45871559633027525,-0.963302752293578,-0.3211009174311927,-0.3623853211009174,-0.45871559633027525,-0.573394495412844,-0.555045871559633,-0.7064220183486238,-0.6284403669724771,-0.8073394495412844,-0.3853211009174312,-0.25229357798165136,-0.5458715596330275,-0.3532110091743119,-0.6467889908256881,-0.41284403669724773,-0.7385321100917431,-0.4724770642201835
0,0.0,0.0,0.1415525114155251,-0.1872146118721461,0.2328767123287671,-0.3424657534246575,0.3242009132420091,-0.4931506849315068,0.4155251141552511,-0.593607305936073,-0.0684931506849315,-0.5159817351598174,-0.1232876712328767,-0.7579908675799086,-0.1689497716894977,-0.8949771689497716,-0.2100456621004566,-1.0,-0.2100456621004566,-0.4657534246575342,-0.3059360730593607,-0.7123287671232876,-0.3835616438356164,-0.863013698630137,-0.4383561643835616,-0.958904109589041,-0.3105022831050228,-0.3744292237442922,-0.4474885844748858,-0.5753424657534246,-0.5388127853881278,-0.7031963470319634,-0.6073059360730594,-0.7945205479452054,-0.3698630136986301,-0.2648401826484018,-0.5205479452054794,-0.3561643835616438,-0.6210045662100456,-0.4155251141552511,-0.7031963470319634,-0.4748858447488584
0,0.0,0.0,0.14220183486238533,-0.1834862385321101,0.23394495412844038,-0.3394495412844037,0.3302752293577982,-0.4908256880733945,0.41743119266055045,-0.591743119266055,-0.06880733944954129,-0.518348623853211,-0.12385321100917432,-0.7568807339449541,-0.1651376146788991,-0.8944954128440367,-0.2018348623853211,-1.0,-0.21100917431192662,-0.463302752293578,-0.30275229357798167,-0.7155963302752294,-0.3761467889908257,-0.8623853211009175,-0.43577981651376146,-0.9587155963302753,-0.3073394495412844,-0.37155963302752293,-0.44495412844036697,-0.5779816513761468,-0.536697247706422,-0.7018348623853211,-0.6009174311926605,-0.7935779816513762,-0.3623853211009174,-0.26605504587155965,-0.5137614678899083,-0.3577981651376147,-0.6146788990825688,-0.41743119266055045,-0.6926605504587156,-0.4724770642201835
0,0.0,0.0,0.13513513513513514,-0.1891891891891892,0.22972972972972974,-0.34684684684684686,0.32432432432432434,-0.5,0.40540540540540543,-0.6081081081081081,-0.08558558558558559,-0.5135135135135135,-0.14414414414414414,-0.7567567567567568,-0.19369369369369369,-0.8963963963963963,-0.22972972972972974,-1.0,-0.22072072072072071,-0.4594594594594595,-0.31981981981981983,-0.7072072072072072,-0.3963963963963964,-0.8513513513513513,-0.45045045045045046,-0.9504504504504504,-0.3108108108108108,-0.36936936936936937,-0.45045045045045046,-0.5675675675675675,-0.5405405405405406,-0.6846846846846847,-0.6081081081081081,-0.7747747747747747,-0.36036036036036034,-0.26126126126126126,-0.5045045045045045,-0.35135135135135137,-0.5945945945945946,-0.4099099099099099,-0.6711711711711712,-0.46396396396396394
0,0.0,0.0,0.14545454545454545,-0.18181818181818182,0.2409090909090909,-0.35,0.32727272727272727,-0.509090909090909,0.41363636363636364,-0.6227272727272727,-0.08181818181818182,-0.5227272727272727,-0.13636363636363635,-0.759090909090909,-0.18181818181818182,-0.8954545454545455,-0.21818181818181817,-1.0,-0.21818181818181817,-0.4681818181818182,-0.31363636363636366,-0.7045454545454546,-0.37727272727272726,-0.8454545454545455,-0.42727272727272725,-0.9409090909090909,-0.30454545454545456,-0.37727272727272726,-0.43636363636363634,-0.5681818181818182,-0.5181818181818182,-0.6818181818181818,-0.5772727272727273,-0.7727272727272727,-0.34545454545454546,-0.2727272727272727,-0.4727272727272727,-0.35454545454545455,-0.5545454545454546,-0.4090909090909091,-0.6136363636363636,-0.4590909090909091
0,0.0,0.0,0.1542056074766355,-0.18691588785046728,0.2523364485981308,-0.35046728971962615,0.35046728971962615,-0.5046728971962616,0.4392523364485981,-0.6121495327102804,-0.06542056074766354,-0.5186915887850467,-0.11682242990654206,-0.7616822429906542,-0.1542056074766355,-0.897196261682243,-0.1822429906542056,-1.0,-0.20093457943925233,-0.4672897196261682,-0.29439252336448596,-0.705607476635514,-0.35514018691588783,-0.8457943925233645,-0.40186915887850466,-0.9485981308411215,-0.29439252336448596,-0.37383177570093457,-0.4252336448598131,-0.5654205607476636,-0.5,-0.677570093457944,-0.5560747663551402,-0.7710280373831776,-0.3411214953271028,-0.26635514018691586,-0.4672897196261682,-0.35046728971962615,-0.5420560747663551,-0.40186915887850466,-0.5981308411214953,-0.4532710280373832
0,0.0,0.0,0.14814814814814814,-0.18981481481481483,0.25,-0.35648148148148145,0.3425925925925926,-0.5185185185185185,0.4305555555555556,-0.625,-0.06481481481481481,-0.5231481481481481,-0.125,-0.7638888888888888,-0.1712962962962963,-0.8981481481481481,-0.2037037037037037,-1.0,-0.2037037037037037,-0.4675925925925926,-0.30092592592592593,-0.7037037037037037,-0.37037037037037035,-0.8425925925925926,-0.4166666666666667,-0.9398148148148148,-0.2962962962962963,-0.37962962962962965,-0.4212962962962963,-0.5694444444444444,-0.5046296296296297,-0.6805555555555556,-0.5648148148148148,-0.7685185185185185,-0.3472222222222222,-0.27314814814814814,-0.4675925925925926,-0.35648148148148145,-0.5462962962962963,-0.41203703703703703,-0.6064814814814815,-0.4675925925925926
0,0.0,0.0,0.14485981308411214,-0.19158878504672897,0.24299065420560748,-0.3598130841121495,0.32710280373831774,-0.5233644859813084,0.40654205607476634,-0.6355140186915887,-0.0794392523364486,-0.5280373831775701,-0.14018691588785046,-0.7616822429906542,-0.19158878504672897,-0.897196261682243,-0.22429906542056074,-1.0,-0.21962616822429906,-0.4719626168224299,-0.32242990654205606,-0.7102803738317757,-0.3925233644859813,-0.8504672897196262,-0.4439252336448598,-0.9485981308411215,-0.308411214953271,-0.37850467289719625,-0.4485981308411215,-0.5747663551401869,-0.5327102803738317,-0.6869158878504673,-0.5887850467289719,-0.7757009345794392,-0.35514018691588783,-0.26635514018691586,-0.48130841121495327,-0.34579439252336447,-0.5607476635514018,-0.40186915887850466,-0.6214953271028038,-0.4532710280373832
0,0.0,0.0,0.14018691588785046,-0.18691588785046728,0.22897196261682243,-0.3598130841121495,0.3177570093457944,-0.5233644859813084,0.397196261682243,-0.6355140186915887,-0.09345794392523364,-0.5280373831775701,-0.14953271028037382,-0.7663551401869159,-0.19626168224299065,-0.897196261682243,-0.22897196261682243,-1.0,-0.22897196261682243,-0.4719626168224299,-0.3317757009345794,-0.7102803738317757,-0.40186915887850466,-0.8457943925233645,-0.4532710280373832,-0.9392523364485982,-0.32242990654205606,-0.37850467289719625,-0.45794392523364486,-0.5700934579439252,-0.5420560747663551,-0.6822429906542056,-0.5981308411214953,-0.7710280373831776,-0.3691588785046729,-0.26635514018691586,-0.4953271028037383,-0.34579439252336447,-0.5747663551401869,-0.40186915887850466,-0.6308411214953271,-0.4532710280373832
0,0.0,0.0,0.1380952380952381,-0.2,0.23333333333333334,-0.3619047619047619,0.3238095238095238,-0.5238095238095238,0.40476190476190477,-0.638095238095238,-0.09523809523809523,-0.5285714285714286,-0.1619047619047619,-0.7714285714285715,-0.20476190476190476,-0.9,-0.23809523809523808,-1.0,-0.23809523809523808,-0.4714285714285714,-0.34285714285714286,-0.7095238095238096,-0.4142857142857143,-0.8476190476190476,-0.4666666666666667,-0.9428571428571428,-0.32857142857142857,-0.3761904761904762,-0.4666666666666667,-0.5666666666666667,-0.5571428571428572,-0.6761904761904762,-0.6142857142857143,-0.7619047619047619,-0.3761904761904762,-0.2619047619047619,-0.5142857142857142,-0.34285714285714286,-0.5952380952380952,-0.3952380952380952,-0.6523809523809524,-0.44285714285714284
0,0.0,0.0,0.14354066985645933,-0.19617224880382775,0.23923444976076555,-0.3588516746411483,0.33014354066985646,-0.5215311004784688,0.41626794258373206,-0.631578947368421,-0.09090909090909091,-0.5215311004784688,-0.15789473684210525,-0.7655502392344498,-0.20574162679425836,-0.8995215311004785,-0.23923444976076555,-1.0,-0.22966507177033493,-0.45933014354066987,-0.3349282296650718,-0.7033492822966507,-0.41148325358851673,-0.84688995215311,-0.46411483253588515,-0.9425837320574163,-0.32057416267942584,-0.36363636363636365,-0.46411483253588515,-0.5598086124401914,-0.5550239234449761,-0.6746411483253588,-0.6124401913875598,-0.7607655502392344,-0.37320574162679426,-0.2535885167464115,-0.5119617224880383,-0.3397129186602871,-0.5933014354066986,-0.3923444976076555,-0.6555023923444976,-0.4449760765550239
0,0.0,0.0,0.13658536585365855,-0.2048780487804878,0.22926829268292684,-0.375609756097561,0.3121951219512195,-0.551219512195122,0.3951219512195122,-0.6682926829268293,-0.11219512195121951,-0.5414634146341464,-0.18048780487804877,-0.775609756097561,-0.22926829268292684,-0.9024390243902439,-0.2634146341463415,-1.0,-0.25365853658536586,-0.47804878048780486,-0.375609756097561,-0.7170731707317073,-0.44878048780487806,-0.8585365853658536,-0.5024390243902439,-0.9512195121951219,-0.3463414634146341,-0.37073170731707317,-0.5024390243902439,-0.5707317073170731,-0.5902439024390244,-0.6780487804878049,-0.6536585365853659,-0.7609756097560976,-0.3902439024390244,-0.25365853658536586,-0.5365853658536586,-0.34146341463414637,-0.624390243902439,-0.3951219512195122,-0.6926829268292682,-0.44390243902439025
0,0.0,0.0,0.13725490196078433,-0.20588235294117646,0.22549019607843138,-0.38235294117647056,0.3137254901960784,-0.553921568627451,0.39705882352941174,-0.6715686274509803,-0.11764705882352941,-0.5392156862745098,-0.18627450980392157,-0.7794117647058824,-0.23529411764705882,-0.9068627450980392,-0.2696078431372549,-1.0,-0.25980392156862747,-0.47549019607843135,-0.37745098039215685,-0.7205882352941176,-0.45588235294117646,-0.8578431372549019,-0.5098039215686274,-0.9558823529411765,-0.35294117647058826,-0.37254901960784315,-0.5049019607843137,-0.5686274509803921,-0.5980392156862745,-0.6813725490196079,-0.6617647058823529,-0.7696078431372549,-0.39705882352941174,-0.25980392156862747,-0.5490196078431373,-0.3431372549019608,-0.6323529411764706,-0.39215686274509803,-0.7009803921568627,-0.44607843137254904
0,0.0,0.0,-0.15639810426540285,-0.14218009478672985,-0.25118483412322273,-0.3127962085308057,-0.2843601895734597,-0.4549763033175355,-0.3033175355450237,-0.5639810426540285,-0.08056872037914692,-0.5213270142180095,-0.052132701421800945,-0.7677725118483413,-0.004739336492890996,-0.9004739336492891,0.04265402843601896,-0.995260663507109,0.05687203791469194,-0.5071090047393365,0.12322274881516587,-0.7725118483412322,0.1848341232227488,-0.9146919431279621,0.24170616113744076,-1.0,0.1848341232227488,-0.45023696682464454,0.26540284360189575,-0.6824644549763034,0.33175355450236965,-0.8056872037914692,0.38388625592417064,-0.8815165876777251,0.3080568720379147,-0.35545023696682465,0.41232227488151657,-0.5165876777251185,0.47393364928909953,-0.6161137440758294,0.5260663507109005,-0.6966824644549763
0,0.0,0.0,-0.16097560975609757,-0.15609756097560976,-0.25853658536585367,-0.3121951219512195,-0.28780487804878047,-0.45365853658536587,-0.28292682926829266,-0.5609756097560976,-0.07317073170731707,-0.5073170731707317,-0.03414634146341464,-0.775609756097561,0.014634146341463415,-0.9073170731707317,0.05853658536585366,-1.0,0.06341463414634146,-0.4975609756097561,0.13658536585365855,-0.7804878048780488,0.2,-0.9219512195121952,0.25853658536585367,-0.9951219512195122,0.1951219512195122,-0.44390243902439025,0.28292682926829266,-0.6878048780487804,0.35121951219512193,-0.8048780487804879,0.4,-0.8731707317073171,0.3121951219512195,-0.35121951219512193,0.4292682926829268,-0.526829268292683,0.4926829268292683,-0.6195121951219512,0.5463414634146342,-0.6878048780487804
0,0.0,0.0,-0.15609756097560976,-0.15609756097560976,-0.25365853658536586,-0.3170731707317073,-0.28780487804878047,-0.4585365853658537,-0.28292682926829266,-0.5658536585365853,-0.07804878048780488,-0.5170731707317073,-0.03414634146341464,-0.775609756097561,0.00975609756097561,-0.9121951219512195,0.05853658536585366,-0.9951219512195122,0.05365853658536585,-0.5024390243902439,0.13170731707317074,-0.7853658536585366,0.2,-0.926829268292683,0.25365853658536586,-1.0,0.18536585365853658,-0.44878048780487806,0.2731707317073171,-0.697560975609756,0.34146341463414637,-0.8097560975609757,0.3902439024390244,-0.8780487804878049,0.3024390243902439,-0.36097560975609755,0.4146341463414634,-0.5317073170731708,0.48292682926829267,-0.624390243902439,0.5365853658536586,-0.697560975609756
0,0.0,0.0,-0.16417910447761194,-0.14925373134328357,-0.2537313432835821,-0.29850746268656714,-0.27860696517412936,-0.43283582089552236,-0.29850746268656714,-0.5422885572139303,-0.0945273631840796,-0.5174129353233831,-0.05472636815920398,-0.7661691542288557,-0.009950248756218905,-0.900497512437811,0.03482587064676617,-0.9850746268656716,0.03482587064676617,-0.5174129353233831,0.11442786069651742,-0.7910447761194029,0.1791044776119403,-0.9253731343283582,0.23880597014925373,-1.0,0.1691542288557214,-0.46766169154228854,0.25870646766169153,-0.7164179104477612,0.3283582089552239,-0.8258706467661692,0.3880597014925373,-0.8855721393034826,0.2935323383084577,-0.3781094527363184,0.39303482587064675,-0.5522388059701493,0.4527363184079602,-0.6318407960199005,0.5024875621890548,-0.6915422885572139
0,0.0,0.0,-0.14432989690721648,-0.13917525773195877,-0.22164948453608246,-0.27319587628865977,-0.24742268041237114,-0.39690721649484534,-0.25257731958762886,-0.5,-0.07731958762886598,-0.5051546391752577,-0.05154639175257732,-0.7577319587628866,0.0,-0.8865979381443299,0.05670103092783505,-0.9690721649484536,0.03608247422680412,-0.5103092783505154,0.10824742268041238,-0.7835051546391752,0.18041237113402062,-0.9226804123711341,0.25773195876288657,-1.0,0.15979381443298968,-0.4690721649484536,0.2422680412371134,-0.7164948453608248,0.3247422680412371,-0.8350515463917526,0.39690721649484534,-0.8969072164948454,0.27835051546391754,-0.3917525773195876,0.3865979381443299,-0.5567010309278351,0.4587628865979381,-0.6391752577319587,0.520618556701031,-0.7010309278350515
0,0.0,0.0,-0.12834224598930483,-0.16042780748663102,-0.18181818181818182,-0.2994652406417112,-0.17647058823529413,-0.42245989304812837,-0.15508021390374332,-0.5080213903743316,-0.09090909090909091,-0.5026737967914439,-0.0427807486631016,-0.7700534759358288,0.026737967914438502,-0.893048128342246,0.09090909090909091,-0.9572192513368984,0.0106951871657754,-0.5133689839572193,0.10160427807486631,-0.8128342245989305,0.1925133689839572,-0.946524064171123,0.27807486631016043,-1.0,0.12834224598930483,-0.48128342245989303,0.22994652406417113,-0.7593582887700535,0.32085561497326204,-0.8663101604278075,0.40641711229946526,-0.9144385026737968,0.2620320855614973,-0.40641711229946526,0.37433155080213903,-0.6149732620320856,0.45454545454545453,-0.7058823529411765,0.5240641711229946,-0.7647058823529411
0,0.0,0.0,-0.13114754098360656,-0.17486338797814208,-0.16939890710382513,-0.31693989071038253,-0.15300546448087432,-0.43169398907103823,-0.10382513661202186,-0.5027322404371585,-0.08743169398907104,-0.5081967213114754,-0.03278688524590164,-0.7759562841530054,0.03825136612021858,-0.8961748633879781,0.10382513661202186,-0.9672131147540983,0.01092896174863388,-0.5136612021857924,0.1092896174863388,-0.8142076502732241,0.20765027322404372,-0.9453551912568307,0.3005464480874317,-1.0,0.12568306010928962,-0.47540983606557374,0.23497267759562843,-0.7595628415300546,0.3333333333333333,-0.8688524590163934,0.4207650273224044,-0.9180327868852459,0.26229508196721313,-0.3989071038251366,0.37158469945355194,-0.6174863387978142,0.453551912568306,-0.7103825136612022,0.5300546448087432,-0.7704918032786885
0,0.0,0.0,-0.12972972972972974,-0.1891891891891892,-0.16216216216216217,-0.33513513513513515,-0.14054054054054055,-0.4486486486486487,-0.08648648648648649,-0.518918918918919,-0.08108108108108109,-0.5135135135135135,-0.02702702702702703,-0.7783783783783784,0.043243243243243246,-0.8972972972972973,0.10810810810810811,-0.972972972972973,0.016216216216216217,-0.518918918918919,0.11891891891891893,-0.8216216216216217,0.21621621621621623,-0.9513513513513514,0.3027027027027027,-1.0,0.12972972972972974,-0.4864864864864865,0.24324324324324326,-0.7621621621621621,0.34054054054054056,-0.8756756756756757,0.42702702702702705,-0.918918918918919,0.2594594594594595,-0.41081081081081083,0.3783783783783784,-0.6216216216216216,0.4648648648648649,-0.7135135135135136,0.5351351351351351,-0.7675675675675676
0,0.0,0.0,-0.13043478260869565,-0.17391304347826086,-0.16847826086956522,-0.30434782608695654,-0.16847826086956522,-0.41847826086956524,-0.14130434782608695,-0.5,-0.07608695652173914,-0.5054347826086957,-0.02717391304347826,-0.7717391304347826,0.03804347826086957,-0.8967391304347826,0.10326086956521739,-0.967391304347826,0.02717391304347826,-0.5108695652173914,0.11413043478260869,-0.8152173913043478,0.20652173913043478,-0.9456521739130435,0.29347826086956524,-1.0,0.14130434782608695,-0.4782608695652174,0.24456521739130435,-0.7554347826086957,0.33695652173913043,-0.8641304347826086,0.41847826086956524,-0.907608695652174,0.27717391304347827,-0.40217391304347827,0.3858695652173913,-0.6195652173913043,0.46195652173913043,-0.7119565217391305,0.532608695652174,-0.7663043478260869
0,0.0,0.0,-0.14673913043478262,-0.16304347826086957,-0.20652173913043478,-0.30434782608695654,-0.20652173913043478,-0.42391304347826086,-0.17391304347826086,-0.5054347826086957,-0.08695652173913043,-0.5108695652173914,-0.03804347826086957,-0.7771739130434783,0.02717391304347826,-0.9021739130434783,0.08695652173913043,-0.9728260869565217,0.02717391304347826,-0.5108695652173914,0.11413043478260869,-0.8097826086956522,0.20652173913043478,-0.9456521739130435,0.29347826086956524,-1.0,0.15217391304347827,-0.4673913043478261,0.24456521739130435,-0.75,0.3423913043478261,-0.8586956521739131,0.42391304347826086,-0.907608695652174,0.2826086956521739,-0.3858695652173913,0.391304347826087,-0.5978260869565217,0.4673913043478261,-0.6902173913043478,0.532608695652174,-0.7445652173913043
0,0.0,0.0,-0.1358695652173913,-0.16847826086956522,-0.19021739130434784,-0.30434782608695654,-0.1956521739130435,-0.42391304347826086,-0.15217391304347827,-0.5054347826086957,-0.07608695652173914,-0.5108695652173914,-0.02717391304347826,-0.782608695652174,0.03804347826086957,-0.9021739130434783,0.09782608695652174,-0.9782608695652174,0.03260869565217391,-0.5163043478260869,0.125,-0.8152173913043478,0.21195652173913043,-0.9456521739130435,0.29347826086956524,-1.0,0.15760869565217392,-0.47282608695652173,0.2554347826086957,-0.75,0.34782608695652173,-0.8586956521739131,0.42934782608695654,-0.907608695652174,0.28804347826086957,-0.391304347826087,0.3967391304347826,-0.6032608695652174,0.47282608695652173,-0.6956521739130435,0.5434782608695652,-0.75
0,0.0,0.0,-0.12972972972972974,-0.17297297297297298,-0.1783783783783784,-0.3027027027027027,-0.1783783783783784,-0.42702702702702705,-0.15135135135135136,-0.5135135135135135,-0.07567567567567568,-0.5135135135135135,-0.02702702702702703,-0.7783783783783784,0.03783783783783784,-0.9027027027027027,0.0972972972972973,-0.972972972972973,0.02702702702702703,-0.518918918918919,0.11891891891891893,-0.8216216216216217,0.21081081081081082,-0.9513513513513514,0.2918918918918919,-1.0,0.14594594594594595,-0.4810810810810811,0.24864864864864866,-0.7567567567567568,0.33513513513513515,-0.8648648648648649,0.42162162162162165,-0.9081081081081082,0.2810810810810811,-0.40540540540540543,0.3945945945945946,-0.6162162162162163,0.4702702702702703,-0.7081081081081081,0.5405405405405406,-0.7567567567567568
0,0.0,0.0,-0.13736263736263737,-0.17582417582417584,-0.1813186813186813,-0.3131868131868132,-0.17582417582417584,-0.4340659340659341,-0.13186813186813187,-0.510989010989011,-0.07692307692307693,-0.521978021978022,-0.02197802197802198,-0.7857142857142857,0.04395604395604396,-0.9010989010989011,0.1043956043956044,-0.978021978021978,0.03296703296703297,-0.5274725274725275,0.12087912087912088,-0.8241758241758241,0.21428571428571427,-0.9505494505494505,0.2967032967032967,-1.0,0.14835164835164835,-0.489010989010989,0.25274725274725274,-0.7637362637362637,0.34615384615384615,-0.8681318681318682,0.42857142857142855,-0.9175824175824175,0.2802197802197802,-0.41208791208791207,0.4010989010989011,-0.6263736263736264,0.47802197802197804,-0.7087912087912088,0.5494505494505495,-0.7582417582417582
0,0.0,0.0,-0.12568306010928962,-0.17486338797814208,-0.16939890710382513,-0.31693989071038253,-0.16939890710382513,-0.4371584699453552,-0.14207650273224043,-0.5136612021857924,-0.07103825136612021,-0.5081967213114754,-0.01639344262295082,-0.7759562841530054,0.04918032786885246,-0.8961748633879781,0.1092896174863388,-0.9726775956284153,0.03278688524590164,-0.5136612021857924,0.12568306010928962,-0.819672131147541,0.2185792349726776,-0.9453551912568307,0.3005464480874317,-1.0,0.15300546448087432,-0.4808743169398907,0.2568306010928962,-0.7595628415300546,0.3442622950819672,-0.8633879781420765,0.43169398907103823,-0.912568306010929,0.2896174863387978,-0.40437158469945356,0.3989071038251366,-0.6120218579234973,0.47540983606557374,-0.6994535519125683,0.546448087431694,-0.7540983606557377
0,0.0,0.0,-0.1270718232044199,-0.1712707182320442,-0.1712707182320442,-0.30939226519337015,-0.16574585635359115,-0.43646408839779005,-0.143646408839779,-0.5248618784530387,-0.08287292817679558,-0.5138121546961326,-0.027624309392265192,-0.7790055248618785,0.04419889502762431,-0.9005524861878453,0.10497237569060773,-0.9779005524861878,0.027624309392265192,-0.5193370165745856,0.12154696132596685,-0.8176795580110497,0.22099447513812154,-0.9502762430939227,0.30386740331491713,-1.0,0.14917127071823205,-0.48066298342541436,0.2541436464088398,-0.7569060773480663,0.34806629834254144,-0.8674033149171271,0.43646408839779005,-0.9116022099447514,0.281767955801105,-0.40331491712707185,0.39779005524861877,-0.6132596685082873,0.47513812154696133,-0.7016574585635359,0.5469613259668509,-0.7569060773480663
0,0.0,0.0,-0.1348314606741573,-0.1797752808988764,-0.17415730337078653,-0.3146067415730337,-0.17415730337078653,-0.43258426966292135,-0.14606741573033707,-0.5168539325842697,-0.07865168539325842,-0.5224719101123596,-0.016853932584269662,-0.7921348314606742,0.056179775280898875,-0.9101123595505618,0.11797752808988764,-0.9775280898876404,0.033707865168539325,-0.5337078651685393,0.1348314606741573,-0.8258426966292135,0.2303370786516854,-0.9550561797752809,0.3146067415730337,-1.0,0.15730337078651685,-0.4887640449438202,0.2640449438202247,-0.7696629213483146,0.3595505617977528,-0.8764044943820225,0.4438202247191011,-0.9157303370786517,0.29213483146067415,-0.4101123595505618,0.4101123595505618,-0.6235955056179775,0.4943820224719101,-0.7078651685393258,0.5674157303370787,-0.7584269662921348
0,0.0,0.0,-0.1348314606741573,-0.16853932584269662,-0.17415730337078653,-0.3089887640449438,-0.17415730337078653,-0.43258426966292135,-0.12921348314606743,-0.5168539325842697,-0.07303370786516854,-0.5168539325842697,-0.02247191011235955,-0.7921348314606742,0.0449438202247191,-0.9157303370786517,0.10674157303370786,-0.9831460674157303,0.033707865168539325,-0.5280898876404494,0.12359550561797752,-0.8314606741573034,0.21910112359550563,-0.9606741573033708,0.3089887640449438,-1.0,0.15168539325842698,-0.4887640449438202,0.25280898876404495,-0.7752808988764045,0.34831460674157305,-0.8820224719101124,0.43820224719101125,-0.9213483146067416,0.2808988764044944,-0.4101123595505618,0.398876404494382,-0.6292134831460674,0.48314606741573035,-0.7191011235955056,0.550561797752809,-0.7640449438202247
0,0.0,0.0,-0.14204545454545456,-0.16477272727272727,-0.1875,-0.3068181818181818,-0.1875,-0.42613636363636365,-0.14772727272727273,-0.5056818181818182,-0.07954545454545454,-0.5113636363636364,-0.028409090909090908,-0.7897727272727273,0.03977272727272727,-0.9147727272727273,0.10795454545454546,-0.9829545454545454,0.028409090909090908,-0.5227272727272727,0.11931818181818182,-0.8295454545454546,0.2215909090909091,-0.9602272727272727,0.3068181818181818,-1.0,0.1534090909090909,-0.48863636363636365,0.26136363636363635,-0.7784090909090909,0.35795454545454547,-0.8806818181818182,0.4431818181818182,-0.9090909090909091,0.2897727272727273,-0.4147727272727273,0.4147727272727273,-0.625,0.5,-0.7102272727272727,0.5681818181818182,-0.75
0,0.0,0.0,-0.14772727272727273,-0.1590909090909091,-0.19318181818181818,-0.2897727272727273,-0.1875,-0.42045454545454547,-0.1590909090909091,-0.5170454545454546,-0.08522727272727272,-0.5227272727272727,-0.028409090909090908,-0.7840909090909091,0.03977272727272727,-0.9034090909090909,0.10795454545454546,-0.9772727272727273,0.028409090909090908,-0.5284090909090909,0.125,-0.8238636363636364,0.22727272727272727,-0.9488636363636364,0.3125,-1.0,0.1534090909090909,-0.48863636363636365,0.26136363636363635,-0.7670454545454546,0.3522727272727273,-0.8636363636363636,0.4375,-0.9034090909090909,0.2840909090909091,-0.4090909090909091,0.4034090909090909,-0.6193181818181818,0.48863636363636365,-0.6988636363636364,0.5568181818181818,-0.7443181818181818
0,0.0,0.0,-0.14204545454545456,-0.1534090909090909,-0.19886363636363635,-0.29545454545454547,-0.19886363636363635,-0.42045454545454547,-0.16477272727272727,-0.5056818181818182,-0.08522727272727272,-0.5113636363636364,-0.03977272727272727,-0.7897727272727273,0.03409090909090909,-0.9147727272727273,0.09659090909090909,-0.9886363636363636,0.022727272727272728,-0.5227272727272727,0.11931818181818182,-0.8238636363636364,0.2215909090909091,-0.9545454545454546,0.3068181818181818,-1.0,0.14772727272727273,-0.48295454545454547,0.2556818181818182,-0.7727272727272727,0.3522727272727273,-0.875,0.4375,-0.9090909090909091,0.2784090909090909,-0.4090909090909091,0.4034090909090909,-0.6193181818181818,0.48295454545454547,-0.7045454545454546,0.5511363636363636,-0.7443181818181818
0,0.0,0.0,-0.1452513966480447,-0.16759776536312848,-0.2011173184357542,-0.30726256983240224,-0.2011173184357542,-0.43575418994413406,-0.16759776536312848,-0.5251396648044693,-0.09497206703910614,-0.5195530726256983,-0.03910614525139665,-0.7932960893854749,0.027932960893854747,-0.9106145251396648,0.0893854748603352,-0.9832402234636871,0.0223463687150838,-0.5251396648044693,0.11731843575418995,-0.8324022346368715,0.2122905027932961,-0.9553072625698324,0.29608938547486036,-1.0,0.15083798882681565,-0.49162011173184356,0.2569832402234637,-0.770949720670391,0.3463687150837989,-0.8715083798882681,0.4301675977653631,-0.9106145251396648,0.27932960893854747,-0.4134078212290503,0.4022346368715084,-0.6256983240223464,0.48044692737430167,-0.7039106145251397,0.5418994413407822,-0.7486033519553073
0,0.0,0.0,-0.15168539325842698,-0.15730337078651685,-0.20786516853932585,-0.29213483146067415,-0.20786516853932585,-0.4157303370786517,-0.1797752808988764,-0.5056179775280899,-0.0898876404494382,-0.5168539325842697,-0.0449438202247191,-0.7865168539325843,0.02247191011235955,-0.9101123595505618,0.08426966292134831,-0.9887640449438202,0.02247191011235955,-0.5280898876404494,0.11235955056179775,-0.8258426966292135,0.20786516853932585,-0.9550561797752809,0.28651685393258425,-1.0,0.15168539325842698,-0.4887640449438202,0.24719101123595505,-0.7640449438202247,0.33707865168539325,-0.8707865168539326,0.42134831460674155,-0.9157303370786517,0.2808988764044944,-0.4157303370786517,0.398876404494382,-0.6235955056179775,0.47752808988764045,-0.702247191011236,0.5449438202247191,-0.7415730337078652
0,0.0,0.0,0.026041666666666668,-0.14583333333333334,0.09375,-0.3229166666666667,0.19270833333333334,-0.453125,0.2604166666666667,-0.5520833333333334,-0.057291666666666664,-0.453125,-0.020833333333333332,-0.7239583333333334,0.057291666666666664,-0.8697916666666666,0.13020833333333334,-0.9635416666666666,-0.026041666666666668,-0.46875,0.046875,-0.7760416666666666,0.16145833333333334,-0.921875,0.265625,-1.0,0.046875,-0.4479166666666667,0.13541666666666666,-0.7395833333333334,0.25,-0.8697916666666666,0.3489583333333333,-0.9322916666666666,0.171875,-0.4010416666666667,0.2760416666666667,-0.6145833333333334,0.3645833333333333,-0.7135416666666666,0.4479166666666667,-0.7760416666666666
0,0.0,0.0,-0.06829268292682927,-0.13658536585365855,-0.0975609756097561,-0.2731707317073171,-0.12195121951219512,-0.36585365853658536,-0.15609756097560976,-0.4292682926829268,-0.03902439024390244,-0.4634146341463415,-0.00975609756097561,-0.7121951219512195,0.04390243902439024,-0.8439024390243902,0.0975609756097561,-0.9414634146341463,0.01951219512195122,-0.4585365853658537,0.07804878048780488,-0.7365853658536585,0.15121951219512195,-0.8926829268292683,0.22439024390243903,-1.0,0.1073170731707317,-0.4146341463414634,0.18048780487804877,-0.6878048780487804,0.25853658536585367,-0.8292682926829268,0.33170731707317075,-0.9317073170731708,0.22439024390243903,-0.3463414634146341,0.32682926829268294,-0.5219512195121951,0.4,-0.6195121951219512,0.4682926829268293,-0.697560975609756
0,0.0,0.0,-0.10138248847926268,-0.1382488479262673,-0.16589861751152074,-0.2764976958525346,-0.22119815668202766,-0.3778801843317972,-0.29493087557603687,-0.42857142857142855,-0.04608294930875576,-0.4608294930875576,-0.02304147465437788,-0.6912442396313364,0.009216589861751152,-0.8294930875576036,0.041474654377880185,-0.9308755760368663,0.03686635944700461,-0.45161290322580644,0.10138248847926268,-0.7235023041474654,0.14746543778801843,-0.8847926267281107,0.1935483870967742,-1.0,0.1382488479262673,-0.4055299539170507,0.2304147465437788,-0.6497695852534562,0.2995391705069124,-0.7926267281105991,0.3548387096774194,-0.8986175115207373,0.2534562211981567,-0.3317972350230415,0.3870967741935484,-0.48847926267281105,0.47465437788018433,-0.5714285714285714,0.543778801843318,-0.6405529953917051
0,0.0,0.0,-0.11504424778761062,-0.13716814159292035,-0.1902654867256637,-0.26991150442477874,-0.24778761061946902,-0.37168141592920356,-0.3230088495575221,-0.43805309734513276,-0.05309734513274336,-0.45132743362831856,-0.03982300884955752,-0.6902654867256637,-0.022123893805309734,-0.831858407079646,-0.008849557522123894,-0.9424778761061947,0.035398230088495575,-0.4469026548672566,0.08849557522123894,-0.7168141592920354,0.12389380530973451,-0.8849557522123894,0.1504424778761062,-1.0,0.14601769911504425,-0.39823008849557523,0.22566371681415928,-0.6371681415929203,0.28761061946902655,-0.7876106194690266,0.33185840707964603,-0.9026548672566371,0.252212389380531,-0.3185840707964602,0.38495575221238937,-0.4690265486725664,0.4690265486725664,-0.5486725663716814,0.5398230088495575,-0.6150442477876106
0,0.0,0.0,-0.12554112554112554,-0.14285714285714285,-0.2077922077922078,-0.27705627705627706,-0.2813852813852814,-0.3852813852813853,-0.354978354978355,-0.4458874458874459,-0.06493506493506493,-0.45021645021645024,-0.05627705627705628,-0.6883116883116883,-0.04329004329004329,-0.8354978354978355,-0.03463203463203463,-0.9437229437229437,0.03463203463203463,-0.4458874458874459,0.08658008658008658,-0.7186147186147186,0.11688311688311688,-0.8831168831168831,0.13852813852813853,-1.0,0.14285714285714285,-0.4025974025974026,0.22943722943722944,-0.645021645021645,0.2857142857142857,-0.7965367965367965,0.329004329004329,-0.9047619047619048,0.2510822510822511,-0.329004329004329,0.3852813852813853,-0.47186147186147187,0.47186147186147187,-0.5541125541125541,0.5411255411255411,-0.6233766233766234
0,0.0,0.0,-0.13043478260869565,-0.13478260869565217,-0.21304347826086956,-0.26956521739130435,-0.27391304347826084,-0.3826086956521739,-0.34347826086956523,-0.45217391304347826,-0.06956521739130435,-0.45217391304347826,-0.05217391304347826,-0.691304347826087,-0.0391304347826087,-0.8347826086956521,-0.030434782608695653,-0.9434782608695652,0.030434782608695653,-0.4391304347826087,0.08695652173913043,-0.7130434782608696,0.11739130434782609,-0.8826086956521739,0.14347826086956522,-1.0,0.1391304347826087,-0.39565217391304347,0.22608695652173913,-0.6391304347826087,0.2826086956521739,-0.7869565217391304,0.32608695652173914,-0.9,0.24782608695652175,-0.3173913043478261,0.3782608695652174,-0.46956521739130436,0.4652173913043478,-0.5565217391304348,0.5347826086956522,-0.6260869565217392
0,0.0,0.0,-0.12608695652173912,-0.13478260869565217,-0.21304347826086956,-0.27391304347826084,-0.2782608695652174,-0.3826086956521739,-0.34347826086956523,-0.45217391304347826,-0.06521739130434782,-0.45217391304347826,-0.05217391304347826,-0.6956521739130435,-0.034782608695652174,-0.8391304347826087,-0.02608695652173913,-0.9434782608695652,0.034782608695652174,-0.4434782608695652,0.08695652173913043,-0.7130434782608696,0.12173913043478261,-0.8782608695652174,0.14782608695652175,-1.0,0.14782608695652175,-0.39565217391304347,0.23043478260869565,-0.6304347826086957,0.29130434782608694,-0.782608695652174,0.3347826086956522,-0.8956521739130435,0.25217391304347825,-0.3173913043478261,0.391304347826087,-0.46956521739130436,0.47391304347826085,-0.5565217391304348,0.5434782608695652,-0.6304347826086957
0,0.0,0.0,-0.14035087719298245,-0.13596491228070176,-0.23684210526315788,-0.27631578947368424,-0.31140350877192985,-0.39035087719298245,-0.38596491228070173,-0.45614035087719296,-0.06578947368421052,-0.4517543859649123,-0.05263157894736842,-0.6973684210526315,-0.039473684210526314,-0.8464912280701754,-0.02631578947368421,-0.956140350877193,0.043859649122807015,-0.44298245614035087,0.10087719298245613,-0.7105263157894737,0.13596491228070176,-0.8771929824561403,0.16228070175438597,-1.0,0.16228070175438597,-0.39473684210526316,0.24561403508771928,-0.631578947368421,0.30701754385964913,-0.7807017543859649,0.3508771929824561,-0.8947368421052632,0.2675438596491228,-0.3157894736842105,0.40350877192982454,-0.45614035087719296,0.4868421052631579,-0.5482456140350878,0.5570175438596491,-0.631578947368421
0,0.0,0.0,-0.09166666666666666,-0.14166666666666666,-0.14583333333333334,-0.2833333333333333,-0.17916666666666667,-0.3875,-0.2375,-0.45,-0.05416666666666667,-0.4583333333333333,-0.029166666666666667,-0.6916666666666667,-0.008333333333333333,-0.8291666666666667,0.008333333333333333,-0.9291666666666667,0.025,-0.45,0.07916666666666666,-0.7166666666666667,0.11666666666666667,-0.8791666666666667,0.14583333333333334,-1.0,0.12083333333333333,-0.4,0.20833333333333334,-0.6458333333333334,0.26666666666666666,-0.7958333333333333,0.3125,-0.9083333333333333,0.23333333333333334,-0.32083333333333336,0.3625,-0.4666666666666667,0.44166666666666665,-0.5583333333333333,0.5041666666666667,-0.6333333333333333
0,0.0,0.0,-0.09274193548387097,-0.14919354838709678,-0.1532258064516129,-0.29435483870967744,-0.18951612903225806,-0.39919354838709675,-0.24193548387096775,-0.46774193548387094,-0.04838709677419355,-0.45564516129032256,-0.024193548387096774,-0.6975806451612904,-0.004032258064516129,-0.8346774193548387,0.012096774193548387,-0.9435483870967742,0.024193548387096774,-0.4435483870967742,0.0846774193548387,-0.7056451612903226,0.12096774193548387,-0.8709677419354839,0.14919354838709678,-1.0,0.12096774193548387,-0.3911290322580645,0.21370967741935484,-0.625,0.27419354838709675,-0.7782258064516129,0.3225806451612903,-0.8951612903225806,0.23387096774193547,-0.3064516129032258,0.3629032258064516,-0.45564516129032256,0.4435483870967742,-0.5483870967741935,0.5161290322580645,-0.6290322580645161
0,0.0,0.0,-0.08955223880597014,-0.16791044776119404,-0.13805970149253732,-0.3208955223880597,-0.16791044776119404,-0.43656716417910446,-0.22014925373134328,-0.5111940298507462,-0.03731343283582089,-0.4664179104477612,-0.0037313432835820895,-0.7089552238805971,0.022388059701492536,-0.8544776119402985,0.041044776119402986,-0.9626865671641791,0.041044776119402986,-0.43656716417910446,0.11567164179104478,-0.7089552238805971,0.16417910447761194,-0.8768656716417911,0.19402985074626866,-1.0,0.13805970149253732,-0.373134328358209,0.24253731343283583,-0.6194029850746269,0.30970149253731344,-0.7686567164179104,0.3582089552238806,-0.8880597014925373,0.2462686567164179,-0.2835820895522388,0.3843283582089552,-0.43283582089552236,0.4664179104477612,-0.5186567164179104,0.5373134328358209,-0.5970149253731343
0,0.0,0.0,-0.07608695652173914,-0.16304347826086957,-0.11231884057971014,-0.32971014492753625,-0.14130434782608695,-0.44565217391304346,-0.1956521739130435,-0.5108695652173914,-0.025362318840579712,-0.463768115942029,0.018115942028985508,-0.7101449275362319,0.05434782608695652,-0.8514492753623188,0.07971014492753623,-0.9601449275362319,0.050724637681159424,-0.4384057971014493,0.13405797101449277,-0.7101449275362319,0.18840579710144928,-0.8768115942028986,0.22826086956521738,-1.0,0.14492753623188406,-0.37318840579710144,0.2608695652173913,-0.6195652173913043,0.3333333333333333,-0.7644927536231884,0.391304347826087,-0.8768115942028986,0.25,-0.27898550724637683,0.391304347826087,-0.42028985507246375,0.4782608695652174,-0.5036231884057971,0.5543478260869565,-0.5797101449275363
0,0.0,0.0,-0.09782608695652174,-0.15579710144927536,-0.15942028985507245,-0.3115942028985507,-0.20652173913043478,-0.427536231884058,-0.26811594202898553,-0.4891304347826087,-0.03260869565217391,-0.463768115942029,0.0,-0.7065217391304348,0.03260869565217391,-0.8478260869565217,0.057971014492753624,-0.9565217391304348,0.057971014492753624,-0.4384057971014493,0.13405797101449277,-0.7065217391304348,0.18478260869565216,-0.8768115942028986,0.2210144927536232,-1.0,0.15942028985507245,-0.3804347826086957,0.2717391304347826,-0.6195652173913043,0.34782608695652173,-0.7644927536231884,0.4057971014492754,-0.8731884057971014,0.26811594202898553,-0.2898550724637681,0.4166666666666667,-0.43478260869565216,0.5072463768115942,-0.5144927536231884,0.5833333333333334,-0.5833333333333334
0,0.0,0.0,-0.1103448275862069,-0.15517241379310345,-0.1793103448275862,-0.3137931034482759,-0.23103448275862068,-0.43103448275862066,-0.3,-0.496551724137931,-0.02413793103448276,-0.4689655172413793,0.006896551724137931,-0.7172413793103448,0.041379310344827586,-0.8620689655172413,0.06551724137931035,-0.9724137931034482,0.07586206896551724,-0.44482758620689655,0.16551724137931034,-0.7137931034482758,0.2206896551724138,-0.8793103448275862,0.25862068965517243,-1.0,0.18275862068965518,-0.38275862068965516,0.296551724137931,-0.6241379310344828,0.3758620689655172,-0.7655172413793103,0.4379310344827586,-0.8758620689655172,0.28620689655172415,-0.28620689655172415,0.43448275862068964,-0.4241379310344828,0.5310344827586206,-0.503448275862069,0.6103448275862069,-0.5724137931034483
0,0.0,0.0,-0.10810810810810811,-0.15878378378378377,-0.17567567567567569,-0.31756756756756754,-0.23310810810810811,-0.43243243243243246,-0.2939189189189189,-0.4966216216216216,-0.013513513513513514,-0.46959459459459457,0.02702702702702703,-0.722972972972973,0.06418918918918919,-0.8682432432432432,0.0945945945945946,-0.9763513513513513,0.09121621621621621,-0.44594594594594594,0.1891891891891892,-0.7195945945945946,0.25,-0.8817567567567568,0.30067567567567566,-1.0,0.20270270270270271,-0.3783783783783784,0.32432432432432434,-0.6148648648648649,0.41216216216216217,-0.7567567567567568,0.47635135135135137,-0.8614864864864865,0.30405405405405406,-0.28716216216216217,0.4560810810810811,-0.4189189189189189,0.5574324324324325,-0.5033783783783784,0.6418918918918919,-0.5709459459459459
0,0.0,0.0,-0.14953271028037382,-0.14641744548286603,-0.2398753894080997,-0.2866043613707165,-0.3146417445482866,-0.40498442367601245,-0.3925233644859813,-0.4735202492211838,-0.04361370716510903,-0.4735202492211838,-0.012461059190031152,-0.7165109034267912,0.012461059190031152,-0.8598130841121495,0.037383177570093455,-0.9688473520249221,0.0778816199376947,-0.45794392523364486,0.1557632398753894,-0.719626168224299,0.2087227414330218,-0.8847352024922118,0.2554517133956386,-1.0,0.19314641744548286,-0.40186915887850466,0.30218068535825543,-0.6292834890965732,0.37383177570093457,-0.7725856697819314,0.42990654205607476,-0.8753894080996885,0.29595015576323985,-0.3177570093457944,0.4423676012461059,-0.4454828660436137,0.5264797507788161,-0.5233644859813084,0.6012461059190031,-0.5950155763239875
0,0.0,0.0,-0.15060240963855423,-0.14156626506024098,-0.25,-0.27710843373493976,-0.3253012048192771,-0.39156626506024095,-0.4036144578313253,-0.4608433734939759,-0.060240963855421686,-0.46987951807228917,-0.04216867469879518,-0.7108433734939759,-0.02108433734939759,-0.8554216867469879,0.0,-0.9668674698795181,0.0572289156626506,-0.45180722891566266,0.12650602409638553,-0.7168674698795181,0.1746987951807229,-0.8825301204819277,0.21385542168674698,-1.0,0.1746987951807229,-0.4006024096385542,0.2680722891566265,-0.6295180722891566,0.3373493975903614,-0.7771084337349398,0.39457831325301207,-0.8795180722891566,0.28012048192771083,-0.32228915662650603,0.41566265060240964,-0.463855421686747,0.5030120481927711,-0.5451807228915663,0.5783132530120482,-0.6114457831325302
0,0.0,0.0,-0.15060240963855423,-0.13855421686746988,-0.2560240963855422,-0.2740963855421687,-0.3373493975903614,-0.39156626506024095,-0.4186746987951807,-0.4578313253012048,-0.06626506024096386,-0.4578313253012048,-0.045180722891566265,-0.7048192771084337,-0.024096385542168676,-0.8524096385542169,-0.0030120481927710845,-0.9608433734939759,0.05421686746987952,-0.4457831325301205,0.12650602409638553,-0.7168674698795181,0.1716867469879518,-0.8855421686746988,0.21385542168674698,-1.0,0.1746987951807229,-0.4006024096385542,0.2710843373493976,-0.6325301204819277,0.33433734939759036,-0.7771084337349398,0.3885542168674699,-0.8795180722891566,0.28313253012048195,-0.32831325301204817,0.42168674698795183,-0.463855421686747,0.5060240963855421,-0.5391566265060241,0.5783132530120482,-0.6054216867469879
0,0.0,0.0,-0.14749262536873156,-0.14454277286135694,-0.25073746312684364,-0.2861356932153392,-0.3274336283185841,-0.40412979351032446,-0.41002949852507375,-0.4749262536873156,-0.05309734513274336,-0.4749262536873156,-0.02359882005899705,-0.7197640117994101,0.0029498525073746312,-0.8643067846607669,0.02654867256637168,-0.9705014749262537,0.06784660766961652,-0.46017699115044247,0.1415929203539823,-0.7286135693215339,0.19174041297935104,-0.887905604719764,0.23893805309734514,-1.0,0.1887905604719764,-0.41002949852507375,0.2890855457227139,-0.6430678466076696,0.36283185840707965,-0.7817109144542773,0.41887905604719766,-0.8820058997050148,0.29793510324483774,-0.3274336283185841,0.4365781710914454,-0.471976401179941,0.5221238938053098,-0.5486725663716814,0.5899705014749262,-0.6106194690265486
0,0.0,0.0,-0.14795918367346939,-0.13520408163265307,-0.2423469387755102,-0.2729591836734694,-0.3163265306122449,-0.3877551020408163,-0.3903061224489796,-0.461734693877551,-0.06377551020408163,-0.4744897959183674,-0.04846938775510204,-0.7091836734693877,-0.02806122448979592,-0.8520408163265306,-0.00510204081632653,-0.9591836734693877,0.05612244897959184,-0.461734693877551,0.1096938775510204,-0.7219387755102041,0.1556122448979592,-0.8826530612244898,0.19387755102040816,-1.0,0.1760204081632653,-0.4107142857142857,0.2602040816326531,-0.6428571428571429,0.3239795918367347,-0.7882653061224489,0.37244897959183676,-0.8954081632653061,0.29336734693877553,-0.32908163265306123,0.41836734693877553,-0.4744897959183674,0.49744897959183676,-0.5663265306122449,0.5637755102040817,-0.6428571428571429
0,0.0,0.0,-0.13602015113350127,-0.13350125944584382,-0.22670025188916876,-0.28211586901763225,-0.29219143576826195,-0.3954659949622166,-0.36523929471032746,-0.4634760705289673,-0.05037783375314862,-0.47858942065491183,-0.04030226700251889,-0.7128463476070529,-0.022670025188916875,-0.8564231738035264,-0.007556675062972292,-0.964735516372796,0.06801007556675064,-0.4659949622166247,0.11586901763224182,-0.7279596977329975,0.163727959697733,-0.889168765743073,0.19899244332493704,-1.0,0.18387909319899245,-0.4181360201511335,0.2619647355163728,-0.6523929471032746,0.3249370277078086,-0.7959697732997482,0.37279596977329976,-0.906801007556675,0.28967254408060455,-0.33753148614609574,0.4105793450881612,-0.48866498740554154,0.491183879093199,-0.5869017632241813,0.5566750629722922,-0.6750629722921915
0,0.0,0.0,-0.15053763440860216,-0.06989247311827956,-0.24731182795698925,-0.22311827956989247,-0.30913978494623656,-0.34408602150537637,-0.3870967741935484,-0.4220430107526882,-0.08870967741935484,-0.41935483870967744,-0.08333333333333333,-0.6774193548387096,-0.06451612903225806,-0.8306451612903226,-0.04032258064516129,-0.9435483870967742,0.03763440860215054,-0.41397849462365593,0.08870967741935484,-0.7016129032258065,0.12903225806451613,-0.8763440860215054,0.16129032258064516,-1.0,0.1693548387096774,-0.3682795698924731,0.24731182795698925,-0.6263440860215054,0.30376344086021506,-0.782258064516129,0.34946236559139787,-0.9032258064516129,0.2903225806451613,-0.28763440860215056,0.41397849462365593,-0.4650537634408602,0.489247311827957,-0.5698924731182796,0.553763440860215,-0.6612903225806451
0,0.0,0.0,-0.13953488372093023,-0.1343669250645995,-0.22997416020671835,-0.2842377260981912,-0.29198966408268734,-0.40568475452196384,-0.35917312661498707,-0.4780361757105943,-0.06459948320413436,-0.4754521963824289,-0.04909560723514212,-0.7157622739018088,-0.028423772609819122,-0.8501291989664083,-0.002583979328165375,-0.9509043927648578,0.056847545219638244,-0.46770025839793283,0.11369509043927649,-0.7338501291989664,0.15762273901808785,-0.8914728682170543,0.19121447028423771,-1.0,0.17829457364341086,-0.4160206718346253,0.26356589147286824,-0.6563307493540051,0.32299741602067183,-0.7984496124031008,0.3643410852713178,-0.9043927648578811,0.29198966408268734,-0.3359173126614987,0.4160206718346253,-0.4935400516795866,0.4909560723514212,-0.5917312661498708,0.5529715762273901,-0.6770025839793282
0,0.0,0.0,-0.13106796116504854,-0.14563106796116504,-0.21844660194174756,-0.30097087378640774,-0.2766990291262136,-0.4174757281553398,-0.3300970873786408,-0.49029126213592233,-0.06067961165048544,-0.49029126213592233,-0.03640776699029126,-0.7305825242718447,-0.0024271844660194173,-0.866504854368932,0.03155339805825243,-0.9635922330097088,0.06067961165048544,-0.48058252427184467,0.13349514563106796,-0.7451456310679612,0.18689320388349515,-0.9004854368932039,0.23300970873786409,-1.0,0.18446601941747573,-0.42961165048543687,0.28398058252427183,-0.6650485436893204,0.35194174757281554,-0.8033980582524272,0.4077669902912621,-0.9004854368932039,0.30097087378640774,-0.3422330097087379,0.4344660194174757,-0.5,0.5145631067961165,-0.587378640776699,0.5849514563106796,-0.662621359223301
0,0.0,0.0,-0.14318706697459585,-0.14549653579676675,-0.24018475750577367,-0.29330254041570436,-0.2909930715935335,-0.418013856812933,-0.3441108545034642,-0.4896073903002309,-0.08314087759815242,-0.4618937644341801,-0.046189376443418015,-0.7136258660508084,-0.009237875288683603,-0.8521939953810623,0.025404157043879907,-0.9515011547344111,0.03695150115473441,-0.45265588914549654,0.11778290993071594,-0.7344110854503464,0.17551963048498845,-0.8960739030023095,0.22401847575057737,-1.0,0.16397228637413394,-0.40877598152424943,0.26558891454965355,-0.6605080831408776,0.3348729792147806,-0.7990762124711316,0.38799076212471134,-0.8960739030023095,0.2840646651270208,-0.3325635103926097,0.42494226327944573,-0.5034642032332564,0.5103926096997691,-0.5842956120092379,0.581986143187067,-0.648960739030023
0,0.0,0.0,-0.13100436681222707,-0.14847161572052403,-0.2096069868995633,-0.3034934497816594,-0.24672489082969432,-0.4279475982532751,-0.2925764192139738,-0.4978165938864629,-0.05895196506550218,-0.48253275109170307,-0.006550218340611353,-0.7270742358078602,0.048034934497816595,-0.8646288209606987,0.09606986899563319,-0.9563318777292577,0.0611353711790393,-0.462882096069869,0.15502183406113537,-0.74235807860262,0.22489082969432314,-0.8995633187772926,0.2816593886462882,-1.0,0.18777292576419213,-0.4104803493449782,0.3056768558951965,-0.6572052401746725,0.38427947598253276,-0.7969432314410481,0.44541484716157204,-0.8973799126637555,0.3056768558951965,-0.32532751091703055,0.45633187772925765,-0.4890829694323144,0.5458515283842795,-0.5698689956331878,0.6200873362445415,-0.6331877729257642
0,0.0,0.0,-0.13168724279835392,-0.16255144032921812,-0.2139917695473251,-0.3292181069958848,-0.2674897119341564,-0.4547325102880658,-0.3168724279835391,-0.5288065843621399,-0.0823045267489712,-0.4794238683127572,-0.03909465020576132,-0.7325102880658436,0.0102880658436214,-0.8703703703703703,0.06378600823045268,-0.9650205761316872,0.03909465020576132,-0.46296296296296297,0.12345679012345678,-0.7407407407407407,0.1934156378600823,-0.8991769547325102,0.2551440329218107,-1.0,0.17078189300411523,-0.4156378600823045,0.2757201646090535,-0.6563786008230452,0.35390946502057613,-0.7921810699588477,0.4156378600823045,-0.8888888888888888,0.2962962962962963,-0.3374485596707819,0.43209876543209874,-0.5,0.5164609053497943,-0.5823045267489712,0.588477366255144,-0.6502057613168725
0,0.0,0.0,0.15822784810126583,-0.1371308016877637,0.189873417721519,-0.3037974683544304,0.19831223628691982,-0.39662447257383965,0.24472573839662448,-0.46835443037974683,0.0189873417721519,-0.5316455696202531,0.035864978902953586,-0.7341772151898734,0.09071729957805907,-0.8607594936708861,0.14767932489451477,-0.9556962025316456,-0.02531645569620253,-0.5232067510548524,-0.006329113924050633,-0.770042194092827,0.0759493670886076,-0.9071729957805907,0.16033755274261605,-1.0,-0.04219409282700422,-0.49156118143459915,-0.014767932489451477,-0.7341772151898734,0.07383966244725738,-0.8776371308016878,0.15822784810126583,-0.9831223628691983,-0.027426160337552744,-0.4345991561181435,0.02109704641350211,-0.609704641350211,0.0759493670886076,-0.729957805907173,0.1350210970464135,-0.8291139240506329
0,0.0,0.0,0.17142857142857143,-0.08333333333333333,0.2904761904761905,-0.2523809523809524,0.4023809523809524,-0.3476190476190476,0.5190476190476191,-0.36904761904761907,0.18095238095238095,-0.5476190476190477,0.24047619047619048,-0.7142857142857143,0.29285714285714287,-0.7952380952380952,0.34285714285714286,-0.8714285714285714,0.11190476190476191,-0.5714285714285714,0.15476190476190477,-0.780952380952381,0.2119047619047619,-0.9,0.2642857142857143,-1.0,0.04047619047619048,-0.5547619047619048,0.06666666666666667,-0.7642857142857142,0.11904761904761904,-0.8857142857142857,0.16904761904761906,-0.9880952380952381,-0.03571428571428571,-0.5023809523809524,-0.04285714285714286,-0.6761904761904762,-0.01904761904761905,-0.7904761904761904,0.014285714285714285,-0.8976190476190476
0,0.0,0.0,0.20242914979757085,-0.048582995951417005,0.38866396761133604,-0.1720647773279352,0.5222672064777328,-0.27530364372469635,0.6275303643724697,-0.3441295546558704,0.2692307692307692,-0.4817813765182186,0.34210526315789475,-0.6639676113360324,0.3866396761133603,-0.7793522267206477,0.42105263157894735,-0.8825910931174089,0.1437246963562753,-0.5263157894736842,0.1882591093117409,-0.7449392712550608,0.22064777327935223,-0.8846153846153846,0.24696356275303644,-1.0,0.022267206477732792,-0.5161943319838057,0.030364372469635626,-0.7267206477732794,0.048582995951417005,-0.8623481781376519,0.06477732793522267,-0.9817813765182186,-0.10323886639676114,-0.46558704453441296,-0.1680161943319838,-0.6295546558704453,-0.20850202429149797,-0.742914979757085,-0.23481781376518218,-0.8562753036437247
0,0.0,0.0,0.2054176072234763,-0.03837471783295711,0.40632054176072235,-0.1309255079006772,0.5598194130925508,-0.21218961625282168,0.672686230248307,-0.27765237020316025,0.309255079006772,-0.4717832957110609,0.4018058690744921,-0.6501128668171557,0.45146726862302483,-0.7652370203160271,0.48758465011286684,-0.8690744920993227,0.1873589164785553,-0.5259593679458239,0.24379232505643342,-0.7471783295711061,0.28216704288939054,-0.8848758465011287,0.31376975169300225,-1.0,0.06320541760722348,-0.5282167042889391,0.07900677200902935,-0.7336343115124153,0.09932279909706546,-0.8645598194130926,0.12189616252821671,-0.9774266365688488,-0.06772009029345373,-0.48758465011286684,-0.11963882618510158,-0.6478555304740407,-0.15575620767494355,-0.7584650112866818,-0.17607223476297967,-0.8690744920993227
0,0.0,0.0,0.20273348519362186,-0.04100227790432802,0.4031890660592255,-0.14123006833712984,0.5603644646924829,-0.22779043280182232,0.6765375854214123,-0.29157175398633256,0.30751708428246016,-0.4806378132118451,0.39863325740318906,-0.6605922551252847,0.44646924829157175,-0.7744874715261959,0.48519362186788156,-0.876993166287016,0.17995444191343962,-0.5330296127562643,0.23690205011389523,-0.7517084282460137,0.27790432801822323,-0.8861047835990888,0.3120728929384966,-1.0,0.05239179954441914,-0.5330296127562643,0.07289293849658314,-0.7425968109339408,0.09339407744874716,-0.876993166287016,0.11617312072892938,-0.9931662870159453,-0.07972665148063782,-0.489749430523918,-0.12984054669703873,-0.6537585421412301,-0.16400911161731208,-0.765375854214123,-0.17995444191343962,-0.876993166287016
0,0.0,0.0,0.2,-0.03409090909090909,0.4,-0.12272727272727273,0.5568181818181818,-0.20454545454545456,0.6772727272727272,-0.26136363636363635,0.3181818181818182,-0.4681818181818182,0.4159090909090909,-0.6477272727272727,0.4681818181818182,-0.7613636363636364,0.509090909090909,-0.865909090909091,0.19318181818181818,-0.5272727272727272,0.2545454545454545,-0.75,0.29772727272727273,-0.884090909090909,0.3340909090909091,-1.0,0.0659090909090909,-0.5318181818181819,0.09090909090909091,-0.7431818181818182,0.1159090909090909,-0.8772727272727273,0.1431818181818182,-0.9931818181818182,-0.0659090909090909,-0.49318181818181817,-0.11136363636363636,-0.6590909090909091,-0.1409090909090909,-0.7727272727272727,-0.15454545454545454,-0.884090909090909
0,0.0,0.0,0.18807339449541285,-0.05045871559633028,0.37155963302752293,-0.15825688073394495,0.4908256880733945,-0.25,0.591743119266055,-0.30963302752293576,0.2775229357798165,-0.4793577981651376,0.3669724770642202,-0.6536697247706422,0.4197247706422018,-0.7591743119266054,0.46788990825688076,-0.8577981651376146,0.16055045871559634,-0.5298165137614679,0.22247706422018348,-0.7431192660550459,0.26605504587155965,-0.8807339449541285,0.30504587155963303,-1.0,0.04357798165137615,-0.5275229357798165,0.06880733944954129,-0.7362385321100917,0.09862385321100918,-0.8692660550458715,0.13073394495412843,-0.9908256880733946,-0.0779816513761468,-0.481651376146789,-0.12614678899082568,-0.6490825688073395,-0.1559633027522936,-0.768348623853211,-0.1720183486238532,-0.8876146788990825
0,0.0,0.0,0.16820276497695852,-0.0944700460829493,0.2695852534562212,-0.2511520737327189,0.3317972350230415,-0.34101382488479265,0.38018433179723504,-0.39400921658986177,0.1543778801843318,-0.5207373271889401,0.2073732718894009,-0.6981566820276498,0.24423963133640553,-0.7995391705069125,0.28110599078341014,-0.8894009216589862,0.06912442396313365,-0.5414746543778802,0.10368663594470046,-0.7580645161290323,0.14285714285714285,-0.8870967741935484,0.18202764976958524,-1.0,-0.013824884792626729,-0.5161290322580645,-0.004608294930875576,-0.7258064516129032,0.027649769585253458,-0.8548387096774194,0.059907834101382486,-0.967741935483871,-0.0967741935483871,-0.45161290322580644,-0.1313364055299539,-0.6175115207373272,-0.1336405529953917,-0.7373271889400922,-0.12672811059907835,-0.8548387096774194
0,0.0,0.0,0.16359447004608296,-0.08986175115207373,0.26036866359447003,-0.25806451612903225,0.315668202764977,-0.3548387096774194,0.3433179723502304,-0.41013824884792627,0.14746543778801843,-0.532258064516129,0.1935483870967742,-0.7119815668202765,0.22811059907834103,-0.8087557603686636,0.2626728110599078,-0.8986175115207373,0.06912442396313365,-0.5460829493087558,0.10138248847926268,-0.7580645161290323,0.14285714285714285,-0.8870967741935484,0.17972350230414746,-1.0,-0.0069124423963133645,-0.511520737327189,0.0,-0.716589861751152,0.03917050691244239,-0.8456221198156681,0.07373271889400922,-0.9608294930875576,-0.08064516129032258,-0.4377880184331797,-0.10829493087557604,-0.5967741935483871,-0.10368663594470046,-0.7142857142857143,-0.09216589861751152,-0.8294930875576036
0,0.0,0.0,0.16129032258064516,-0.0944700460829493,0.2488479262672811,-0.2672811059907834,0.30184331797235026,-0.3640552995391705,0.3317972350230415,-0.41935483870967744,0.14516129032258066,-0.5391705069124424,0.18202764976958524,-0.7142857142857143,0.21658986175115208,-0.8087557603686636,0.2511520737327189,-0.8963133640552995,0.06912442396313365,-0.5460829493087558,0.09216589861751152,-0.7534562211981567,0.1336405529953917,-0.8824884792626728,0.1728110599078341,-1.0,-0.002304147465437788,-0.5092165898617511,0.002304147465437788,-0.7119815668202765,0.03917050691244239,-0.8410138248847926,0.07834101382488479,-0.9585253456221198,-0.07142857142857142,-0.43548387096774194,-0.09907834101382489,-0.5898617511520737,-0.09216589861751152,-0.7050691244239631,-0.07373271889400922,-0.8225806451612904
0,0.0,0.0,0.16009280742459397,-0.09744779582366589,0.24361948955916474,-0.2668213457076566,0.29698375870069604,-0.35962877030162416,0.3248259860788863,-0.4176334106728538,0.1345707656612529,-0.5406032482598608,0.1740139211136891,-0.7192575406032483,0.20649651972157773,-0.814385150812065,0.24361948955916474,-0.9048723897911833,0.060324825986078884,-0.5475638051044084,0.08352668213457076,-0.7563805104408353,0.12296983758700696,-0.8839907192575406,0.16241299303944315,-1.0,-0.009280742459396751,-0.5081206496519721,-0.002320185614849188,-0.7122969837587007,0.03480278422273782,-0.839907192575406,0.07192575406032482,-0.9605568445475638,-0.0765661252900232,-0.43387470997679817,-0.10440835266821345,-0.5893271461716937,-0.0951276102088167,-0.703016241299304,-0.0765661252900232,-0.8190255220417634
0,0.0,0.0,0.16018306636155608,-0.09839816933638444,0.2471395881006865,-0.2723112128146453,0.30205949656750575,-0.36613272311212813,0.32723112128146453,-0.41418764302059496,0.13729977116704806,-0.5423340961098398,0.17620137299771166,-0.7185354691075515,0.21052631578947367,-0.8146453089244852,0.2471395881006865,-0.9061784897025171,0.06407322654462243,-0.5469107551487414,0.08695652173913043,-0.7551487414187643,0.12814645308924486,-0.8832951945080092,0.16704805491990846,-1.0,-0.004576659038901602,-0.5080091533180778,0.002288329519450801,-0.7093821510297483,0.041189931350114416,-0.8375286041189931,0.08009153318077804,-0.9565217391304348,-0.07093821510297482,-0.43249427917620137,-0.09839816933638444,-0.585812356979405,-0.08924485125858124,-0.7025171624713958,-0.07322654462242563,-0.816933638443936
0,0.0,0.0,0.1670428893905192,-0.0835214446952596,0.2528216704288939,-0.255079006772009,0.3002257336343115,-0.3544018058690745,0.31376975169300225,-0.40632054176072235,0.12641083521444696,-0.5395033860045146,0.17155756207674944,-0.7133182844243793,0.20993227990970656,-0.8126410835214447,0.2505643340857788,-0.9006772009029346,0.05417607223476298,-0.54627539503386,0.0835214446952596,-0.7562076749435666,0.12641083521444696,-0.8848758465011287,0.17155756207674944,-1.0,-0.01580135440180587,-0.5056433408577878,-0.002257336343115124,-0.7133182844243793,0.04288939051918736,-0.8397291196388262,0.0835214446952596,-0.9593679458239278,-0.08126410835214447,-0.42437923250564336,-0.09932279909706546,-0.5756207674943566,-0.08126410835214447,-0.6884875846501128,-0.05191873589164785,-0.8036117381489842
0,0.0,0.0,0.1603563474387528,-0.08908685968819599,0.24944320712694878,-0.26280623608017817,0.30066815144766146,-0.3585746102449889,0.3273942093541203,-0.4142538975501114,0.14253897550111358,-0.5456570155902004,0.18040089086859687,-0.7193763919821826,0.21380846325167038,-0.8151447661469933,0.24944320712694878,-0.9042316258351893,0.066815144766147,-0.5501113585746102,0.09131403118040089,-0.7572383073496659,0.133630289532294,-0.8841870824053452,0.1759465478841871,-1.0,-0.004454342984409799,-0.5100222717149221,0.0066815144766146995,-0.7126948775055679,0.04899777282850779,-0.8396436525612472,0.09131403118040089,-0.9599109131403119,-0.07349665924276169,-0.4298440979955457,-0.0957683741648107,-0.5812917594654788,-0.0801781737193764,-0.6971046770601337,-0.051224944320712694,-0.8129175946547884
0,0.0,0.0,0.17817371937639198,-0.066815144766147,0.311804008908686,-0.2182628062360802,0.40311804008908686,-0.31403118040089084,0.47438752783964366,-0.3674832962138085,0.21158129175946547,-0.5144766146993318,0.2739420935412027,-0.6859688195991092,0.31625835189309576,-0.7861915367483296,0.35634743875278396,-0.8797327394209354,0.11358574610244988,-0.5434298440979956,0.155902004454343,-0.7527839643652561,0.2026726057906459,-0.8841870824053452,0.24053452115812918,-1.0,0.015590200445434299,-0.5256124721603563,0.0378619153674833,-0.732739420935412,0.07349665924276169,-0.8596881959910914,0.1091314031180401,-0.9732739420935412,-0.08463251670378619,-0.46770601336302897,-0.12026726057906459,-0.6280623608017817,-0.1291759465478842,-0.7416481069042317,-0.12694877505567928,-0.8574610244988864
0,0.0,0.0,0.19282511210762332,-0.06053811659192825,0.3654708520179372,-0.18834080717488788,0.48654708520179374,-0.28699551569506726,0.5964125560538116,-0.3452914798206278,0.2645739910313901,-0.48878923766816146,0.3475336322869955,-0.6614349775784754,0.3968609865470852,-0.7690582959641256,0.43946188340807174,-0.8699551569506726,0.15246636771300448,-0.5291479820627802,0.2085201793721973,-0.7376681614349776,0.2533632286995516,-0.8766816143497758,0.2914798206278027,-1.0,0.03587443946188341,-0.5201793721973094,0.06053811659192825,-0.726457399103139,0.09417040358744394,-0.8587443946188341,0.13004484304932734,-0.9798206278026906,-0.08520179372197309,-0.4730941704035874,-0.13004484304932734,-0.6345291479820628,-0.15246636771300448,-0.7466367713004485,-0.16143497757847533,-0.8632286995515696
0,0.0,0.0,0.19599109131403117,-0.0467706013363029,0.3830734966592428,-0.1603563474387528,0.5100222717149221,-0.24721603563474387,0.6169265033407573,-0.30734966592427615,0.29175946547884185,-0.4766146993318486,0.37861915367483295,-0.6570155902004454,0.42761692650334077,-0.7683741648106904,0.46770601336302897,-0.8708240534521158,0.17371937639198218,-0.5211581291759465,0.23385300668151449,-0.7371937639198218,0.27616926503340755,-0.8775055679287305,0.311804008908686,-1.0,0.053452115812917596,-0.5167037861915368,0.0801781737193764,-0.7216035634743875,0.1091314031180401,-0.8552338530066815,0.1358574610244989,-0.977728285077951,-0.07349665924276169,-0.46993318485523383,-0.11804008908685969,-0.6347438752783965,-0.1492204899777283,-0.7505567928730512,-0.16703786191536749,-0.8641425389755011
0,0.0,0.0,0.20444444444444446,-0.028888888888888888,0.4111111111111111,-0.11555555555555555,0.5733333333333334,-0.19111111111111112,0.6955555555555556,-0.24222222222222223,0.3466666666666667,-0.46444444444444444,0.4444444444444444,-0.6422222222222222,0.4955555555555556,-0.7577777777777778,0.5355555555555556,-0.8666666666666667,0.2222222222222222,-0.5244444444444445,0.28888888888888886,-0.7377777777777778,0.33111111111111113,-0.8777777777777778,0.36666666666666664,-1.0,0.09555555555555556,-0.5311111111111111,0.12222222222222222,-0.7333333333333333,0.14,-0.8666666666666667,0.1622222222222222,-0.9888888888888889,-0.04,-0.4911111111111111,-0.07555555555555556,-0.6533333333333333,-0.10444444444444445,-0.7644444444444445,-0.11555555555555555,-0.8777777777777778
0,0.0,0.0,0.19866071428571427,-0.029017857142857144,0.41517857142857145,-0.09821428571428571,0.5825892857142857,-0.16071428571428573,0.7075892857142857,-0.21205357142857142,0.3549107142857143,-0.45089285714285715,0.4575892857142857,-0.6339285714285714,0.5133928571428571,-0.7522321428571429,0.5580357142857143,-0.8638392857142857,0.23660714285714285,-0.515625,0.3080357142857143,-0.7388392857142857,0.35044642857142855,-0.8794642857142857,0.38169642857142855,-1.0,0.11383928571428571,-0.5267857142857143,0.14732142857142858,-0.7299107142857143,0.15848214285714285,-0.8638392857142857,0.16964285714285715,-0.9866071428571429,-0.020089285714285716,-0.49330357142857145,-0.049107142857142856,-0.6540178571428571,-0.07366071428571429,-0.7611607142857143,-0.08705357142857142,-0.8683035714285714
0,0.0,0.0,0.19463087248322147,-0.024608501118568233,0.407158836689038,-0.0894854586129754,0.5727069351230425,-0.14541387024608501,0.6957494407158836,-0.19463087248322147,0.3400447427293065,-0.43847874720357943,0.4451901565995526,-0.6241610738255033,0.5033557046979866,-0.7427293064876958,0.5503355704697986,-0.854586129753915,0.22595078299776286,-0.5055928411633109,0.30201342281879195,-0.7360178970917226,0.34675615212527966,-0.8791946308724832,0.38031319910514544,-1.0,0.10514541387024609,-0.5167785234899329,0.14093959731543623,-0.7248322147651006,0.15883668903803133,-0.8635346756152126,0.174496644295302,-0.9843400447427293,-0.02237136465324385,-0.48769574944071586,-0.05592841163310962,-0.6510067114093959,-0.08053691275167785,-0.7606263982102909,-0.09619686800894854,-0.8680089485458613
0,0.0,0.0,0.20273348519362186,-0.004555808656036446,0.4031890660592255,-0.05466970387243736,0.571753986332574,-0.1070615034168565,0.7038724373576309,-0.15945330296127563,0.36446469248291574,-0.42596810933940776,0.4715261958997722,-0.6104783599088838,0.530751708428246,-0.7403189066059226,0.5763097949886105,-0.8587699316628702,0.2528473804100228,-0.5011389521640092,0.33029612756264237,-0.7334851936218679,0.3690205011389522,-0.8815489749430524,0.3940774487471526,-1.0,0.13211845102505695,-0.5216400911161732,0.17084282460136674,-0.7289293849658315,0.18223234624145787,-0.8633257403189066,0.1867881548974943,-0.9817767653758542,0.002277904328018223,-0.5034168564920274,-0.022779043280182234,-0.6537585421412301,-0.05011389521640091,-0.7608200455580866,-0.0683371298405467,-0.8656036446469249
0,0.0,0.0,0.20093457943925233,0.002336448598130841,0.4088785046728972,-0.04205607476635514,0.5794392523364486,-0.0911214953271028,0.719626168224299,-0.14018691588785046,0.37383177570093457,-0.4182242990654206,0.48598130841121495,-0.6051401869158879,0.5514018691588785,-0.7383177570093458,0.602803738317757,-0.8574766355140186,0.26401869158878505,-0.5,0.34813084112149534,-0.7336448598130841,0.39485981308411217,-0.8808411214953271,0.42757009345794394,-1.0,0.1425233644859813,-0.5233644859813084,0.18691588785046728,-0.735981308411215,0.20327102803738317,-0.8761682242990654,0.21261682242990654,-0.9976635514018691,0.009345794392523364,-0.5046728971962616,-0.014018691588785047,-0.6635514018691588,-0.0397196261682243,-0.7733644859813084,-0.05841121495327103,-0.8808411214953271
0,0.0,0.0,0.19951923076923078,0.014423076923076924,0.40865384615384615,-0.016826923076923076,0.5817307692307693,-0.0625,0.7211538461538461,-0.10817307692307693,0.39663461538461536,-0.41346153846153844,0.5168269230769231,-0.5961538461538461,0.5841346153846154,-0.7259615384615384,0.6370192307692307,-0.84375,0.29086538461538464,-0.49759615384615385,0.38221153846153844,-0.7307692307692307,0.4254807692307692,-0.8798076923076923,0.4519230769230769,-0.9975961538461539,0.17307692307692307,-0.5240384615384616,0.22596153846153846,-0.7331730769230769,0.24519230769230768,-0.8774038461538461,0.25721153846153844,-1.0,0.038461538461538464,-0.5072115384615384,0.02403846153846154,-0.6658653846153846,0.007211538461538462,-0.7788461538461539,-0.002403846153846154,-0.8870192307692307
0,0.0,0.0,0.1791044776119403,0.014925373134328358,0.3855721393034826,-0.017412935323383085,0.572139303482587,-0.04975124378109453,0.7139303482587065,-0.08706467661691543,0.4154228855721393,-0.40049751243781095,0.5447761194029851,-0.5920398009950248,0.6094527363184079,-0.7213930348258707,0.6616915422885572,-0.8407960199004975,0.31343283582089554,-0.49502487562189057,0.4054726368159204,-0.7288557213930348,0.44776119402985076,-0.8756218905472637,0.47761194029850745,-1.0,0.19651741293532338,-0.527363184079602,0.24875621890547264,-0.736318407960199,0.26865671641791045,-0.8706467661691543,0.2810945273631841,-0.9875621890547264,0.06218905472636816,-0.5124378109452736,0.05472636815920398,-0.6791044776119403,0.03980099502487562,-0.7835820895522388,0.03233830845771144,-0.8855721393034826
0,0.0,0.0,0.17121588089330025,0.022332506203473945,0.36228287841191065,-0.009925558312655087,0.5409429280397022,-0.04466501240694789,0.6923076923076923,-0.07196029776674938,0.39950372208436724,-0.3970223325062035,0.5260545905707196,-0.5856079404466501,0.5856079404466501,-0.71712158808933,0.6377171215880894,-0.8436724565756824,0.3027295285359802,-0.48883374689826303,0.3945409429280397,-0.7196029776674938,0.43672456575682383,-0.8709677419354839,0.46153846153846156,-1.0,0.18858560794044665,-0.5210918114143921,0.24069478908188585,-0.7344913151364765,0.2531017369727047,-0.8709677419354839,0.26054590570719605,-0.9900744416873449,0.05955334987593052,-0.5086848635235732,0.05459057071960298,-0.674937965260546,0.04218362282878412,-0.7841191066997518,0.034739454094292806,-0.8858560794044665
0,0.0,0.0,0.16793893129770993,0.03816793893129771,0.3511450381679389,0.020356234096692113,0.5267175572519084,-0.005089058524173028,0.6870229007633588,-0.03307888040712468,0.3994910941475827,-0.3842239185750636,0.5241730279898219,-0.5674300254452926,0.5877862595419847,-0.7022900763358778,0.638676844783715,-0.8295165394402035,0.3053435114503817,-0.47837150127226463,0.3994910941475827,-0.7099236641221374,0.4402035623409669,-0.8651399491094147,0.46564885496183206,-1.0,0.19592875318066158,-0.5139949109414759,0.24427480916030533,-0.72264631043257,0.25699745547073793,-0.8575063613231552,0.26717557251908397,-0.9770992366412213,0.06870229007633588,-0.5038167938931297,0.061068702290076333,-0.6666666666666666,0.04580152671755725,-0.7735368956743003,0.03816793893129771,-0.8727735368956743
0,0.0,0.0,0.16539440203562342,0.03816793893129771,0.3384223918575064,0.015267175572519083,0.5089058524173028,-0.017811704834605598,0.6692111959287532,-0.05089058524173028,0.38676844783715014,-0.3791348600508906,0.5165394402035624,-0.5597964376590331,0.5801526717557252,-0.6972010178117048,0.6335877862595419,-0.8244274809160306,0.30025445292620867,-0.4758269720101781,0.3944020356234097,-0.7099236641221374,0.4351145038167939,-0.8651399491094147,0.4580152671755725,-1.0,0.19592875318066158,-0.5114503816793893,0.24173027989821882,-0.7251908396946565,0.2544529262086514,-0.8625954198473282,0.2595419847328244,-0.9821882951653944,0.0737913486005089,-0.5038167938931297,0.061068702290076333,-0.6692111959287532,0.04580152671755725,-0.7760814249363868,0.03307888040712468,-0.8778625954198473
0,0.0,0.0,0.14910025706940874,0.04627249357326478,0.3213367609254499,0.030848329048843187,0.493573264781491,0.012853470437017995,0.6529562982005142,-0.002570694087403599,0.38817480719794345,-0.3676092544987147,0.5141388174807198,-0.5501285347043702,0.5732647814910026,-0.6915167095115681,0.622107969151671,-0.8226221079691517,0.3033419023136247,-0.4704370179948586,0.39588688946015427,-0.7069408740359897,0.4318766066838046,-0.8637532133676092,0.4498714652956298,-1.0,0.19794344473007713,-0.5089974293059126,0.2442159383033419,-0.7223650385604113,0.2519280205655527,-0.8611825192802056,0.2519280205655527,-0.9794344473007712,0.07712082262210797,-0.5012853470437018,0.06683804627249357,-0.6683804627249358,0.05141388174807198,-0.7737789203084833,0.04113110539845758,-0.87146529562982
0,0.0,0.0,0.12435233160621761,0.05958549222797927,0.25647668393782386,0.04922279792746114,0.4119170984455959,0.02849740932642487,0.5751295336787565,0.010362694300518135,0.34196891191709844,-0.3601036269430052,0.45595854922279794,-0.5466321243523317,0.5103626943005182,-0.6968911917098446,0.5492227979274611,-0.8341968911917098,0.2694300518134715,-0.4481865284974093,0.35233160621761656,-0.6917098445595855,0.3704663212435233,-0.8549222797927462,0.37305699481865284,-1.0,0.17875647668393782,-0.48186528497409326,0.21502590673575128,-0.6968911917098446,0.21243523316062177,-0.8393782383419689,0.20207253886010362,-0.9559585492227979,0.07512953367875648,-0.48186528497409326,0.05699481865284974,-0.6424870466321243,0.03626943005181347,-0.7461139896373057,0.02072538860103627,-0.8393782383419689
0,0.0,0.0,0.10498687664041995,0.08136482939632546,0.2152230971128609,0.07874015748031496,0.3464566929133858,0.06036745406824147,0.5065616797900262,0.028871391076115485,0.32020997375328086,-0.3359580052493438,0.4251968503937008,-0.5328083989501312,0.46981627296587924,-0.6876640419947506,0.5013123359580053,-0.8293963254593176,0.2545931758530184,-0.4304461942257218,0.33070866141732286,-0.6797900262467191,0.3464566929133858,-0.8503937007874016,0.3438320209973753,-1.0,0.1732283464566929,-0.47506561679790027,0.2125984251968504,-0.6902887139107612,0.2125984251968504,-0.8372703412073491,0.1994750656167979,-0.9553805774278216,0.08136482939632546,-0.48031496062992124,0.06824146981627296,-0.6430446194225722,0.05249343832020997,-0.7506561679790026,0.03674540682414698,-0.8398950131233596
0,0.0,0.0,0.10526315789473684,0.08157894736842106,0.21578947368421053,0.08421052631578947,0.3473684210526316,0.06578947368421052,0.5078947368421053,0.03684210526315789,0.3157894736842105,-0.3368421052631579,0.4236842105263158,-0.531578947368421,0.46842105263157896,-0.6894736842105263,0.49473684210526314,-0.8342105263157895,0.25263157894736843,-0.42894736842105263,0.32894736842105265,-0.6789473684210526,0.3394736842105263,-0.8473684210526315,0.33421052631578946,-1.0,0.17105263157894737,-0.4710526315789474,0.2131578947368421,-0.6894736842105263,0.21052631578947367,-0.8342105263157895,0.19736842105263158,-0.9526315789473684,0.08157894736842106,-0.4789473684210526,0.07368421052631578,-0.6421052631578947,0.05789473684210526,-0.7473684210526316,0.039473684210526314,-0.8342105263157895
0,0.0,0.0,0.0855614973262032,0.0962566844919786,0.18181818181818182,0.10160427807486631,0.2887700534759358,0.0962566844919786,0.43315508021390375,0.0748663101604278,0.3048128342245989,-0.32085561497326204,0.4037433155080214,-0.5187165775401069,0.4411764705882353,-0.6818181818181818,0.45989304812834225,-0.8342245989304813,0.25133689839572193,-0.4117647058823529,0.32085561497326204,-0.6631016042780749,0.3315508021390374,-0.839572192513369,0.32620320855614976,-1.0,0.17914438502673796,-0.4572192513368984,0.22459893048128343,-0.6764705882352942,0.22459893048128343,-0.8288770053475936,0.21122994652406418,-0.9545454545454546,0.09090909090909091,-0.47058823529411764,0.0855614973262032,-0.6363636363636364,0.06684491978609626,-0.7486631016042781,0.0481283422459893,-0.8368983957219251
0,0.0,0.0,0.08108108108108109,0.0945945945945946,0.1783783783783784,0.10810810810810811,0.2891891891891892,0.11351351351351352,0.4243243243243243,0.10810810810810811,0.3054054054054054,-0.3162162162162162,0.4081081081081081,-0.5162162162162162,0.44594594594594594,-0.6783783783783783,0.46216216216216216,-0.8324324324324325,0.25135135135135134,-0.41081081081081083,0.327027027027027,-0.6594594594594595,0.33783783783783783,-0.8405405405405405,0.32972972972972975,-1.0,0.1783783783783784,-0.4594594594594595,0.22702702702702704,-0.6783783783783783,0.23243243243243245,-0.827027027027027,0.21891891891891893,-0.9513513513513514,0.0945945945945946,-0.47297297297297297,0.08648648648648649,-0.6378378378378379,0.07027027027027027,-0.745945945945946,0.051351351351351354,-0.8351351351351352
0,0.0,0.0,0.04189944134078212,0.10335195530726257,0.11173184357541899,0.11452513966480447,0.18994413407821228,0.12849162011173185,0.3128491620111732,0.13966480446927373,0.2737430167597765,-0.29608938547486036,0.3547486033519553,-0.5167597765363129,0.3715083798882682,-0.6927374301675978,0.3687150837988827,-0.8547486033519553,0.22625698324022347,-0.3854748603351955,0.2849162011173184,-0.6508379888268156,0.2849162011173184,-0.835195530726257,0.2737430167597765,-1.0,0.15921787709497207,-0.43575418994413406,0.19832402234636873,-0.6675977653631285,0.19553072625698323,-0.8212290502793296,0.18435754189944134,-0.946927374301676,0.08379888268156424,-0.4581005586592179,0.08659217877094973,-0.6256983240223464,0.06983240223463687,-0.7346368715083799,0.055865921787709494,-0.8212290502793296
0,0.0,0.0,0.017094017094017096,0.10541310541310542,0.07122507122507123,0.11965811965811966,0.1339031339031339,0.1396011396011396,0.23076923076923078,0.16524216524216523,0.245014245014245,-0.28774928774928776,0.32193732193732194,-0.50997150997151,0.34472934472934474,-0.6866096866096866,0.34472934472934474,-0.8490028490028491,0.20797720797720798,-0.37606837606837606,0.26495726495726496,-0.6381766381766382,0.2621082621082621,-0.8319088319088319,0.245014245014245,-1.0,0.14814814814814814,-0.42450142450142453,0.18518518518518517,-0.6524216524216524,0.18233618233618235,-0.8148148148148148,0.16809116809116809,-0.9430199430199431,0.08262108262108261,-0.45014245014245013,0.07977207977207977,-0.6153846153846154,0.06837606837606838,-0.7293447293447294,0.05413105413105413,-0.8233618233618234
0,0.0,0.0,0.0,0.0947075208913649,0.033426183844011144,0.10863509749303621,0.07242339832869081,0.11977715877437325,0.12813370473537605,0.13370473537604458,0.20055710306406685,-0.298050139275766,0.2562674094707521,-0.5292479108635098,0.2618384401114206,-0.7075208913649025,0.2479108635097493,-0.8662952646239555,0.1615598885793872,-0.37604456824512533,0.1977715877437326,-0.6434540389972145,0.1894150417827298,-0.841225626740947,0.16434540389972144,-1.0,0.10863509749303621,-0.41225626740947074,0.1392757660167131,-0.6323119777158774,0.13370473537604458,-0.7966573816155988,0.11977715877437325,-0.9192200557103064,0.055710306406685235,-0.42896935933147634,0.0584958217270195,-0.5877437325905293,0.05013927576601671,-0.6991643454038997,0.04456824512534819,-0.7938718662952646
0,0.0,0.0,-0.008670520231213872,0.10115606936416185,0.03468208092485549,0.12427745664739884,0.06069364161849711,0.1531791907514451,0.057803468208092484,0.18497109826589594,0.2023121387283237,-0.2774566473988439,0.24855491329479767,-0.5086705202312138,0.25722543352601157,-0.6907514450867052,0.24855491329479767,-0.8554913294797688,0.16473988439306358,-0.3699421965317919,0.1994219653179191,-0.6358381502890174,0.19653179190751446,-0.838150289017341,0.17630057803468208,-1.0,0.1069364161849711,-0.4190751445086705,0.13583815028901733,-0.6445086705202312,0.13583815028901733,-0.815028901734104,0.12427745664739884,-0.9393063583815029,0.046242774566473986,-0.44508670520231214,0.046242774566473986,-0.6040462427745664,0.04335260115606936,-0.7225433526011561,0.03757225433526012,-0.8265895953757225
0,0.0,0.0,-0.008849557522123894,0.10914454277286136,0.038348082595870206,0.12684365781710916,0.058997050147492625,0.1504424778761062,0.05014749262536873,0.17404129793510326,0.20943952802359883,-0.28023598820059,0.25958702064896755,-0.5132743362831859,0.26843657817109146,-0.696165191740413,0.25663716814159293,-0.8643067846607669,0.1710914454277286,-0.3746312684365782,0.21238938053097345,-0.640117994100295,0.20943952802359883,-0.8407079646017699,0.18584070796460178,-1.0,0.11504424778761062,-0.4218289085545723,0.1504424778761062,-0.6519174041297935,0.14454277286135694,-0.8230088495575221,0.13274336283185842,-0.9528023598820059,0.05309734513274336,-0.44837758112094395,0.05604719764011799,-0.6106194690265486,0.05014749262536873,-0.7315634218289085,0.04129793510324484,-0.8348082595870207
0,0.0,0.0,-0.005952380952380952,0.10416666666666667,0.044642857142857144,0.12797619047619047,0.07142857142857142,0.15476190476190477,0.044642857142857144,0.1636904761904762,0.20535714285714285,-0.27976190476190477,0.2619047619047619,-0.5059523809523809,0.2767857142857143,-0.6875,0.27380952380952384,-0.8511904761904762,0.1636904761904762,-0.375,0.20238095238095238,-0.6369047619047619,0.20238095238095238,-0.8363095238095238,0.18452380952380953,-1.0,0.10714285714285714,-0.4226190476190476,0.14583333333333334,-0.6458333333333334,0.1488095238095238,-0.8154761904761905,0.14285714285714285,-0.9434523809523809,0.05357142857142857,-0.44345238095238093,0.06547619047619048,-0.6071428571428571,0.0625,-0.7321428571428571,0.0625,-0.8392857142857143
0,0.0,0.0,0.03428571428571429,0.08857142857142856,0.08857142857142856,0.09428571428571429,0.14857142857142858,0.1,0.21428571428571427,0.11428571428571428,0.2571428571428571,-0.30857142857142855,0.32571428571428573,-0.5257142857142857,0.34,-0.6942857142857143,0.34,-0.8514285714285714,0.21428571428571427,-0.40285714285714286,0.26571428571428574,-0.6571428571428571,0.26857142857142857,-0.8428571428571429,0.2571428571428571,-1.0,0.15428571428571428,-0.4514285714285714,0.18571428571428572,-0.6742857142857143,0.18571428571428572,-0.8285714285714286,0.17714285714285713,-0.9514285714285714,0.08571428571428572,-0.4742857142857143,0.09142857142857143,-0.6371428571428571,0.08571428571428572,-0.7457142857142857,0.07714285714285714,-0.84
0,0.0,0.0,0.15835777126099707,0.04985337243401759,0.3313782991202346,0.03812316715542522,0.49560117302052786,0.017595307917888565,0.6304985337243402,0.0,0.39882697947214074,-0.3724340175953079,0.5102639296187683,-0.5659824046920822,0.5659824046920822,-0.7067448680351907,0.6099706744868035,-0.8357771260997068,0.31378299120234604,-0.4662756598240469,0.4046920821114369,-0.6950146627565983,0.436950146627566,-0.8592375366568915,0.45161290322580644,-1.0,0.21114369501466276,-0.5043988269794721,0.2697947214076246,-0.718475073313783,0.2844574780058651,-0.8592375366568915,0.2873900293255132,-0.9765395894428153,0.09090909090909091,-0.5043988269794721,0.093841642228739,-0.6715542521994134,0.08797653958944282,-0.7800586510263929,0.07917888563049853,-0.873900293255132
0,0.0,0.0,0.18235294117647058,0.03823529411764706,0.3764705882352941,0.020588235294117647,0.55,-0.014705882352941176,0.7029411764705882,-0.05,0.4264705882352941,-0.4,0.5529411764705883,-0.5911764705882353,0.6176470588235294,-0.7235294117647059,0.6735294117647059,-0.8441176470588235,0.3323529411764706,-0.49117647058823527,0.43529411764705883,-0.7176470588235294,0.4823529411764706,-0.8705882352941177,0.5147058823529411,-1.0,0.21764705882352942,-0.5264705882352941,0.2735294117647059,-0.7382352941176471,0.3,-0.8764705882352941,0.3176470588235294,-0.9941176470588236,0.08529411764705883,-0.5176470588235295,0.07941176470588235,-0.6852941176470588,0.07058823529411765,-0.7970588235294118,0.07058823529411765,-0.9029411764705882
0,0.0,0.0,0.20448179271708683,0.0056022408963585435,0.4257703081232493,-0.0392156862745098,0.6190476190476191,-0.09243697478991597,0.7703081232492998,-0.13725490196078433,0.42857142857142855,-0.42857142857142855,0.5574229691876751,-0.6274509803921569,0.6218487394957983,-0.7535014005602241,0.6722689075630253,-0.8739495798319328,0.31932773109243695,-0.5126050420168067,0.42296918767507,-0.742296918767507,0.4733893557422969,-0.8851540616246498,0.5098039215686274,-1.0,0.19887955182072828,-0.5434173669467787,0.2605042016806723,-0.7535014005602241,0.28851540616246496,-0.8823529411764706,0.3081232492997199,-0.988795518207283,0.06442577030812324,-0.5294117647058824,0.06162464985994398,-0.6974789915966386,0.056022408963585436,-0.8067226890756303,0.05322128851540616,-0.907563025210084
0,0.0,0.0,0.20526315789473684,0.007894736842105263,0.42105263157894735,-0.031578947368421054,0.5947368421052631,-0.07631578947368421,0.7289473684210527,-0.12105263157894737,0.41578947368421054,-0.4263157894736842,0.5421052631578948,-0.6210526315789474,0.6052631578947368,-0.7473684210526316,0.6552631578947369,-0.8578947368421053,0.29736842105263156,-0.5052631578947369,0.39473684210526316,-0.7368421052631579,0.4473684210526316,-0.881578947368421,0.4868421052631579,-1.0,0.16578947368421051,-0.5289473684210526,0.22105263157894736,-0.7526315789473684,0.24736842105263157,-0.8868421052631579,0.2710526315789474,-0.9921052631578947,0.02368421052631579,-0.5078947368421053,0.0,-0.6815789473684211,-0.013157894736842105,-0.7973684210526316,-0.015789473684210527,-0.9
1,0.0,0.0,0.1688888888888889,-0.02666666666666667,0.27555555555555555,-0.1511111111111111,0.2,-0.28,0.10222222222222223,-0.39111111111111113,0.38222222222222224,-0.41333333333333333,0.5111111111111111,-0.5911111111111111,0.5866666666666667,-0.7066666666666667,0.6488888888888888,-0.8088888888888889,0.2577777777777778,-0.4888888888888889,0.30666666666666664,-0.72,0.3288888888888889,-0.8711111111111111,0.35555555555555557,-1.0,0.1288888888888889,-0.49777777777777776,0.13333333333333333,-0.6577777777777778,0.09333333333333334,-0.52,0.06666666666666667,-0.40444444444444444,0.0044444444444444444,-0.4622222222222222,-0.008888888888888889,-0.5688888888888889,-0.017777777777777778,-0.48444444444444446,-0.017777777777777778,-0.4
1,0.0,0.0,0.16591928251121077,-0.013452914798206279,0.273542600896861,-0.13452914798206278,0.20179372197309417,-0.2556053811659193,0.10762331838565023,-0.3721973094170404,0.3901345291479821,-0.4125560538116592,0.5201793721973094,-0.5874439461883408,0.5964125560538116,-0.7040358744394619,0.6591928251121076,-0.8116591928251121,0.26905829596412556,-0.484304932735426,0.3183856502242152,-0.7130044843049327,0.34080717488789236,-0.8654708520179372,0.36771300448430494,-1.0,0.13901345291479822,-0.4977578475336323,0.13901345291479822,-0.6636771300448431,0.09417040358744394,-0.5246636771300448,0.06726457399103139,-0.40358744394618834,0.013452914798206279,-0.47085201793721976,0.0,-0.5874439461883408,-0.013452914798206279,-0.4977578475336323,-0.017937219730941704,-0.4080717488789238
1,0.0,0.0,0.16517857142857142,-0.022321428571428572,0.26339285714285715,-0.15178571428571427,0.1875,-0.2857142857142857,0.08928571428571429,-0.39285714285714285,0.375,-0.4107142857142857,0.5089285714285714,-0.5848214285714286,0.5892857142857143,-0.7008928571428571,0.6517857142857143,-0.8035714285714286,0.2544642857142857,-0.48660714285714285,0.3125,-0.7142857142857143,0.33482142857142855,-0.8660714285714286,0.36160714285714285,-1.0,0.12946428571428573,-0.5,0.12946428571428573,-0.6696428571428571,0.08928571428571429,-0.5401785714285714,0.0625,-0.42410714285714285,0.004464285714285714,-0.4642857142857143,-0.008928571428571428,-0.5758928571428571,-0.017857142857142856,-0.4955357142857143,-0.022321428571428572,-0.4107142857142857
1,0.0,0.0,0.17488789237668162,-0.013452914798206279,0.2825112107623318,-0.13452914798206278,0.19730941704035873,-0.26905829596412556,0.09865470852017937,-0.39461883408071746,0.3901345291479821,-0.40358744394618834,0.5201793721973094,-0.5739910313901345,0.5964125560538116,-0.6905829596412556,0.6636771300448431,-0.7982062780269058,0.26905829596412556,-0.4798206278026906,0.33183856502242154,-0.7130044843049327,0.35874439461883406,-0.8654708520179372,0.39461883408071746,-1.0,0.13901345291479822,-0.49327354260089684,0.14349775784753363,-0.6636771300448431,0.09865470852017937,-0.5336322869955157,0.06726457399103139,-0.4125560538116592,0.013452914798206279,-0.4663677130044843,0.004484304932735426,-0.5739910313901345,-0.008968609865470852,-0.49327354260089684,-0.013452914798206279,-0.4080717488789238
1,0.0,0.0,0.1689497716894977,-0.0045662100456621,0.273972602739726,-0.1187214611872146,0.1963470319634703,-0.2511415525114155,0.1050228310502283,-0.3835616438356164,0.3972602739726027,-0.3972602739726027,0.5296803652968036,-0.5662100456621004,0.6073059360730594,-0.6894977168949772,0.680365296803653,-0.7990867579908676,0.2785388127853881,-0.4703196347031963,0.3378995433789954,-0.7077625570776256,0.3698630136986301,-0.863013698630137,0.410958904109589,-1.0,0.1461187214611872,-0.4885844748858447,0.1506849315068493,-0.6621004566210046,0.1004566210045662,-0.5342465753424658,0.0684931506849315,-0.410958904109589,0.0228310502283105,-0.4748858447488584,0.0045662100456621,-0.589041095890411,-0.0091324200913242,-0.5068493150684932,-0.0182648401826484,-0.4155251141552511
1,0.0,0.0,0.1784037558685446,-0.009389671361502348,0.3004694835680751,-0.1267605633802817,0.23943661971830985,-0.27230046948356806,0.15023474178403756,-0.39906103286384975,0.43661971830985913,-0.39906103286384975,0.5821596244131455,-0.5727699530516432,0.6666666666666666,-0.6901408450704225,0.7417840375586855,-0.7934272300469484,0.3192488262910798,-0.4835680751173709,0.39906103286384975,-0.7089201877934272,0.4460093896713615,-0.863849765258216,0.5023474178403756,-1.0,0.18309859154929578,-0.5070422535211268,0.2112676056338028,-0.6807511737089202,0.1596244131455399,-0.5539906103286385,0.12206572769953052,-0.43661971830985913,0.046948356807511735,-0.48826291079812206,0.046948356807511735,-0.6150234741784038,0.03286384976525822,-0.5305164319248826,0.023474178403755867,-0.43661971830985913
1,0.0,0.0,0.18181818181818182,0.004784688995215311,0.3157894736842105,-0.11961722488038277,0.2583732057416268,-0.2631578947368421,0.1674641148325359,-0.4019138755980861,0.4449760765550239,-0.3923444976076555,0.6028708133971292,-0.5550239234449761,0.6889952153110048,-0.6746411483253588,0.7655502392344498,-0.7751196172248804,0.3253588516746411,-0.4784688995215311,0.42105263157894735,-0.7129186602870813,0.4784688995215311,-0.8660287081339713,0.5311004784688995,-1.0,0.19138755980861244,-0.5023923444976076,0.22488038277511962,-0.6842105263157895,0.17703349282296652,-0.5454545454545454,0.1339712918660287,-0.42105263157894735,0.05263157894736842,-0.4880382775119617,0.06220095693779904,-0.6124401913875598,0.04784688995215311,-0.5167464114832536,0.03349282296650718,-0.42105263157894735
1,0.0,0.0,0.18932038834951456,0.0,0.3300970873786408,-0.11650485436893204,0.2766990291262136,-0.2669902912621359,0.18932038834951456,-0.4029126213592233,0.470873786407767,-0.3932038834951456,0.6262135922330098,-0.558252427184466,0.7135922330097088,-0.6747572815533981,0.7912621359223301,-0.7766990291262136,0.34951456310679613,-0.49029126213592233,0.44660194174757284,-0.7184466019417476,0.5097087378640777,-0.8689320388349514,0.5776699029126213,-1.0,0.2087378640776699,-0.5145631067961165,0.2524271844660194,-0.6941747572815534,0.20388349514563106,-0.5679611650485437,0.16019417475728157,-0.45145631067961167,0.06310679611650485,-0.5,0.07766990291262135,-0.6262135922330098,0.06310679611650485,-0.5339805825242718,0.04854368932038835,-0.441747572815534
1,0.0,0.0,0.20100502512562815,0.0,0.36683417085427134,-0.11055276381909548,0.32663316582914576,-0.27638190954773867,0.24623115577889448,-0.41708542713567837,0.5125628140703518,-0.39195979899497485,0.6884422110552764,-0.5577889447236181,0.7889447236180904,-0.6683417085427136,0.8793969849246231,-0.7638190954773869,0.39195979899497485,-0.49748743718592964,0.5125628140703518,-0.7236180904522613,0.5879396984924623,-0.8743718592964824,0.6582914572864321,-1.0,0.2562814070351759,-0.5326633165829145,0.31155778894472363,-0.7085427135678392,0.2663316582914573,-0.5829145728643216,0.22110552763819097,-0.4623115577889447,0.10050251256281408,-0.5226130653266332,0.12060301507537688,-0.6532663316582915,0.11557788944723618,-0.5628140703517588,0.09547738693467336,-0.4623115577889447
1,0.0,0.0,0.21243523316062177,0.0,0.39378238341968913,-0.09844559585492228,0.37305699481865284,-0.2694300518134715,0.29015544041450775,-0.41450777202072536,0.5492227979274611,-0.38341968911917096,0.7357512953367875,-0.5440414507772021,0.844559585492228,-0.6528497409326425,0.9430051813471503,-0.7564766839378239,0.43005181347150256,-0.49740932642487046,0.5699481865284974,-0.7202072538860104,0.6528497409326425,-0.8704663212435233,0.7305699481865285,-1.0,0.29015544041450775,-0.538860103626943,0.36787564766839376,-0.7098445595854922,0.31088082901554404,-0.5751295336787565,0.2538860103626943,-0.45077720207253885,0.12953367875647667,-0.538860103626943,0.17098445595854922,-0.6683937823834197,0.16062176165803108,-0.5699481865284974,0.13989637305699482,-0.46113989637305697
1,0.0,0.0,0.21808510638297873,0.005319148936170213,0.4095744680851064,-0.10106382978723404,0.40425531914893614,-0.2765957446808511,0.324468085106383,-0.43617021276595747,0.5797872340425532,-0.3882978723404255,0.7712765957446809,-0.5425531914893617,0.8829787234042553,-0.648936170212766,0.9840425531914894,-0.7446808510638298,0.4574468085106383,-0.5053191489361702,0.6063829787234043,-0.7287234042553191,0.7021276595744681,-0.8776595744680851,0.7819148936170213,-1.0,0.31382978723404253,-0.5531914893617021,0.39361702127659576,-0.7287234042553191,0.34574468085106386,-0.5851063829787234,0.2872340425531915,-0.4574468085106383,0.14361702127659576,-0.5531914893617021,0.19680851063829788,-0.6808510638297872,0.18617021276595744,-0.5691489361702128,0.1595744680851064,-0.4521276595744681
1,0.0,0.0,0.21390374331550802,0.0106951871657754,0.4117647058823529,-0.0962566844919786,0.40641711229946526,-0.27807486631016043,0.3315508021390374,-0.43315508021390375,0.5828877005347594,-0.3689839572192513,0.7807486631016043,-0.5187165775401069,0.8983957219251337,-0.6256684491978609,1.0,-0.7219251336898396,0.46524064171123,-0.4919786096256685,0.6203208556149733,-0.7112299465240641,0.7165775401069518,-0.8609625668449198,0.8021390374331551,-0.983957219251337,0.32085561497326204,-0.5401069518716578,0.40641711229946526,-0.7219251336898396,0.35294117647058826,-0.5882352941176471,0.29411764705882354,-0.46524064171123,0.15508021390374332,-0.5454545454545454,0.20320855614973263,-0.6737967914438503,0.1925133689839572,-0.5721925133689839,0.1657754010695187,-0.46524064171123
1,0.0,0.0,0.2222222222222222,0.005291005291005291,0.41798941798941797,-0.09523809523809523,0.41798941798941797,-0.2751322751322751,0.3386243386243386,-0.42857142857142855,0.5873015873015873,-0.36507936507936506,0.7883597883597884,-0.5132275132275133,0.8994708994708994,-0.6137566137566137,1.0,-0.708994708994709,0.47619047619047616,-0.48677248677248675,0.6296296296296297,-0.7037037037037037,0.7248677248677249,-0.8465608465608465,0.8095238095238095,-0.9682539682539683,0.3333333333333333,-0.5396825396825397,0.42328042328042326,-0.7195767195767195,0.36507936507936506,-0.5873015873015873,0.30687830687830686,-0.4603174603174603,0.1693121693121693,-0.5502645502645502,0.2222222222222222,-0.6825396825396826,0.20634920634920634,-0.5767195767195767,0.1746031746031746,-0.4656084656084656
1,0.0,0.0,0.20207253886010362,0.0,0.38341968911917096,-0.10362694300518134,0.35751295336787564,-0.27461139896373055,0.27461139896373055,-0.41450777202072536,0.538860103626943,-0.38860103626943004,0.7202072538860104,-0.5492227979274611,0.8290155440414507,-0.6580310880829016,0.917098445595855,-0.7564766839378239,0.41450777202072536,-0.5025906735751295,0.5544041450777202,-0.7253886010362695,0.6424870466321243,-0.8756476683937824,0.7150259067357513,-1.0,0.27461139896373055,-0.538860103626943,0.33678756476683935,-0.7202072538860104,0.29015544041450775,-0.5854922279792746,0.23834196891191708,-0.46113989637305697,0.11398963730569948,-0.533678756476684,0.14507772020725387,-0.6580310880829016,0.13471502590673576,-0.5595854922279793,0.11398963730569948,-0.45595854922279794
1,0.0,0.0,0.18536585365853658,-0.00975609756097561,0.34146341463414637,-0.11707317073170732,0.3024390243902439,-0.2731707317073171,0.2146341463414634,-0.40487804878048783,0.47804878048780486,-0.40487804878048783,0.6439024390243903,-0.5707317073170731,0.7365853658536585,-0.6780487804878049,0.8195121951219512,-0.7804878048780488,0.35609756097560974,-0.5024390243902439,0.47804878048780486,-0.7268292682926829,0.551219512195122,-0.8731707317073171,0.6146341463414634,-1.0,0.21951219512195122,-0.526829268292683,0.2682926829268293,-0.7073170731707317,0.21951219512195122,-0.5756097560975609,0.17560975609756097,-0.44878048780487806,0.06829268292682927,-0.5121951219512195,0.09268292682926829,-0.6341463414634146,0.08780487804878048,-0.5414634146341464,0.07317073170731707,-0.44390243902439025
1,0.0,0.0,0.17777777777777778,-0.02666666666666667,0.3111111111111111,-0.14666666666666667,0.24888888888888888,-0.28888888888888886,0.14666666666666667,-0.4,0.39555555555555555,-0.4177777777777778,0.5422222222222223,-0.5911111111111111,0.6222222222222222,-0.6977777777777778,0.6888888888888889,-0.8,0.27555555555555555,-0.49333333333333335,0.3466666666666667,-0.72,0.39111111111111113,-0.8711111111111111,0.4311111111111111,-1.0,0.14666666666666667,-0.5066666666666667,0.16,-0.6755555555555556,0.13333333333333333,-0.5466666666666666,0.10666666666666667,-0.4266666666666667,0.013333333333333334,-0.4711111111111111,0.017777777777777778,-0.5822222222222222,0.017777777777777778,-0.49777777777777776,0.017777777777777778,-0.4088888888888889
1,0.0,0.0,0.1694915254237288,-0.038135593220338986,0.2838983050847458,-0.15677966101694915,0.2076271186440678,-0.2923728813559322,0.1059322033898305,-0.3940677966101695,0.3516949152542373,-0.4279661016949153,0.4788135593220339,-0.6016949152542372,0.5550847457627118,-0.7161016949152542,0.6186440677966102,-0.8177966101694916,0.22033898305084745,-0.4957627118644068,0.25,-0.7203389830508474,0.2584745762711864,-0.8686440677966102,0.2627118644067797,-1.0,0.1016949152542373,-0.4957627118644068,0.09322033898305085,-0.652542372881356,0.08050847457627118,-0.5211864406779662,0.07203389830508475,-0.4067796610169492,-0.01694915254237288,-0.4533898305084746,-0.029661016949152543,-0.5550847457627118,-0.0211864406779661,-0.4745762711864407,-0.012711864406779662,-0.3898305084745763
1,0.0,0.0,0.15510204081632653,-0.05714285714285714,0.24489795918367346,-0.19183673469387755,0.16326530612244897,-0.3183673469387755,0.04897959183673469,-0.39591836734693875,0.2897959183673469,-0.45714285714285713,0.4,-0.6408163265306123,0.46122448979591835,-0.7551020408163265,0.5102040816326531,-0.8571428571428571,0.15918367346938775,-0.5102040816326531,0.1510204081632653,-0.726530612244898,0.1306122448979592,-0.8734693877551021,0.11428571428571428,-1.0,0.04081632653061224,-0.49387755102040815,0.012244897959183673,-0.6408163265306123,0.012244897959183673,-0.5102040816326531,0.012244897959183673,-0.4,-0.06938775510204082,-0.43673469387755104,-0.08979591836734693,-0.5469387755102041,-0.07755102040816327,-0.47346938775510206,-0.0653061224489796,-0.3877551020408163
1,0.0,0.0,0.15261044176706828,-0.0642570281124498,0.2289156626506024,-0.20080321285140562,0.13654618473895583,-0.3092369477911647,0.01606425702811245,-0.3855421686746988,0.25301204819277107,-0.4819277108433735,0.3453815261044177,-0.6666666666666666,0.40160642570281124,-0.7831325301204819,0.44176706827309237,-0.8835341365461847,0.11244979919678715,-0.5140562248995983,0.08835341365461848,-0.7349397590361446,0.060240963855421686,-0.8795180722891566,0.028112449799196786,-1.0,-0.004016064257028112,-0.4859437751004016,-0.04417670682730924,-0.6104417670682731,-0.028112449799196786,-0.4738955823293173,-0.01606425702811245,-0.3654618473895582,-0.10843373493975904,-0.41767068273092367,-0.13253012048192772,-0.5140562248995983,-0.11244979919678715,-0.42971887550200805,-0.08835341365461848,-0.3453815261044177
1,0.0,0.0,0.14342629482071714,-0.07569721115537849,0.199203187250996,-0.21912350597609562,0.10756972111553785,-0.32669322709163345,-0.01593625498007968,-0.3904382470119522,0.21912350597609562,-0.49800796812749004,0.2948207171314741,-0.6972111553784861,0.3386454183266932,-0.8207171314741036,0.3705179282868526,-0.9282868525896414,0.07569721115537849,-0.5219123505976095,0.03187250996015936,-0.7370517928286853,-0.01593625498007968,-0.8764940239043825,-0.055776892430278883,-1.0,-0.035856573705179286,-0.4860557768924303,-0.08764940239043825,-0.6175298804780877,-0.06374501992031872,-0.4900398406374502,-0.043824701195219126,-0.3784860557768924,-0.13545816733067728,-0.4103585657370518,-0.16733067729083664,-0.5099601593625498,-0.14342629482071714,-0.4342629482071713,-0.11553784860557768,-0.350597609561753
1,0.0,0.0,0.148,-0.076,0.196,-0.228,0.096,-0.332,-0.028,-0.4,0.208,-0.5,0.28,-0.7,0.324,-0.824,0.356,-0.932,0.068,-0.524,0.016,-0.736,-0.028,-0.876,-0.072,-1.0,-0.044,-0.484,-0.1,-0.616,-0.076,-0.484,-0.052,-0.376,-0.144,-0.408,-0.184,-0.508,-0.156,-0.432,-0.124,-0.352
1,0.0,0.0,0.148,-0.088,0.188,-0.248,0.076,-0.344,-0.048,-0.392,0.188,-0.504,0.252,-0.708,0.292,-0.836,0.32,-0.944,0.048,-0.524,-0.008,-0.74,-0.056,-0.88,-0.096,-1.0,-0.064,-0.484,-0.124,-0.62,-0.088,-0.496,-0.068,-0.388,-0.16,-0.404,-0.2,-0.508,-0.172,-0.436,-0.14,-0.356
1,0.0,0.0,0.14,-0.096,0.18,-0.26,0.06,-0.348,-0.064,-0.404,0.168,-0.52,0.228,-0.72,0.264,-0.848,0.284,-0.956,0.028,-0.532,-0.032,-0.744,-0.088,-0.88,-0.136,-1.0,-0.084,-0.488,-0.148,-0.616,-0.112,-0.488,-0.084,-0.376,-0.176,-0.408,-0.224,-0.504,-0.188,-0.428,-0.156,-0.348
1,0.0,0.0,0.14,-0.096,0.172,-0.256,0.056,-0.348,-0.068,-0.404,0.156,-0.528,0.212,-0.732,0.24,-0.86,0.26,-0.968,0.016,-0.536,-0.052,-0.748,-0.112,-0.884,-0.16,-1.0,-0.096,-0.488,-0.164,-0.612,-0.12,-0.488,-0.092,-0.38,-0.188,-0.404,-0.236,-0.504,-0.2,-0.428,-0.164,-0.352
1,0.0,0.0,0.136,-0.1,0.168,-0.26,0.056,-0.352,-0.064,-0.404,0.16,-0.528,0.212,-0.732,0.244,-0.86,0.26,-0.972,0.02,-0.536,-0.052,-0.748,-0.112,-0.884,-0.164,-1.0,-0.092,-0.488,-0.164,-0.612,-0.12,-0.484,-0.088,-0.376,-0.184,-0.408,-0.232,-0.504,-0.196,-0.428,-0.16,-0.352
1,0.0,0.0,0.14007782101167315,-0.09727626459143969,0.17509727626459143,-0.2607003891050584,0.06614785992217899,-0.3540856031128405,-0.058365758754863814,-0.40077821011673154,0.16342412451361868,-0.5136186770428015,0.22178988326848248,-0.7198443579766537,0.2529182879377432,-0.8443579766536965,0.2723735408560311,-0.9571984435797666,0.027237354085603113,-0.5291828793774319,-0.03501945525291829,-0.7431906614785992,-0.0933852140077821,-0.8793774319066148,-0.14396887159533073,-1.0,-0.08560311284046693,-0.48638132295719844,-0.1517509727626459,-0.622568093385214,-0.12062256809338522,-0.4980544747081712,-0.09727626459143969,-0.38910505836575876,-0.17509727626459143,-0.4085603112840467,-0.22568093385214008,-0.5097276264591439,-0.19844357976653695,-0.4396887159533074,-0.16342412451361868,-0.36186770428015563
1,0.0,0.0,0.13793103448275862,-0.08045977011494253,0.19157088122605365,-0.2260536398467433,0.09195402298850575,-0.32567049808429116,-0.034482758620689655,-0.38697318007662834,0.19923371647509577,-0.4942528735632184,0.2720306513409962,-0.6896551724137931,0.3103448275862069,-0.8122605363984674,0.34099616858237547,-0.9233716475095786,0.06130268199233716,-0.5210727969348659,0.01532567049808429,-0.7394636015325671,-0.03065134099616858,-0.8773946360153256,-0.06896551724137931,-1.0,-0.05747126436781609,-0.48659003831417624,-0.10727969348659004,-0.6245210727969349,-0.08045977011494253,-0.4904214559386973,-0.06130268199233716,-0.3793103448275862,-0.1532567049808429,-0.41379310344827586,-0.19157088122605365,-0.5057471264367817,-0.16091954022988506,-0.42528735632183906,-0.13409961685823754,-0.3486590038314176
1,0.0,0.0,0.15151515151515152,-0.06060606060606061,0.22348484848484848,-0.19696969696969696,0.11742424242424243,-0.30303030303030304,-0.007575757575757576,-0.375,0.23106060606060605,-0.4772727272727273,0.3068181818181818,-0.6704545454545454,0.3522727272727273,-0.7916666666666666,0.39015151515151514,-0.9053030303030303,0.09090909090909091,-0.5113636363636364,0.056818181818181816,-0.7348484848484849,0.01893939393939394,-0.875,-0.011363636363636364,-1.0,-0.026515151515151516,-0.4810606060606061,-0.07196969696969698,-0.6212121212121212,-0.056818181818181816,-0.49242424242424243,-0.045454545454545456,-0.3787878787878788,-0.125,-0.4128787878787879,-0.16287878787878787,-0.5,-0.14015151515151514,-0.42424242424242425,-0.11742424242424243,-0.3484848484848485
1,0.0,0.0,0.15849056603773584,-0.045283018867924525,0.25660377358490566,-0.1660377358490566,0.15849056603773584,-0.27547169811320754,0.033962264150943396,-0.35094339622641507,0.2679245283018868,-0.46037735849056605,0.3622641509433962,-0.6452830188679245,0.4188679245283019,-0.7660377358490567,0.4679245283018868,-0.8716981132075472,0.1320754716981132,-0.5056603773584906,0.11320754716981132,-0.7245283018867924,0.09433962264150944,-0.8716981132075472,0.07924528301886792,-1.0,0.007547169811320755,-0.4830188679245283,-0.022641509433962263,-0.6226415094339622,-0.01509433962264151,-0.4867924528301887,-0.007547169811320755,-0.37358490566037733,-0.09811320754716982,-0.41509433962264153,-0.12452830188679245,-0.5056603773584906,-0.1018867924528302,-0.4188679245283019,-0.0830188679245283,-0.33584905660377357
1,0.0,0.0,0.16731517509727625,-0.023346303501945526,0.28793774319066145,-0.11284046692607004,0.24124513618677043,-0.22178988326848248,0.14007782101167315,-0.311284046692607,0.3463035019455253,-0.4163424124513619,0.490272373540856,-0.5680933852140078,0.5758754863813229,-0.6653696498054474,0.6459143968871596,-0.7626459143968871,0.2178988326848249,-0.48638132295719844,0.26848249027237353,-0.7159533073929961,0.2840466926070039,-0.8638132295719845,0.2918287937743191,-1.0,0.08949416342412451,-0.48249027237354086,0.09727626459143969,-0.6108949416342413,0.0933852140077821,-0.4591439688715953,0.08949416342412451,-0.33852140077821014,-0.038910505836575876,-0.4280155642023346,-0.0311284046692607,-0.5175097276264592,-0.007782101167315175,-0.4085603112840467,0.0038910505836575876,-0.311284046692607
1,0.0,0.0,0.1836734693877551,-0.02040816326530612,0.3224489795918367,-0.11020408163265306,0.27346938775510204,-0.2163265306122449,0.17142857142857143,-0.3020408163265306,0.37142857142857144,-0.42448979591836733,0.5265306122448979,-0.5714285714285714,0.6244897959183674,-0.6693877551020408,0.7020408163265306,-0.763265306122449,0.24489795918367346,-0.4897959183673469,0.3142857142857143,-0.7183673469387755,0.3510204081632653,-0.8653061224489796,0.37551020408163266,-1.0,0.11428571428571428,-0.4857142857142857,0.1469387755102041,-0.5918367346938775,0.15918367346938775,-0.43673469387755104,0.15510204081632653,-0.3224489795918367,-0.012244897959183673,-0.4326530612244898,0.02857142857142857,-0.4857142857142857,0.061224489795918366,-0.3673469387755102,0.08163265306122448,-0.2653061224489796
1,0.0,0.0,0.18930041152263374,-0.024691358024691357,0.3374485596707819,-0.11934156378600823,0.3374485596707819,-0.2345679012345679,0.2716049382716049,-0.32510288065843623,0.35390946502057613,-0.4403292181069959,0.51440329218107,-0.5925925925925926,0.6049382716049383,-0.6995884773662552,0.6748971193415638,-0.7942386831275721,0.23045267489711935,-0.4897119341563786,0.29218106995884774,-0.7242798353909465,0.3374485596707819,-0.8724279835390947,0.36213991769547327,-1.0,0.102880658436214,-0.4691358024691358,0.16049382716049382,-0.5761316872427984,0.20987654320987653,-0.4444444444444444,0.2222222222222222,-0.3333333333333333,-0.012345679012345678,-0.3950617283950617,0.06172839506172839,-0.448559670781893,0.12757201646090535,-0.3497942386831276,0.1646090534979424,-0.25102880658436216
1,0.0,0.0,0.1875,-0.06666666666666667,0.3375,-0.15833333333333333,0.42083333333333334,-0.225,0.39166666666666666,-0.2791666666666667,0.25416666666666665,-0.5,0.4041666666666667,-0.6708333333333333,0.4791666666666667,-0.7916666666666666,0.5333333333333333,-0.9,0.13333333333333333,-0.5208333333333334,0.24583333333333332,-0.725,0.31666666666666665,-0.8791666666666667,0.35833333333333334,-1.0,0.025,-0.4791666666666667,0.21666666666666667,-0.5416666666666666,0.3,-0.3958333333333333,0.32916666666666666,-0.2833333333333333,-0.041666666666666664,-0.3875,0.15416666666666667,-0.4041666666666667,0.2375,-0.30833333333333335,0.2791666666666667,-0.21666666666666667
1,0.0,0.0,0.2597402597402597,-0.12121212121212122,0.39826839826839827,-0.23376623376623376,0.5108225108225108,-0.30303030303030304,0.5714285714285714,-0.35064935064935066,0.19480519480519481,-0.5454545454545454,0.37662337662337664,-0.7012987012987013,0.47186147186147187,-0.8354978354978355,0.5238095238095238,-0.9653679653679653,0.12554112554112554,-0.5281385281385281,0.33766233766233766,-0.7229437229437229,0.45454545454545453,-0.8658008658008658,0.5151515151515151,-1.0,0.08658008658008658,-0.45454545454545453,0.36796536796536794,-0.5497835497835498,0.4805194805194805,-0.4025974025974026,0.5021645021645021,-0.29004329004329005,0.09956709956709957,-0.3333333333333333,0.3333333333333333,-0.4069264069264069,0.42424242424242425,-0.3203463203463203,0.45021645021645024,-0.23376623376623376
1,0.0,0.0,0.2702702702702703,-0.13063063063063063,0.4189189189189189,-0.24774774774774774,0.5315315315315315,-0.31981981981981983,0.5900900900900901,-0.36936936936936937,0.20270270270270271,-0.5765765765765766,0.38738738738738737,-0.7342342342342343,0.4864864864864865,-0.8693693693693694,0.5405405405405406,-1.0,0.12612612612612611,-0.5540540540540541,0.35585585585585583,-0.7477477477477478,0.47297297297297297,-0.8603603603603603,0.5405405405405406,-0.972972972972973,0.09009009009009009,-0.4774774774774775,0.38738738738738737,-0.5720720720720721,0.5,-0.42792792792792794,0.527027027027027,-0.3063063063063063,0.1036036036036036,-0.35135135135135137,0.35135135135135137,-0.42342342342342343,0.4369369369369369,-0.34234234234234234,0.4594594594594595,-0.25225225225225223
1,0.0,0.0,0.27232142857142855,-0.12946428571428573,0.41964285714285715,-0.2544642857142857,0.5446428571428571,-0.33035714285714285,0.65625,-0.375,0.21428571428571427,-0.5669642857142857,0.39285714285714285,-0.7276785714285714,0.48214285714285715,-0.8616071428571429,0.53125,-0.9910714285714286,0.14732142857142858,-0.5535714285714286,0.36607142857142855,-0.75,0.48214285714285715,-0.875,0.5446428571428571,-1.0,0.11607142857142858,-0.47767857142857145,0.4017857142857143,-0.5758928571428571,0.5,-0.41964285714285715,0.5178571428571429,-0.29910714285714285,0.13392857142857142,-0.35267857142857145,0.3705357142857143,-0.42410714285714285,0.45982142857142855,-0.33482142857142855,0.48214285714285715,-0.24553571428571427
1,0.0,0.0,0.2565217391304348,-0.13043478260869565,0.3869565217391304,-0.2391304347826087,0.4782608695652174,-0.3,0.5434782608695652,-0.3347826086956522,0.1782608695652174,-0.5652173913043478,0.36086956521739133,-0.7391304347826086,0.4608695652173913,-0.8739130434782608,0.5217391304347826,-1.0,0.1,-0.5391304347826087,0.3782608695652174,-0.5956521739130435,0.4956521739130435,-0.4652173913043478,0.5173913043478261,-0.36086956521739133,0.08260869565217391,-0.45652173913043476,0.3652173913043478,-0.5347826086956522,0.4782608695652174,-0.4043478260869565,0.5043478260869565,-0.3,0.10434782608695652,-0.34347826086956523,0.3347826086956522,-0.40869565217391307,0.4260869565217391,-0.33043478260869563,0.45217391304347826,-0.2565217391304348
1,0.0,0.0,0.2631578947368421,-0.12719298245614036,0.37280701754385964,-0.24561403508771928,0.45614035087719296,-0.32456140350877194,0.5307017543859649,-0.3684210526315789,0.16666666666666666,-0.5526315789473685,0.3508771929824561,-0.7368421052631579,0.4605263157894737,-0.8771929824561403,0.5263157894736842,-1.0,0.10964912280701754,-0.5175438596491229,0.40789473684210525,-0.5921052631578947,0.5263157894736842,-0.45614035087719296,0.5394736842105263,-0.3508771929824561,0.11842105263157894,-0.4342105263157895,0.41228070175438597,-0.5307017543859649,0.5131578947368421,-0.3991228070175439,0.5131578947368421,-0.2894736842105263,0.15350877192982457,-0.3333333333333333,0.39473684210526316,-0.3991228070175439,0.47368421052631576,-0.32894736842105265,0.4824561403508772,-0.25877192982456143
1,0.0,0.0,0.05508474576271186,-0.22033898305084745,0.1483050847457627,-0.3940677966101695,0.2584745762711864,-0.5084745762711864,0.3601694915254237,-0.5720338983050848,0.11440677966101695,-0.5466101694915254,0.2584745762711864,-0.7542372881355932,0.326271186440678,-0.8898305084745762,0.3644067796610169,-1.0,0.13135593220338984,-0.4788135593220339,0.3432203389830508,-0.690677966101695,0.461864406779661,-0.826271186440678,0.538135593220339,-0.9279661016949152,0.1652542372881356,-0.3813559322033898,0.4406779661016949,-0.5296610169491526,0.5127118644067796,-0.4279661016949153,0.5127118644067796,-0.3516949152542373,0.2288135593220339,-0.2711864406779661,0.4576271186440678,-0.3728813559322034,0.5,-0.3135593220338983,0.4872881355932203,-0.2584745762711864
1,0.0,0.0,0.0794979079497908,-0.19665271966527198,0.20502092050209206,-0.3472803347280335,0.3807531380753138,-0.39748953974895396,0.5313807531380753,-0.41422594142259417,0.09623430962343096,-0.5481171548117155,0.2217573221757322,-0.7615062761506276,0.2803347280334728,-0.8870292887029289,0.3138075313807531,-1.0,0.12133891213389121,-0.48535564853556484,0.3305439330543933,-0.6861924686192469,0.47280334728033474,-0.7866108786610879,0.5815899581589958,-0.8619246861924686,0.1589958158995816,-0.3891213389121339,0.4225941422594142,-0.5271966527196653,0.4309623430962343,-0.4351464435146444,0.38493723849372385,-0.3598326359832636,0.23430962343096234,-0.2719665271966527,0.4602510460251046,-0.37656903765690375,0.497907949790795,-0.34309623430962344,0.48535564853556484,-0.3138075313807531
1,0.0,0.0,0.004166666666666667,-0.225,0.07916666666666666,-0.4,0.19583333333333333,-0.5,0.30833333333333335,-0.5541666666666667,0.0625,-0.5375,0.19166666666666668,-0.7541666666666667,0.25,-0.8875,0.2791666666666667,-1.0,0.10416666666666667,-0.4791666666666667,0.3125,-0.6958333333333333,0.44166666666666665,-0.8125,0.5291666666666667,-0.9,0.1625,-0.3875,0.4125,-0.5375,0.4375,-0.45,0.4083333333333333,-0.37916666666666665,0.24583333333333332,-0.2833333333333333,0.4583333333333333,-0.39166666666666666,0.4875,-0.35,0.4666666666666667,-0.31666666666666665
1,0.0,0.0,0.0,-0.22083333333333333,0.08333333333333333,-0.4,0.2125,-0.4875,0.3375,-0.5208333333333334,0.05416666666666667,-0.5375,0.17083333333333334,-0.75,0.22083333333333333,-0.8875,0.24583333333333332,-1.0,0.10416666666666667,-0.4791666666666667,0.3,-0.6958333333333333,0.42083333333333334,-0.8166666666666667,0.5,-0.9125,0.16666666666666666,-0.39166666666666666,0.4083333333333333,-0.5375,0.42083333333333334,-0.45,0.3875,-0.37916666666666665,0.24583333333333332,-0.2791666666666667,0.4583333333333333,-0.39166666666666666,0.4666666666666667,-0.3458333333333333,0.425,-0.30416666666666664
1,0.0,0.0,-0.012195121951219513,-0.21951219512195122,0.056910569105691054,-0.3943089430894309,0.17479674796747968,-0.4959349593495935,0.2886178861788618,-0.540650406504065,0.04065040650406504,-0.532520325203252,0.15040650406504066,-0.7520325203252033,0.1951219512195122,-0.8902439024390244,0.22357723577235772,-1.0,0.0975609756097561,-0.4796747967479675,0.2845528455284553,-0.6951219512195121,0.3983739837398374,-0.8252032520325203,0.4796747967479675,-0.9186991869918699,0.16666666666666666,-0.3943089430894309,0.3983739837398374,-0.532520325203252,0.3983739837398374,-0.45121951219512196,0.35365853658536583,-0.3821138211382114,0.25203252032520324,-0.2926829268292683,0.44715447154471544,-0.4024390243902439,0.45934959349593496,-0.35772357723577236,0.4268292682926829,-0.3252032520325203
1,0.0,0.0,-0.012244897959183673,-0.22448979591836735,0.04897959183673469,-0.4,0.16326530612244897,-0.5020408163265306,0.27346938775510204,-0.5428571428571428,0.044897959183673466,-0.5265306122448979,0.1510204081632653,-0.7510204081632653,0.19591836734693877,-0.889795918367347,0.22040816326530613,-1.0,0.10204081632653061,-0.47346938775510206,0.2857142857142857,-0.6938775510204082,0.4,-0.8285714285714286,0.4816326530612245,-0.9183673469387755,0.16326530612244897,-0.3877551020408163,0.39591836734693875,-0.5306122448979592,0.4204081632653061,-0.46122448979591835,0.4,-0.3877551020408163,0.24897959183673468,-0.2857142857142857,0.43673469387755104,-0.40816326530612246,0.5102040816326531,-0.4,0.5469387755102041,-0.39183673469387753
1,0.0,0.0,-0.0398406374501992,-0.22310756972111553,0.01195219123505976,-0.4063745019920319,0.11155378486055777,-0.5258964143426295,0.2151394422310757,-0.5896414342629482,0.00398406374501992,-0.5179282868525896,0.10358565737051793,-0.749003984063745,0.14342629482071714,-0.8884462151394422,0.17131474103585656,-1.0,0.07569721115537849,-0.46613545816733065,0.2549800796812749,-0.701195219123506,0.3665338645418327,-0.8326693227091634,0.43824701195219123,-0.9203187250996016,0.1593625498007968,-0.38645418326693226,0.3705179282868526,-0.549800796812749,0.38645418326693226,-0.4900398406374502,0.350597609561753,-0.4262948207171315,0.24701195219123506,-0.2908366533864542,0.41832669322709165,-0.42231075697211157,0.44621513944223107,-0.398406374501992,0.4262948207171315,-0.3745019920318725
1,0.0,0.0,-0.050980392156862744,-0.23137254901960785,-0.00392156862745098,-0.4117647058823529,0.09411764705882353,-0.5333333333333333,0.19215686274509805,-0.6,-0.011764705882352941,-0.5215686274509804,0.08235294117647059,-0.7450980392156863,0.12156862745098039,-0.8901960784313725,0.1411764705882353,-1.0,0.06274509803921569,-0.4666666666666667,0.24705882352941178,-0.6980392156862745,0.3568627450980392,-0.8352941176470589,0.42745098039215684,-0.9215686274509803,0.15294117647058825,-0.3843137254901961,0.3607843137254902,-0.5490196078431373,0.3686274509803922,-0.5058823529411764,0.32941176470588235,-0.4470588235294118,0.24313725490196078,-0.28627450980392155,0.41568627450980394,-0.42745098039215684,0.43137254901960786,-0.4117647058823529,0.4,-0.3764705882352941
1,0.0,0.0,-0.052845528455284556,-0.22357723577235772,0.008130081300813009,-0.4065040650406504,0.11382113821138211,-0.5203252032520326,0.22357723577235772,-0.573170731707317,-0.0040650406504065045,-0.508130081300813,0.08130081300813008,-0.7398373983739838,0.11788617886178862,-0.8861788617886179,0.14634146341463414,-1.0,0.08536585365853659,-0.45934959349593496,0.2682926829268293,-0.6869918699186992,0.3821138211382114,-0.8170731707317073,0.45934959349593496,-0.9105691056910569,0.18292682926829268,-0.3780487804878049,0.3902439024390244,-0.5365853658536586,0.3780487804878049,-0.4878048780487805,0.3252032520325203,-0.4268292682926829,0.2804878048780488,-0.2804878048780488,0.44308943089430897,-0.4105691056910569,0.44308943089430897,-0.3943089430894309,0.4065040650406504,-0.3617886178861789
1,0.0,0.0,-0.076,-0.232,-0.028,-0.404,0.06,-0.532,0.152,-0.596,-0.02,-0.508,0.044,-0.736,0.068,-0.888,0.088,-1.0,0.072,-0.468,0.26,-0.684,0.372,-0.804,0.444,-0.88,0.176,-0.388,0.356,-0.548,0.336,-0.516,0.288,-0.468,0.268,-0.292,0.392,-0.424,0.368,-0.404,0.32,-0.36
1,0.0,0.0,-0.0703125,-0.234375,-0.02734375,-0.40234375,0.0625,-0.5234375,0.1640625,-0.57421875,-0.0234375,-0.5078125,0.03125,-0.73046875,0.05078125,-0.8828125,0.0625,-1.0,0.0703125,-0.46484375,0.2578125,-0.67578125,0.37109375,-0.796875,0.44140625,-0.875,0.1796875,-0.39453125,0.3515625,-0.5390625,0.33984375,-0.5078125,0.29296875,-0.45703125,0.26953125,-0.3046875,0.390625,-0.4296875,0.37109375,-0.40234375,0.33203125,-0.359375
1,0.0,0.0,-0.06666666666666667,-0.2235294117647059,-0.0196078431372549,-0.403921568627451,0.07058823529411765,-0.5333333333333333,0.17254901960784313,-0.592156862745098,-0.01568627450980392,-0.5098039215686274,0.0392156862745098,-0.7372549019607844,0.058823529411764705,-0.8862745098039215,0.07450980392156863,-1.0,0.07450980392156863,-0.4588235294117647,0.27058823529411763,-0.6784313725490196,0.3843137254901961,-0.796078431372549,0.4549019607843137,-0.8745098039215686,0.17254901960784313,-0.3803921568627451,0.3607843137254902,-0.5450980392156862,0.35294117647058826,-0.49411764705882355,0.3058823529411765,-0.43529411764705883,0.26666666666666666,-0.28627450980392155,0.4,-0.4235294117647059,0.3803921568627451,-0.38823529411764707,0.33725490196078434,-0.33725490196078434
1,0.0,0.0,-0.06692913385826772,-0.2283464566929134,-0.015748031496062992,-0.4015748031496063,0.08267716535433071,-0.5236220472440944,0.19291338582677164,-0.5748031496062992,-0.015748031496062992,-0.5118110236220472,0.04330708661417323,-0.7362204724409449,0.06299212598425197,-0.8818897637795275,0.07480314960629922,-1.0,0.07086614173228346,-0.4645669291338583,0.25984251968503935,-0.6771653543307087,0.37401574803149606,-0.7952755905511811,0.44881889763779526,-0.8740157480314961,0.16535433070866143,-0.3858267716535433,0.36220472440944884,-0.5433070866141733,0.35826771653543305,-0.49606299212598426,0.31496062992125984,-0.43700787401574803,0.25984251968503935,-0.29133858267716534,0.4094488188976378,-0.4330708661417323,0.39763779527559057,-0.4015748031496063,0.35826771653543305,-0.35826771653543305
1,0.0,0.0,-0.044,-0.224,0.016,-0.4,0.116,-0.508,0.228,-0.564,0.0,-0.516,0.068,-0.74,0.092,-0.884,0.112,-1.0,0.072,-0.468,0.252,-0.688,0.36,-0.82,0.436,-0.904,0.156,-0.388,0.38,-0.524,0.388,-0.472,0.34,-0.42,0.248,-0.288,0.436,-0.4,0.436,-0.368,0.392,-0.332
1,0.0,0.0,-0.028,-0.228,0.032,-0.4,0.132,-0.512,0.236,-0.576,0.016,-0.52,0.092,-0.74,0.128,-0.884,0.144,-1.0,0.072,-0.468,0.256,-0.688,0.364,-0.824,0.444,-0.916,0.148,-0.38,0.376,-0.532,0.4,-0.472,0.372,-0.412,0.24,-0.284,0.428,-0.408,0.472,-0.392,0.464,-0.372
1,0.0,0.0,-0.016597510373443983,-0.21161825726141079,0.04564315352697095,-0.3941908713692946,0.14937759336099585,-0.5062240663900415,0.26556016597510373,-0.5560165975103735,0.02074688796680498,-0.5269709543568465,0.1078838174273859,-0.7468879668049793,0.14522821576763487,-0.8879668049792531,0.16182572614107885,-1.0,0.06639004149377593,-0.47717842323651455,0.24896265560165975,-0.7012448132780082,0.36099585062240663,-0.8381742738589212,0.43983402489626555,-0.9336099585062241,0.12863070539419086,-0.3900414937759336,0.37344398340248963,-0.5435684647302904,0.4107883817427386,-0.4605809128630705,0.3941908713692946,-0.38589211618257263,0.21161825726141079,-0.2946058091286307,0.42738589211618255,-0.3983402489626556,0.4730290456431535,-0.3651452282157676,0.46887966804979253,-0.3360995850622407
1,0.0,0.0,-0.00816326530612245,-0.2163265306122449,0.05714285714285714,-0.39183673469387753,0.15918367346938775,-0.5020408163265306,0.2693877551020408,-0.5551020408163265,0.02857142857142857,-0.5265306122448979,0.12244897959183673,-0.746938775510204,0.16326530612244897,-0.8857142857142857,0.17959183673469387,-1.0,0.07346938775510205,-0.4775510204081633,0.24489795918367346,-0.6979591836734694,0.3551020408163265,-0.8408163265306122,0.4326530612244898,-0.9346938775510204,0.1346938775510204,-0.4,0.37551020408163266,-0.5510204081632653,0.42448979591836733,-0.46530612244897956,0.4204081632653061,-0.3877551020408163,0.2163265306122449,-0.30612244897959184,0.42857142857142855,-0.4122448979591837,0.4816326530612245,-0.37142857142857144,0.4816326530612245,-0.33877551020408164
1,0.0,0.0,0.0163265306122449,-0.21224489795918366,0.10204081632653061,-0.3836734693877551,0.24897959183673468,-0.46938775510204084,0.3877551020408163,-0.4897959183673469,0.02857142857142857,-0.5346938775510204,0.12653061224489795,-0.7551020408163265,0.1673469387755102,-0.8857142857142857,0.1836734693877551,-1.0,0.0653061224489796,-0.4775510204081633,0.23265306122448978,-0.7061224489795919,0.3469387755102041,-0.8448979591836735,0.42448979591836733,-0.9387755102040817,0.11836734693877551,-0.39591836734693875,0.35918367346938773,-0.563265306122449,0.4326530612244898,-0.46938775510204084,0.4448979591836735,-0.39183673469387753,0.2,-0.3020408163265306,0.4163265306122449,-0.4122448979591837,0.47346938775510206,-0.3673469387755102,0.47346938775510206,-0.3224489795918367
1,0.0,0.0,0.016597510373443983,-0.2157676348547718,0.0912863070539419,-0.3941908713692946,0.21161825726141079,-0.5020746887966805,0.3236514522821577,-0.5435684647302904,0.04149377593360996,-0.5352697095435685,0.14107883817427386,-0.7510373443983402,0.18672199170124482,-0.8879668049792531,0.2033195020746888,-1.0,0.07468879668049792,-0.48132780082987553,0.24481327800829875,-0.7053941908713693,0.36099585062240663,-0.8423236514522822,0.43568464730290457,-0.941908713692946,0.12448132780082988,-0.3941908713692946,0.3651452282157676,-0.5601659751037344,0.43568464730290457,-0.46887966804979253,0.43568464730290457,-0.3900414937759336,0.2033195020746888,-0.2987551867219917,0.42738589211618255,-0.4107883817427386,0.4896265560165975,-0.36929460580912865,0.4979253112033195,-0.3360995850622407
1,0.0,0.0,0.20161290322580644,-0.14919354838709678,0.2903225806451613,-0.2903225806451613,0.3870967741935484,-0.39919354838709675,0.4596774193548387,-0.4637096774193548,0.056451612903225805,-0.5524193548387096,0.14112903225806453,-0.75,0.1935483870967742,-0.8830645161290323,0.21774193548387097,-1.0,0.03225806451612903,-0.5080645161290323,0.18548387096774194,-0.7338709677419355,0.2903225806451613,-0.8709677419354839,0.3588709677419355,-0.9758064516129032,0.05241935483870968,-0.4314516129032258,0.3024193548387097,-0.5887096774193549,0.38306451612903225,-0.46774193548387094,0.375,-0.375,0.11693548387096774,-0.3467741935483871,0.3346774193548387,-0.4435483870967742,0.3790322580645161,-0.3709677419354839,0.3588709677419355,-0.3024193548387097
1,0.0,0.0,0.21370967741935484,-0.14919354838709678,0.31048387096774194,-0.29435483870967744,0.3911290322580645,-0.3911290322580645,0.3951612903225806,-0.4596774193548387,0.04435483870967742,-0.5483870967741935,0.16129032258064516,-0.7419354838709677,0.23387096774193547,-0.8790322580645161,0.2701612903225806,-1.0,-0.028225806451612902,-0.5161290322580645,0.17338709677419356,-0.6451612903225806,0.2661290322580645,-0.5524193548387096,0.2620967741935484,-0.4798387096774194,-0.028225806451612902,-0.43951612903225806,0.20161290322580644,-0.5685483870967742,0.3064516129032258,-0.4637096774193548,0.3024193548387097,-0.375,0.016129032258064516,-0.35080645161290325,0.2217741935483871,-0.4596774193548387,0.29435483870967744,-0.3911290322580645,0.2903225806451613,-0.3185483870967742
1,0.0,0.0,0.15444015444015444,-0.10038610038610038,0.26640926640926643,-0.2625482625482625,0.2972972972972973,-0.3745173745173745,0.2277992277992278,-0.43243243243243246,0.11969111969111969,-0.525096525096525,0.1969111969111969,-0.7104247104247104,0.23166023166023167,-0.833976833976834,0.2471042471042471,-0.9382239382239382,0.015444015444015444,-0.5212355212355212,0.0694980694980695,-0.7335907335907336,0.11196911196911197,-0.8841698841698842,0.14285714285714285,-1.0,-0.0694980694980695,-0.4671814671814672,0.08494208494208494,-0.5752895752895753,0.15444015444015444,-0.44787644787644787,0.16602316602316602,-0.3552123552123552,-0.10810810810810811,-0.38223938223938225,0.05405405405405406,-0.4555984555984556,0.138996138996139,-0.3745173745173745,0.1776061776061776,-0.2972972972972973
1,0.0,0.0,0.15384615384615385,-0.09230769230769231,0.25384615384615383,-0.2423076923076923,0.25,-0.35384615384615387,0.17692307692307693,-0.43846153846153846,0.16538461538461538,-0.5076923076923077,0.2423076923076923,-0.7,0.28076923076923077,-0.823076923076923,0.3076923076923077,-0.926923076923077,0.06538461538461539,-0.5153846153846153,0.08461538461538462,-0.7461538461538462,0.1076923076923077,-0.8846153846153846,0.11923076923076924,-1.0,-0.026923076923076925,-0.4653846153846154,0.05,-0.5884615384615385,0.11153846153846154,-0.4576923076923077,0.12692307692307692,-0.35384615384615387,-0.08846153846153847,-0.38076923076923075,0.007692307692307693,-0.46923076923076923,0.08076923076923077,-0.38076923076923075,0.11153846153846154,-0.2923076923076923
1,0.0,0.0,0.15444015444015444,-0.07722007722007722,0.25096525096525096,-0.2277992277992278,0.23552123552123552,-0.3436293436293436,0.15444015444015444,-0.4362934362934363,0.18532818532818532,-0.4980694980694981,0.26640926640926643,-0.6872586872586872,0.305019305019305,-0.8108108108108109,0.33204633204633205,-0.918918918918919,0.07722007722007722,-0.5057915057915058,0.0888030888030888,-0.7413127413127413,0.11196911196911197,-0.8841698841698842,0.12355212355212356,-1.0,-0.019305019305019305,-0.4594594594594595,0.023166023166023165,-0.6023166023166023,0.10038610038610038,-0.4749034749034749,0.12355212355212356,-0.37065637065637064,-0.10038610038610038,-0.3745173745173745,-0.015444015444015444,-0.4749034749034749,0.05791505791505792,-0.3861003861003861,0.08108108108108109,-0.29343629343629346
1,0.0,0.0,0.1511627906976744,-0.06976744186046512,0.2364341085271318,-0.2248062015503876,0.1744186046511628,-0.36046511627906974,0.06976744186046512,-0.4573643410852713,0.2558139534883721,-0.4844961240310077,0.3372093023255814,-0.6744186046511628,0.38372093023255816,-0.7906976744186046,0.42248062015503873,-0.8953488372093024,0.13565891472868216,-0.5193798449612403,0.1434108527131783,-0.7441860465116279,0.15891472868217055,-0.8837209302325582,0.1744186046511628,-1.0,0.015503875968992248,-0.49224806201550386,0.027131782945736434,-0.6395348837209303,0.05426356589147287,-0.49224806201550386,0.06201550387596899,-0.3798449612403101,-0.09302325581395349,-0.4263565891472868,-0.06201550387596899,-0.5271317829457365,-0.01937984496124031,-0.43023255813953487,-0.007751937984496124,-0.34108527131782945
1,0.0,0.0,0.14285714285714285,-0.05791505791505792,0.22007722007722008,-0.20463320463320464,0.14671814671814673,-0.3474903474903475,0.05019305019305019,-0.46332046332046334,0.3166023166023166,-0.444015444015444,0.41312741312741313,-0.640926640926641,0.47104247104247104,-0.7567567567567568,0.5135135135135135,-0.8648648648648649,0.19305019305019305,-0.4980694980694981,0.2277992277992278,-0.7297297297297297,0.24324324324324326,-0.8725868725868726,0.2625482625482625,-1.0,0.06563706563706563,-0.49034749034749037,0.05791505791505792,-0.6563706563706564,0.05405405405405406,-0.528957528957529,0.05019305019305019,-0.42084942084942084,-0.05019305019305019,-0.44787644787644787,-0.05791505791505792,-0.5598455598455598,-0.04247104247104247,-0.47876447876447875,-0.03474903474903475,-0.3938223938223938
1,0.0,0.0,0.14227642276422764,-0.036585365853658534,0.22764227642276422,-0.18699186991869918,0.14634146341463414,-0.35365853658536583,0.052845528455284556,-0.483739837398374,0.3699186991869919,-0.4186991869918699,0.4959349593495935,-0.6056910569105691,0.5691056910569106,-0.7235772357723578,0.6260162601626016,-0.8292682926829268,0.25609756097560976,-0.491869918699187,0.3170731707317073,-0.7235772357723578,0.34959349593495936,-0.8699186991869918,0.3780487804878049,-1.0,0.13008130081300814,-0.5,0.12195121951219512,-0.6585365853658537,0.10975609756097561,-0.540650406504065,0.10569105691056911,-0.44308943089430897,0.008130081300813009,-0.46747967479674796,-0.0040650406504065045,-0.5650406504065041,0.0040650406504065045,-0.483739837398374,0.016260162601626018,-0.4065040650406504
1,0.0,0.0,0.14222222222222222,-0.017777777777777778,0.22666666666666666,-0.15555555555555556,0.13777777777777778,-0.3333333333333333,0.06222222222222222,-0.47555555555555556,0.4311111111111111,-0.38666666666666666,0.5733333333333334,-0.56,0.6533333333333333,-0.6844444444444444,0.7244444444444444,-0.7911111111111111,0.31555555555555553,-0.48,0.41333333333333333,-0.7111111111111111,0.4577777777777778,-0.8666666666666667,0.5022222222222222,-1.0,0.18222222222222223,-0.5066666666666667,0.19111111111111112,-0.6755555555555556,0.1288888888888889,-0.5422222222222223,0.08888888888888889,-0.4311111111111111,0.035555555555555556,-0.48444444444444446,0.02666666666666667,-0.5866666666666667,0.0044444444444444444,-0.48444444444444446,-0.0044444444444444444,-0.39111111111111113
1,0.0,0.0,0.13145539906103287,-0.014084507042253521,0.20657276995305165,-0.14553990610328638,0.13615023474178403,-0.3286384976525822,0.06572769953051644,-0.48826291079812206,0.4647887323943662,-0.3615023474178404,0.6103286384976526,-0.539906103286385,0.6995305164319249,-0.6666666666666666,0.7793427230046949,-0.7793427230046949,0.3568075117370892,-0.47417840375586856,0.47417840375586856,-0.7089201877934272,0.5211267605633803,-0.863849765258216,0.5774647887323944,-1.0,0.22535211267605634,-0.5164319248826291,0.23943661971830985,-0.6901408450704225,0.15492957746478872,-0.5586854460093896,0.10328638497652583,-0.4507042253521127,0.07511737089201878,-0.5070422535211268,0.046948356807511735,-0.6150234741784038,0.014084507042253521,-0.5164319248826291,0.0,-0.4272300469483568
1,0.0,0.0,0.11956521739130435,0.016304347826086956,0.20652173913043478,-0.09239130434782608,0.16847826086956522,-0.30434782608695654,0.14673913043478262,-0.4891304347826087,0.5489130434782609,-0.2826086956521739,0.7391304347826086,-0.44565217391304346,0.8532608695652174,-0.5652173913043478,0.9728260869565217,-0.6902173913043478,0.46195652173913043,-0.42934782608695654,0.6467391304347826,-0.6739130434782609,0.7228260869565217,-0.8478260869565217,0.7989130434782609,-1.0,0.33695652173913043,-0.5108695652173914,0.3858695652173913,-0.7119565217391305,0.25,-0.592391304347826,0.15760869565217392,-0.4782608695652174,0.18478260869565216,-0.532608695652174,0.15760869565217392,-0.6630434782608695,0.07065217391304347,-0.5652173913043478,0.02717391304347826,-0.46195652173913043
1,0.0,0.0,0.08415841584158416,0.0297029702970297,0.19306930693069307,-0.04455445544554455,0.21782178217821782,-0.23267326732673269,0.24752475247524752,-0.400990099009901,0.5495049504950495,-0.12871287128712872,0.7524752475247525,-0.21782178217821782,0.8811881188118812,-0.2871287128712871,1.0,-0.3613861386138614,0.504950495049505,-0.2722772277227723,0.7178217821782178,-0.4306930693069307,0.8267326732673267,-0.5544554455445545,0.9257425742574258,-0.6683168316831684,0.400990099009901,-0.36633663366336633,0.49504950495049505,-0.5198019801980198,0.36633663366336633,-0.4405940594059406,0.2722772277227723,-0.3613861386138614,0.26732673267326734,-0.4207920792079208,0.28217821782178215,-0.5297029702970297,0.20297029702970298,-0.4603960396039604,0.1485148514851485,-0.3811881188118812
1,0.0,0.0,0.07142857142857142,0.05714285714285714,0.2,0.01904761904761905,0.26666666666666666,-0.1523809523809524,0.319047619047619,-0.3142857142857143,0.5428571428571428,0.0,0.7428571428571429,-0.01904761904761905,0.8714285714285714,-0.047619047619047616,0.9904761904761905,-0.08571428571428572,0.5380952380952381,-0.14285714285714285,0.7523809523809524,-0.24285714285714285,0.8809523809523809,-0.3333333333333333,1.0,-0.4095238095238095,0.45714285714285713,-0.2571428571428571,0.5904761904761905,-0.3619047619047619,0.4666666666666667,-0.3142857142857143,0.37142857142857144,-0.2619047619047619,0.34285714285714286,-0.3380952380952381,0.3904761904761905,-0.41904761904761906,0.3142857142857143,-0.38095238095238093,0.2523809523809524,-0.32857142857142857
1,0.0,0.0,0.057971014492753624,0.06763285024154589,0.18357487922705315,0.057971014492753624,0.2608695652173913,-0.0966183574879227,0.3333333333333333,-0.2608695652173913,0.5120772946859904,0.04830917874396135,0.7053140096618358,0.05314009661835749,0.8357487922705314,0.03864734299516908,0.961352657004831,0.01932367149758454,0.5217391304347826,-0.08695652173913043,0.7391304347826086,-0.15942028985507245,0.8743961352657005,-0.22705314009661837,1.0,-0.28502415458937197,0.45893719806763283,-0.19806763285024154,0.5942028985507246,-0.30434782608695654,0.45893719806763283,-0.2608695652173913,0.3526570048309179,-0.21256038647342995,0.34782608695652173,-0.28502415458937197,0.41545893719806765,-0.3719806763285024,0.33816425120772947,-0.3285024154589372,0.27053140096618356,-0.28019323671497587
1,0.0,0.0,0.06565656565656566,0.06060606060606061,0.1919191919191919,0.045454545454545456,0.2727272727272727,-0.11616161616161616,0.3282828282828283,-0.2676767676767677,0.5,0.06565656565656566,0.696969696969697,0.07575757575757576,0.8333333333333334,0.06565656565656566,0.9545454545454546,0.045454545454545456,0.51010101010101,-0.07575757575757576,0.7323232323232324,-0.13636363636363635,0.8686868686868687,-0.19696969696969696,1.0,-0.25252525252525254,0.45454545454545453,-0.20202020202020202,0.601010101010101,-0.2878787878787879,0.45454545454545453,-0.2474747474747475,0.3434343434343434,-0.21212121212121213,0.3434343434343434,-0.29797979797979796,0.41414141414141414,-0.3686868686868687,0.3383838383838384,-0.3282828282828283,0.2676767676767677,-0.2828282828282828
1,0.0,0.0,0.021739130434782608,0.06521739130434782,0.1358695652173913,0.043478260869565216,0.22826086956521738,-0.10326086956521739,0.31521739130434784,-0.266304347826087,0.47282608695652173,0.09239130434782608,0.6739130434782609,0.09782608695652174,0.8097826086956522,0.08152173913043478,0.9402173913043478,0.06521739130434782,0.5,-0.04891304347826087,0.7282608695652174,-0.11413043478260869,0.8695652173913043,-0.18478260869565216,1.0,-0.24456521739130435,0.44565217391304346,-0.1793478260869565,0.5978260869565217,-0.28804347826086957,0.42934782608695654,-0.2608695652173913,0.30978260869565216,-0.22826086956521738,0.34782608695652173,-0.2826086956521739,0.40217391304347827,-0.375,0.30434782608695654,-0.33695652173913043,0.23369565217391305,-0.29347826086956524
1,0.0,0.0,0.011695906432748537,0.10526315789473684,0.1111111111111111,0.10526315789473684,0.19298245614035087,-0.06432748538011696,0.2807017543859649,-0.23976608187134502,0.4444444444444444,0.14619883040935672,0.6257309941520468,0.17543859649122806,0.7660818713450293,0.17543859649122806,0.9064327485380117,0.1695906432748538,0.47953216374269003,0.005847953216374269,0.7134502923976608,-0.04093567251461988,0.8596491228070176,-0.1111111111111111,1.0,-0.1695906432748538,0.4444444444444444,-0.13450292397660818,0.5964912280701754,-0.24561403508771928,0.4269005847953216,-0.22807017543859648,0.30994152046783624,-0.19298245614035087,0.3567251461988304,-0.2573099415204678,0.4269005847953216,-0.3508771929824561,0.3333333333333333,-0.3216374269005848,0.25146198830409355,-0.2807017543859649
1,0.0,0.0,0.006024096385542169,0.10240963855421686,0.10843373493975904,0.10843373493975904,0.19879518072289157,-0.060240963855421686,0.2891566265060241,-0.21084337349397592,0.40963855421686746,0.1746987951807229,0.5843373493975904,0.21686746987951808,0.7228915662650602,0.24096385542168675,0.8433734939759037,0.25903614457831325,0.4819277108433735,0.03614457831325301,0.7228915662650602,0.006024096385542169,0.8734939759036144,-0.05421686746987952,1.0,-0.10843373493975904,0.4578313253012048,-0.0963855421686747,0.6144578313253012,-0.22289156626506024,0.43373493975903615,-0.22289156626506024,0.29518072289156627,-0.1927710843373494,0.3674698795180723,-0.22289156626506024,0.43373493975903615,-0.3253012048192771,0.3253012048192771,-0.3072289156626506,0.24096385542168675,-0.26506024096385544
1,0.0,0.0,0.028901734104046242,0.09826589595375723,0.15028901734104047,0.12138728323699421,0.23699421965317918,-0.04046242774566474,0.3179190751445087,-0.1791907514450867,0.4508670520231214,0.18497109826589594,0.6358381502890174,0.23121387283236994,0.7803468208092486,0.24855491329479767,0.9017341040462428,0.24855491329479767,0.4913294797687861,0.03468208092485549,0.7109826589595376,0.011560693641618497,0.8670520231213873,-0.046242774566473986,1.0,-0.10404624277456648,0.45664739884393063,-0.09826589595375723,0.6011560693641619,-0.18497109826589594,0.44508670520231214,-0.17341040462427745,0.3236994219653179,-0.15028901734104047,0.3699421965317919,-0.21965317919075145,0.44508670520231214,-0.28901734104046245,0.35260115606936415,-0.26011560693641617,0.2774566473988439,-0.2254335260115607
1,0.0,0.0,0.061452513966480445,0.0782122905027933,0.2011173184357542,0.0670391061452514,0.2905027932960894,-0.08379888268156424,0.3687150837988827,-0.2122905027932961,0.4972067039106145,0.12849162011173185,0.6927374301675978,0.15083798882681565,0.8324022346368715,0.16201117318435754,0.9553072625698324,0.16201117318435754,0.5139664804469274,-0.0111731843575419,0.7318435754189944,-0.055865921787709494,0.8770949720670391,-0.1005586592178771,1.0,-0.1452513966480447,0.4692737430167598,-0.12849162011173185,0.6033519553072626,-0.20670391061452514,0.4748603351955307,-0.1787709497206704,0.3743016759776536,-0.15083798882681565,0.3743016759776536,-0.22905027932960895,0.4581005586592179,-0.29608938547486036,0.3854748603351955,-0.26256983240223464,0.31843575418994413,-0.22905027932960895
1,0.0,0.0,0.10857142857142857,0.06857142857142857,0.26285714285714284,0.02857142857142857,0.36,-0.13714285714285715,0.4342857142857143,-0.26857142857142857,0.5371428571428571,0.08,0.7314285714285714,0.07428571428571429,0.8685714285714285,0.05714285714285714,0.9828571428571429,0.04,0.5428571428571428,-0.05142857142857143,0.7542857142857143,-0.12571428571428572,0.8857142857142857,-0.18285714285714286,1.0,-0.2342857142857143,0.4857142857142857,-0.16,0.6057142857142858,-0.2571428571428571,0.49714285714285716,-0.21714285714285714,0.41714285714285715,-0.1657142857142857,0.38857142857142857,-0.24571428571428572,0.4685714285714286,-0.32571428571428573,0.4057142857142857,-0.2857142857142857,0.35428571428571426,-0.2342857142857143
1,0.0,0.0,0.12571428571428572,0.05142857142857143,0.28,0.022857142857142857,0.37142857142857144,-0.12571428571428572,0.44,-0.26285714285714284,0.5542857142857143,0.04,0.7485714285714286,0.022857142857142857,0.88,0.0,0.9942857142857143,-0.02857142857142857,0.5485714285714286,-0.07428571428571429,0.76,-0.14857142857142858,0.8857142857142857,-0.2057142857142857,1.0,-0.25142857142857145,0.4857142857142857,-0.1657142857142857,0.6171428571428571,-0.26285714285714284,0.5257142857142857,-0.2342857142857143,0.44,-0.19428571428571428,0.38285714285714284,-0.24571428571428572,0.46285714285714286,-0.32,0.4228571428571429,-0.3028571428571429,0.38857142857142857,-0.26857142857142857
1,0.0,0.0,0.1377245508982036,0.03592814371257485,0.2994011976047904,-0.011976047904191617,0.38323353293413176,-0.17365269461077845,0.4431137724550898,-0.32335329341317365,0.562874251497006,-0.029940119760479042,0.7664670658682635,-0.08383233532934131,0.8922155688622755,-0.1317365269461078,1.0,-0.16766467065868262,0.5389221556886228,-0.1497005988023952,0.7425149700598802,-0.2634730538922156,0.8622754491017964,-0.33532934131736525,0.9580838323353293,-0.3772455089820359,0.46706586826347307,-0.23353293413173654,0.5808383233532934,-0.3532934131736527,0.49101796407185627,-0.31137724550898205,0.41916167664670656,-0.25748502994011974,0.3652694610778443,-0.2994011976047904,0.437125748502994,-0.38922155688622756,0.38323353293413176,-0.3532934131736527,0.32934131736526945,-0.30538922155688625
1,0.0,0.0,0.16129032258064516,0.025806451612903226,0.36774193548387096,-0.07741935483870968,0.4064516129032258,-0.2903225806451613,0.4,-0.47096774193548385,0.5806451612903226,-0.1935483870967742,0.7741935483870968,-0.2838709677419355,0.896774193548387,-0.34838709677419355,1.0,-0.3935483870967742,0.5032258064516129,-0.3096774193548387,0.6838709677419355,-0.4838709677419355,0.7935483870967742,-0.5870967741935483,0.8774193548387097,-0.6709677419354839,0.38064516129032255,-0.36774193548387096,0.4645161290322581,-0.4967741935483871,0.4,-0.3870967741935484,0.34838709677419355,-0.3096774193548387,0.23870967741935484,-0.3935483870967742,0.3161290322580645,-0.47096774193548385,0.2709677419354839,-0.38064516129032255,0.23225806451612904,-0.3161290322580645
1,0.0,0.0,0.21014492753623187,-0.021739130434782608,0.391304347826087,-0.16666666666666666,0.37681159420289856,-0.391304347826087,0.3115942028985507,-0.5579710144927537,0.5652173913043478,-0.34057971014492755,0.7753623188405797,-0.4927536231884058,0.8985507246376812,-0.6014492753623188,1.0,-0.6884057971014492,0.4492753623188406,-0.4492753623188406,0.6304347826086957,-0.6739130434782609,0.7318840579710145,-0.8188405797101449,0.8188405797101449,-0.9347826086956522,0.3115942028985507,-0.4927536231884058,0.35507246376811596,-0.6376811594202898,0.30434782608695654,-0.5072463768115942,0.2608695652173913,-0.391304347826087,0.16666666666666666,-0.5,0.21739130434782608,-0.6014492753623188,0.18840579710144928,-0.4927536231884058,0.16666666666666666,-0.391304347826087
1,0.0,0.0,0.1437908496732026,-0.0915032679738562,0.2222222222222222,-0.24836601307189543,0.1437908496732026,-0.38562091503267976,0.032679738562091505,-0.47058823529411764,0.29411764705882354,-0.4444444444444444,0.40522875816993464,-0.6405228758169934,0.46405228758169936,-0.7581699346405228,0.5098039215686274,-0.8627450980392157,0.16993464052287582,-0.49019607843137253,0.20915032679738563,-0.7320261437908496,0.23529411764705882,-0.869281045751634,0.24183006535947713,-1.0,0.0457516339869281,-0.48366013071895425,0.026143790849673203,-0.6013071895424836,0.0392156862745098,-0.46405228758169936,0.05228758169934641,-0.3660130718954248,-0.06535947712418301,-0.4444444444444444,-0.058823529411764705,-0.5490196078431373,-0.0392156862745098,-0.45098039215686275,-0.026143790849673203,-0.3660130718954248
1,0.0,0.0,0.15286624203821655,-0.1337579617834395,0.19745222929936307,-0.2802547770700637,0.12101910828025478,-0.3821656050955414,0.03184713375796178,-0.45222929936305734,0.1910828025477707,-0.4968152866242038,0.25477707006369427,-0.6815286624203821,0.2802547770700637,-0.802547770700637,0.3057324840764331,-0.9171974522292994,0.07006369426751592,-0.5222929936305732,0.06369426751592357,-0.7388535031847133,0.06369426751592357,-0.8726114649681529,0.07006369426751592,-1.0,-0.03821656050955414,-0.4968152866242038,-0.03821656050955414,-0.6369426751592356,0.0,-0.5286624203821656,0.012738853503184714,-0.43312101910828027,-0.12738853503184713,-0.43312101910828027,-0.10828025477707007,-0.5286624203821656,-0.06369426751592357,-0.4585987261146497,-0.03184713375796178,-0.3821656050955414
1,0.0,0.0,0.1437908496732026,-0.1111111111111111,0.20261437908496732,-0.2679738562091503,0.13725490196078433,-0.38562091503267976,0.0392156862745098,-0.46405228758169936,0.16993464052287582,-0.49019607843137253,0.23529411764705882,-0.6862745098039216,0.2679738562091503,-0.8104575163398693,0.29411764705882354,-0.9215686274509803,0.05228758169934641,-0.5098039215686274,0.0457516339869281,-0.738562091503268,0.05228758169934641,-0.8823529411764706,0.05228758169934641,-1.0,-0.05228758169934641,-0.477124183006536,-0.058823529411764705,-0.6405228758169934,-0.006535947712418301,-0.5294117647058824,0.013071895424836602,-0.42483660130718953,-0.1437908496732026,-0.4117647058823529,-0.12418300653594772,-0.5294117647058824,-0.058823529411764705,-0.46405228758169936,-0.032679738562091505,-0.3790849673202614
1,0.0,0.0,0.1456953642384106,-0.12582781456953643,0.19205298013245034,-0.2847682119205298,0.11258278145695365,-0.40397350993377484,0.013245033112582781,-0.48344370860927155,0.152317880794702,-0.4966887417218543,0.2185430463576159,-0.695364238410596,0.24503311258278146,-0.8211920529801324,0.26490066225165565,-0.9337748344370861,0.039735099337748346,-0.5099337748344371,0.033112582781456956,-0.7417218543046358,0.026490066225165563,-0.8874172185430463,0.013245033112582781,-1.0,-0.06622516556291391,-0.4768211920529801,-0.08609271523178808,-0.6423841059602649,-0.026490066225165563,-0.5298013245033113,0.006622516556291391,-0.423841059602649,-0.15894039735099338,-0.3973509933774834,-0.1456953642384106,-0.5298013245033113,-0.07947019867549669,-0.47019867549668876,-0.039735099337748346,-0.39072847682119205
1,0.0,0.0,0.14473684210526316,-0.11842105263157894,0.20394736842105263,-0.28289473684210525,0.13157894736842105,-0.40789473684210525,0.02631578947368421,-0.4868421052631579,0.15789473684210525,-0.4934210526315789,0.21710526315789475,-0.6907894736842105,0.24342105263157895,-0.8157894736842105,0.2631578947368421,-0.9276315789473685,0.046052631578947366,-0.506578947368421,0.03289473684210526,-0.7302631578947368,0.02631578947368421,-0.875,0.02631578947368421,-1.0,-0.05921052631578947,-0.47368421052631576,-0.06578947368421052,-0.631578947368421,-0.013157894736842105,-0.5328947368421053,0.013157894736842105,-0.4276315789473684,-0.1513157894736842,-0.40789473684210525,-0.125,-0.5263157894736842,-0.06578947368421052,-0.46710526315789475,-0.03289473684210526,-0.3815789473684211
1,0.0,0.0,0.14473684210526316,-0.13157894736842105,0.19078947368421054,-0.3026315789473684,0.11842105263157894,-0.42105263157894735,0.019736842105263157,-0.4868421052631579,0.1513157894736842,-0.4934210526315789,0.20394736842105263,-0.6973684210526315,0.23026315789473684,-0.8223684210526315,0.25,-0.9342105263157895,0.03289473684210526,-0.506578947368421,0.019736842105263157,-0.7368421052631579,0.013157894736842105,-0.881578947368421,0.006578947368421052,-1.0,-0.06578947368421052,-0.47368421052631576,-0.07894736842105263,-0.6381578947368421,-0.019736842105263157,-0.5328947368421053,0.013157894736842105,-0.4276315789473684,-0.15789473684210525,-0.40789473684210525,-0.1513157894736842,-0.5394736842105263,-0.08552631578947369,-0.47368421052631576,-0.046052631578947366,-0.39473684210526316
1,0.0,0.0,0.12666666666666668,-0.14666666666666667,0.14666666666666667,-0.32666666666666666,0.06,-0.44,-0.04666666666666667,-0.49333333333333335,0.10666666666666667,-0.5133333333333333,0.16,-0.7133333333333334,0.18666666666666668,-0.84,0.2,-0.9533333333333334,-0.013333333333333334,-0.5133333333333333,-0.06666666666666667,-0.74,-0.09333333333333334,-0.88,-0.12,-1.0,-0.12,-0.4666666666666667,-0.14666666666666667,-0.62,-0.08,-0.5266666666666666,-0.04666666666666667,-0.4266666666666667,-0.2,-0.38666666666666666,-0.2,-0.5133333333333333,-0.13333333333333333,-0.4533333333333333,-0.09333333333333334,-0.38
1,0.0,0.0,0.12162162162162163,-0.14189189189189189,0.1554054054054054,-0.3108108108108108,0.06756756756756757,-0.4189189189189189,-0.033783783783783786,-0.47297297297297297,0.11486486486486487,-0.527027027027027,0.16891891891891891,-0.7297297297297297,0.1891891891891892,-0.8581081081081081,0.19594594594594594,-0.972972972972973,-0.006756756756756757,-0.527027027027027,-0.060810810810810814,-0.75,-0.0945945945945946,-0.8851351351351351,-0.12837837837837837,-1.0,-0.11486486486486487,-0.4797297297297297,-0.14864864864864866,-0.6283783783783784,-0.08783783783783784,-0.527027027027027,-0.05405405405405406,-0.43243243243243246,-0.20270270270270271,-0.39864864864864863,-0.20945945945945946,-0.5202702702702703,-0.1554054054054054,-0.46621621621621623,-0.11486486486486487,-0.39864864864864863
1,0.0,0.0,0.11428571428571428,-0.15714285714285714,0.14285714285714285,-0.3357142857142857,0.05,-0.4357142857142857,-0.07142857142857142,-0.4642857142857143,0.02857142857142857,-0.5214285714285715,0.07857142857142857,-0.7285714285714285,0.09285714285714286,-0.8642857142857143,0.1,-0.9785714285714285,-0.08571428571428572,-0.5071428571428571,-0.15714285714285714,-0.7357142857142858,-0.19285714285714287,-0.8785714285714286,-0.22857142857142856,-1.0,-0.17857142857142858,-0.44285714285714284,-0.20714285714285716,-0.6071428571428571,-0.11428571428571428,-0.5142857142857142,-0.06428571428571428,-0.42142857142857143,-0.25,-0.34285714285714286,-0.2357142857142857,-0.4785714285714286,-0.15,-0.42857142857142855,-0.09285714285714286,-0.35
1,0.0,0.0,0.11940298507462686,-0.14925373134328357,0.17164179104477612,-0.31343283582089554,0.09701492537313433,-0.417910447761194,-0.014925373134328358,-0.4626865671641791,0.022388059701492536,-0.5373134328358209,0.06716417910447761,-0.753731343283582,0.08955223880597014,-0.8805970149253731,0.09701492537313433,-1.0,-0.09701492537313433,-0.5223880597014925,-0.1791044776119403,-0.746268656716418,-0.21641791044776118,-0.8805970149253731,-0.2537313432835821,-0.9850746268656716,-0.1791044776119403,-0.44776119402985076,-0.20149253731343283,-0.5970149253731343,-0.1044776119402985,-0.5298507462686567,-0.04477611940298507,-0.44029850746268656,-0.23134328358208955,-0.3358208955223881,-0.208955223880597,-0.4626865671641791,-0.11194029850746269,-0.417910447761194,-0.05223880597014925,-0.35074626865671643
1,0.0,0.0,0.125,-0.1328125,0.1796875,-0.3046875,0.1171875,-0.4140625,0.0078125,-0.4765625,0.0234375,-0.546875,0.0703125,-0.7578125,0.0859375,-0.8828125,0.09375,-1.0,-0.09375,-0.5234375,-0.1796875,-0.75,-0.2109375,-0.890625,-0.2578125,-1.0,-0.1796875,-0.453125,-0.1953125,-0.6015625,-0.0859375,-0.515625,-0.0234375,-0.421875,-0.234375,-0.34375,-0.1875,-0.46875,-0.09375,-0.4140625,-0.0390625,-0.34375
1,0.0,0.0,0.12698412698412698,-0.12698412698412698,0.19047619047619047,-0.29365079365079366,0.15079365079365079,-0.3968253968253968,0.03968253968253968,-0.4603174603174603,0.031746031746031744,-0.5396825396825397,0.0873015873015873,-0.746031746031746,0.10317460317460317,-0.873015873015873,0.10317460317460317,-0.9841269841269841,-0.07936507936507936,-0.5238095238095238,-0.15873015873015872,-0.746031746031746,-0.19047619047619047,-0.8888888888888888,-0.2222222222222222,-1.0,-0.1746031746031746,-0.4523809523809524,-0.16666666666666666,-0.6031746031746031,-0.05555555555555555,-0.5158730158730159,0.0,-0.42063492063492064,-0.2222222222222222,-0.3492063492063492,-0.1746031746031746,-0.46825396825396826,-0.07142857142857142,-0.42063492063492064,-0.007936507936507936,-0.3492063492063492
1,0.0,0.0,0.12903225806451613,-0.13709677419354838,0.18548387096774194,-0.3064516129032258,0.12903225806451613,-0.41935483870967744,0.016129032258064516,-0.46774193548387094,0.03225806451612903,-0.532258064516129,0.08064516129032258,-0.7338709677419355,0.0967741935483871,-0.8629032258064516,0.10483870967741936,-0.967741935483871,-0.08064516129032258,-0.5161290322580645,-0.16129032258064516,-0.75,-0.18548387096774194,-0.8870967741935484,-0.21774193548387097,-1.0,-0.1693548387096774,-0.45161290322580644,-0.16129032258064516,-0.5967741935483871,-0.04838709677419355,-0.5,0.008064516129032258,-0.4112903225806452,-0.22580645161290322,-0.3548387096774194,-0.1693548387096774,-0.47580645161290325,-0.06451612903225806,-0.41935483870967744,-0.008064516129032258,-0.3467741935483871
1,0.0,0.0,0.13008130081300814,-0.13821138211382114,0.1951219512195122,-0.3008130081300813,0.15447154471544716,-0.4146341463414634,0.04878048780487805,-0.4796747967479675,0.04878048780487805,-0.5284552845528455,0.0975609756097561,-0.7317073170731707,0.12195121951219512,-0.8536585365853658,0.13008130081300814,-0.967479674796748,-0.06504065040650407,-0.5121951219512195,-0.13821138211382114,-0.7479674796747967,-0.15447154471544716,-0.8861788617886179,-0.18699186991869918,-1.0,-0.14634146341463414,-0.44715447154471544,-0.13821138211382114,-0.6016260162601627,-0.032520325203252036,-0.5121951219512195,0.024390243902439025,-0.42276422764227645,-0.2032520325203252,-0.35772357723577236,-0.15447154471544716,-0.4878048780487805,-0.056910569105691054,-0.44715447154471544,0.008130081300813009,-0.37398373983739835
1,0.0,0.0,0.13333333333333333,-0.125,0.2,-0.2916666666666667,0.15833333333333333,-0.4083333333333333,0.058333333333333334,-0.475,0.041666666666666664,-0.5333333333333333,0.09166666666666666,-0.7416666666666667,0.10833333333333334,-0.8666666666666667,0.11666666666666667,-0.9833333333333333,-0.075,-0.525,-0.15,-0.7583333333333333,-0.175,-0.9,-0.2,-1.0,-0.16666666666666666,-0.4583333333333333,-0.15,-0.6,-0.041666666666666664,-0.5166666666666667,0.016666666666666666,-0.425,-0.21666666666666667,-0.35833333333333334,-0.15833333333333333,-0.48333333333333334,-0.058333333333333334,-0.43333333333333335,0.0,-0.35833333333333334
1,0.0,0.0,0.13333333333333333,-0.13333333333333333,0.2,-0.31666666666666665,0.14166666666666666,-0.43333333333333335,0.03333333333333333,-0.48333333333333334,0.03333333333333333,-0.5416666666666666,0.075,-0.7416666666666667,0.09166666666666666,-0.8666666666666667,0.1,-0.975,-0.08333333333333333,-0.525,-0.16666666666666666,-0.75,-0.19166666666666668,-0.8916666666666667,-0.225,-1.0,-0.16666666666666666,-0.4583333333333333,-0.16666666666666666,-0.6,-0.05,-0.5166666666666667,0.008333333333333333,-0.43333333333333335,-0.21666666666666667,-0.35,-0.16666666666666666,-0.48333333333333334,-0.06666666666666667,-0.43333333333333335,-0.008333333333333333,-0.36666666666666664
1,0.0,0.0,0.11764705882352941,-0.14285714285714285,0.17647058823529413,-0.31092436974789917,0.11764705882352941,-0.4369747899159664,0.008403361344537815,-0.48739495798319327,0.008403361344537815,-0.5210084033613446,0.04201680672268908,-0.7394957983193278,0.058823529411764705,-0.865546218487395,0.06722689075630252,-0.9747899159663865,-0.10084033613445378,-0.5042016806722689,-0.19327731092436976,-0.7478991596638656,-0.2184873949579832,-0.8907563025210085,-0.24369747899159663,-1.0,-0.18487394957983194,-0.44537815126050423,-0.18487394957983194,-0.6050420168067226,-0.06722689075630252,-0.5294117647058824,-0.008403361344537815,-0.4369747899159664,-0.23529411764705882,-0.35294117647058826,-0.21008403361344538,-0.48739495798319327,-0.10084033613445378,-0.453781512605042,-0.03361344537815126,-0.37815126050420167
1,0.0,0.0,0.11864406779661017,-0.15254237288135594,0.17796610169491525,-0.3305084745762712,0.11864406779661017,-0.4576271186440678,-0.00847457627118644,-0.4915254237288136,-0.00847457627118644,-0.5338983050847458,0.01694915254237288,-0.7542372881355932,0.025423728813559324,-0.8813559322033898,0.025423728813559324,-1.0,-0.11864406779661017,-0.5169491525423728,-0.2288135593220339,-0.7457627118644068,-0.2711864406779661,-0.8898305084745762,-0.3050847457627119,-1.0,-0.2033898305084746,-0.4491525423728814,-0.2288135593220339,-0.6101694915254238,-0.11016949152542373,-0.5508474576271186,-0.03389830508474576,-0.4745762711864407,-0.2457627118644068,-0.3474576271186441,-0.2457627118644068,-0.5,-0.1440677966101695,-0.4745762711864407,-0.06779661016949153,-0.4067796610169492
1,0.0,0.0,0.11016949152542373,-0.17796610169491525,0.13559322033898305,-0.3813559322033898,0.025423728813559324,-0.5084745762711864,-0.1016949152542373,-0.5338983050847458,-0.0423728813559322,-0.5338983050847458,-0.03389830508474576,-0.7542372881355932,-0.03389830508474576,-0.8898305084745762,-0.0423728813559322,-1.0,-0.16101694915254236,-0.5084745762711864,-0.2796610169491525,-0.7457627118644068,-0.3220338983050847,-0.8898305084745762,-0.3644067796610169,-0.9915254237288136,-0.23728813559322035,-0.4406779661016949,-0.3135593220338983,-0.6271186440677966,-0.1864406779661017,-0.5847457627118644,-0.1016949152542373,-0.5084745762711864,-0.2966101694915254,-0.3474576271186441,-0.3220338983050847,-0.5,-0.22033898305084745,-0.5,-0.1440677966101695,-0.4491525423728814
1,0.0,0.0,0.1,-0.18333333333333332,0.09166666666666666,-0.375,-0.03333333333333333,-0.4666666666666667,-0.15,-0.49166666666666664,-0.05,-0.55,-0.05,-0.7583333333333333,-0.06666666666666667,-0.8916666666666667,-0.08333333333333333,-1.0,-0.16666666666666666,-0.5166666666666667,-0.2916666666666667,-0.7416666666666667,-0.35833333333333334,-0.875,-0.4083333333333333,-0.9833333333333333,-0.25833333333333336,-0.45,-0.3333333333333333,-0.625,-0.23333333333333334,-0.5666666666666667,-0.15833333333333333,-0.48333333333333334,-0.31666666666666665,-0.35,-0.35,-0.5,-0.26666666666666666,-0.49166666666666664,-0.2,-0.43333333333333335
1,0.0,0.0,0.11290322580645161,-0.18548387096774194,0.11290322580645161,-0.3709677419354839,-0.024193548387096774,-0.46774193548387094,-0.1532258064516129,-0.47580645161290325,0.0,-0.5483870967741935,0.016129032258064516,-0.7580645161290323,0.0,-0.8870967741935484,-0.008064516129032258,-1.0,-0.12903225806451613,-0.532258064516129,-0.22580645161290322,-0.7419354838709677,-0.2903225806451613,-0.8790322580645161,-0.3387096774193548,-0.9919354838709677,-0.22580645161290322,-0.46774193548387094,-0.2903225806451613,-0.6290322580645161,-0.21774193548387097,-0.5564516129032258,-0.1532258064516129,-0.46774193548387094,-0.29838709677419356,-0.3709677419354839,-0.3467741935483871,-0.5080645161290323,-0.28225806451612906,-0.5,-0.21774193548387097,-0.4435483870967742
1,0.0,0.0,0.109375,-0.2109375,0.09375,-0.421875,-0.078125,-0.53125,-0.234375,-0.546875,0.0234375,-0.53125,0.015625,-0.75,-0.0078125,-0.8828125,-0.03125,-1.0,-0.109375,-0.515625,-0.2109375,-0.734375,-0.28125,-0.8828125,-0.34375,-0.9921875,-0.2109375,-0.453125,-0.2890625,-0.609375,-0.1953125,-0.546875,-0.125,-0.453125,-0.3046875,-0.359375,-0.375,-0.5078125,-0.3046875,-0.5,-0.234375,-0.4375
1,0.0,0.0,0.09090909090909091,-0.21212121212121213,0.09090909090909091,-0.4090909090909091,-0.06818181818181818,-0.5151515151515151,-0.21212121212121213,-0.5303030303030303,0.05303030303030303,-0.5227272727272727,0.045454545454545456,-0.75,0.022727272727272728,-0.8863636363636364,0.0,-1.0,-0.08333333333333333,-0.5075757575757576,-0.18181818181818182,-0.7272727272727273,-0.24242424242424243,-0.8712121212121212,-0.2878787878787879,-0.9848484848484849,-0.1893939393939394,-0.45454545454545453,-0.2803030303030303,-0.6212121212121212,-0.2196969696969697,-0.5681818181818182,-0.1590909090909091,-0.4772727272727273,-0.2878787878787879,-0.3787878787878788,-0.36363636363636365,-0.5075757575757576,-0.32575757575757575,-0.5,-0.26515151515151514,-0.45454545454545453
1,0.0,0.0,0.08450704225352113,-0.21830985915492956,0.06338028169014084,-0.4154929577464789,-0.09859154929577464,-0.5140845070422535,-0.23943661971830985,-0.5211267605633803,0.04929577464788732,-0.528169014084507,0.035211267605633804,-0.7464788732394366,0.007042253521126761,-0.8802816901408451,-0.014084507042253521,-1.0,-0.08450704225352113,-0.5140845070422535,-0.176056338028169,-0.7183098591549296,-0.23943661971830985,-0.852112676056338,-0.2887323943661972,-0.9647887323943662,-0.19014084507042253,-0.4507042253521127,-0.28169014084507044,-0.5915492957746479,-0.21830985915492956,-0.5140845070422535,-0.16901408450704225,-0.4225352112676056,-0.2887323943661972,-0.3732394366197183,-0.36619718309859156,-0.5,-0.33098591549295775,-0.4788732394366197,-0.2746478873239437,-0.4154929577464789
1,0.0,0.0,0.020134228187919462,-0.15436241610738255,-0.013422818791946308,-0.3422818791946309,-0.15436241610738255,-0.46308724832214765,-0.2550335570469799,-0.5302013422818792,0.18791946308724833,-0.48322147651006714,0.174496644295302,-0.7181208053691275,0.1610738255033557,-0.87248322147651,0.15436241610738255,-1.0,0.0738255033557047,-0.4966442953020134,0.03355704697986577,-0.7181208053691275,-0.013422818791946308,-0.8590604026845637,-0.026845637583892617,-0.9798657718120806,-0.026845637583892617,-0.47651006711409394,-0.15436241610738255,-0.5637583892617449,-0.15436241610738255,-0.44966442953020136,-0.10067114093959731,-0.38926174496644295,-0.11409395973154363,-0.436241610738255,-0.2348993288590604,-0.5033557046979866,-0.22818791946308725,-0.4228187919463087,-0.18120805369127516,-0.35570469798657717
1,0.0,0.0,0.0,-0.14864864864864866,-0.05405405405405406,-0.32432432432432434,-0.18243243243243243,-0.43243243243243246,-0.27702702702702703,-0.5135135135135135,0.1554054054054054,-0.5,0.14864864864864866,-0.7162162162162162,0.13513513513513514,-0.8716216216216216,0.12162162162162163,-1.0,0.05405405405405406,-0.49324324324324326,0.006756756756756757,-0.722972972972973,-0.04054054054054054,-0.8581081081081081,-0.05405405405405406,-0.9864864864864865,-0.0472972972972973,-0.46621621621621623,-0.18243243243243243,-0.5405405405405406,-0.16891891891891891,-0.4189189189189189,-0.0945945945945946,-0.3783783783783784,-0.12837837837837837,-0.42567567567567566,-0.25675675675675674,-0.47297297297297297,-0.23648648648648649,-0.3716216216216216,-0.17567567567567569,-0.32432432432432434
1,0.0,0.0,-0.006711409395973154,-0.15436241610738255,-0.06711409395973154,-0.3221476510067114,-0.20134228187919462,-0.40939597315436244,-0.30201342281879195,-0.48322147651006714,0.12751677852348994,-0.5100671140939598,0.10738255033557047,-0.7181208053691275,0.087248322147651,-0.87248322147651,0.0738255033557047,-1.0,0.026845637583892617,-0.5033557046979866,-0.020134228187919462,-0.7181208053691275,-0.06711409395973154,-0.8590604026845637,-0.09395973154362416,-0.9798657718120806,-0.06711409395973154,-0.4697986577181208,-0.19463087248322147,-0.5503355704697986,-0.19463087248322147,-0.4228187919463087,-0.1342281879194631,-0.3691275167785235,-0.14093959731543623,-0.4228187919463087,-0.2684563758389262,-0.4697986577181208,-0.2550335570469799,-0.37583892617449666,-0.20134228187919462,-0.3221476510067114
1,0.0,0.0,-0.020134228187919462,-0.15436241610738255,-0.0738255033557047,-0.3221476510067114,-0.21476510067114093,-0.4161073825503356,-0.3087248322147651,-0.48322147651006714,0.1342281879194631,-0.4966442953020134,0.10738255033557047,-0.7181208053691275,0.087248322147651,-0.87248322147651,0.0738255033557047,-1.0,0.03355704697986577,-0.4899328859060403,-0.020134228187919462,-0.7114093959731543,-0.0738255033557047,-0.8523489932885906,-0.09395973154362416,-0.9731543624161074,-0.06040268456375839,-0.4563758389261745,-0.19463087248322147,-0.5503355704697986,-0.20134228187919462,-0.42953020134228187,-0.1476510067114094,-0.3691275167785235,-0.14093959731543623,-0.40939597315436244,-0.2684563758389262,-0.4697986577181208,-0.26174496644295303,-0.37583892617449666,-0.21476510067114093,-0.31543624161073824
1,0.0,0.0,-0.04827586206896552,-0.13793103448275862,-0.13793103448275862,-0.30344827586206896,-0.2689655172413793,-0.3931034482758621,-0.33793103448275863,-0.4827586206896552,0.1103448275862069,-0.5103448275862069,0.07586206896551724,-0.7172413793103448,0.04827586206896552,-0.8758620689655172,0.027586206896551724,-1.0,0.020689655172413793,-0.503448275862069,-0.041379310344827586,-0.7310344827586207,-0.0896551724137931,-0.8689655172413793,-0.1103448275862069,-0.9862068965517241,-0.06206896551724138,-0.4689655172413793,-0.21379310344827587,-0.5517241379310345,-0.2,-0.41379310344827586,-0.1310344827586207,-0.36551724137931035,-0.12413793103448276,-0.4206896551724138,-0.2689655172413793,-0.4482758620689655,-0.2482758620689655,-0.35172413793103446,-0.19310344827586207,-0.30344827586206896
1,0.0,0.0,-0.02877697841726619,-0.14388489208633093,-0.1079136690647482,-0.302158273381295,-0.2302158273381295,-0.39568345323741005,-0.28776978417266186,-0.4748201438848921,0.11510791366906475,-0.5107913669064749,0.08633093525179857,-0.7266187050359713,0.05755395683453238,-0.8705035971223022,0.02877697841726619,-1.0,0.02877697841726619,-0.5107913669064749,-0.007194244604316547,-0.7338129496402878,-0.04316546762589928,-0.8705035971223022,-0.050359712230215826,-1.0,-0.05755395683453238,-0.48201438848920863,-0.19424460431654678,-0.5611510791366906,-0.17985611510791366,-0.4316546762589928,-0.1079136690647482,-0.38848920863309355,-0.1223021582733813,-0.4244604316546763,-0.2517985611510791,-0.4676258992805755,-0.22302158273381295,-0.37410071942446044,-0.17266187050359713,-0.31654676258992803
1,0.0,0.0,0.0,-0.14285714285714285,-0.06015037593984962,-0.3233082706766917,-0.18796992481203006,-0.41353383458646614,-0.24812030075187969,-0.48120300751879697,0.15789473684210525,-0.49624060150375937,0.12781954887218044,-0.7218045112781954,0.11278195488721804,-0.8796992481203008,0.09774436090225563,-1.0,0.06766917293233082,-0.49624060150375937,0.045112781954887216,-0.7293233082706767,0.03007518796992481,-0.8646616541353384,0.045112781954887216,-1.0,-0.022556390977443608,-0.47368421052631576,-0.15789473684210525,-0.556390977443609,-0.15789473684210525,-0.42105263157894735,-0.09022556390977443,-0.37593984962406013,-0.09774436090225563,-0.42105263157894735,-0.23308270676691728,-0.46616541353383456,-0.21804511278195488,-0.3684210526315789,-0.15789473684210525,-0.3157894736842105
1,0.0,0.0,-0.05185185185185185,-0.13333333333333333,-0.13333333333333333,-0.3037037037037037,-0.22962962962962963,-0.4148148148148148,-0.2518518518518518,-0.4888888888888889,0.15555555555555556,-0.4740740740740741,0.1259259259259259,-0.7111111111111111,0.0962962962962963,-0.8666666666666667,0.08148148148148149,-0.9851851851851852,0.08148148148148149,-0.4888888888888889,0.05925925925925926,-0.725925925925926,0.037037037037037035,-0.8814814814814815,0.044444444444444446,-1.0,0.0,-0.4666666666666667,-0.11851851851851852,-0.5777777777777777,-0.14074074074074075,-0.4666666666666667,-0.0962962962962963,-0.4,-0.07407407407407407,-0.42962962962962964,-0.18518518518518517,-0.48148148148148145,-0.18518518518518517,-0.4,-0.15555555555555556,-0.3333333333333333
1,0.0,0.0,-0.1357142857142857,-0.14285714285714285,-0.22857142857142856,-0.32142857142857145,-0.2785714285714286,-0.45,-0.2571428571428571,-0.5071428571428571,0.09285714285714286,-0.4642857142857143,0.05714285714285714,-0.7,0.02857142857142857,-0.8642857142857143,0.014285714285714285,-0.9928571428571429,0.07857142857142857,-0.45714285714285713,0.04285714285714286,-0.7214285714285714,0.007142857142857143,-0.8785714285714286,0.007142857142857143,-1.0,0.05,-0.45,-0.1,-0.5928571428571429,-0.15,-0.4928571428571429,-0.12142857142857143,-0.4142857142857143,0.014285714285714285,-0.42142857142857143,-0.12142857142857143,-0.5071428571428571,-0.15714285714285714,-0.42857142857142855,-0.1357142857142857,-0.35
1,0.0,0.0,-0.19310344827586207,-0.13793103448275862,-0.2896551724137931,-0.3448275862068966,-0.2896551724137931,-0.47586206896551725,-0.25517241379310346,-0.496551724137931,0.04827586206896552,-0.4413793103448276,0.013793103448275862,-0.7034482758620689,-0.020689655172413793,-0.8689655172413793,-0.034482758620689655,-1.0,0.12413793103448276,-0.42758620689655175,-0.07586206896551724,-0.6,-0.1724137931034483,-0.496551724137931,-0.14482758620689656,-0.4068965517241379,0.1310344827586207,-0.43448275862068964,-0.06206896551724138,-0.5793103448275863,-0.14482758620689656,-0.4896551724137931,-0.12413793103448276,-0.41379310344827586,0.1103448275862069,-0.43448275862068964,-0.041379310344827586,-0.5379310344827586,-0.09655172413793103,-0.4827586206896552,-0.0896551724137931,-0.4068965517241379
1,0.0,0.0,-0.1891891891891892,-0.13513513513513514,-0.2905405405405405,-0.34459459459459457,-0.2905405405405405,-0.4864864864864865,-0.25,-0.5067567567567568,0.033783783783783786,-0.46621621621621623,0.0,-0.7162162162162162,-0.02702702702702703,-0.8716216216216216,-0.033783783783783786,-1.0,0.11486486486486487,-0.4391891891891892,-0.08108108108108109,-0.6216216216216216,-0.17567567567567569,-0.5405405405405406,-0.16216216216216217,-0.4527027027027027,0.12162162162162163,-0.4391891891891892,-0.07432432432432433,-0.5878378378378378,-0.14864864864864866,-0.49324324324324326,-0.13513513513513514,-0.42567567567567566,0.10135135135135136,-0.4391891891891892,-0.05405405405405406,-0.5405405405405406,-0.10810810810810811,-0.4797297297297297,-0.10135135135135136,-0.41216216216216217
1,0.0,0.0,-0.2013888888888889,-0.11805555555555555,-0.3055555555555556,-0.3263888888888889,-0.3125,-0.4791666666666667,-0.2777777777777778,-0.5069444444444444,0.013888888888888888,-0.4513888888888889,-0.027777777777777776,-0.7013888888888888,-0.05555555555555555,-0.8680555555555556,-0.0625,-1.0,0.0763888888888889,-0.4583333333333333,-0.006944444444444444,-0.7083333333333334,-0.0763888888888889,-0.8472222222222222,-0.09722222222222222,-0.9444444444444444,0.09027777777777778,-0.4583333333333333,-0.10416666666666667,-0.5972222222222222,-0.1736111111111111,-0.5,-0.16666666666666666,-0.4166666666666667,0.0763888888888889,-0.4513888888888889,-0.09722222222222222,-0.5277777777777778,-0.14583333333333334,-0.4583333333333333,-0.14583333333333334,-0.3819444444444444
1,0.0,0.0,-0.1836734693877551,-0.12244897959183673,-0.2857142857142857,-0.3197278911564626,-0.30612244897959184,-0.46258503401360546,-0.2857142857142857,-0.5102040816326531,0.04081632653061224,-0.4489795918367347,-0.006802721088435374,-0.6938775510204082,-0.047619047619047616,-0.8639455782312925,-0.07482993197278912,-1.0,0.09523809523809523,-0.43537414965986393,-0.1292517006802721,-0.5918367346938775,-0.19727891156462585,-0.4897959183673469,-0.14965986394557823,-0.4013605442176871,0.08843537414965986,-0.43537414965986393,-0.12244897959183673,-0.5714285714285714,-0.1836734693877551,-0.46938775510204084,-0.1360544217687075,-0.40816326530612246,0.061224489795918366,-0.4217687074829932,-0.10884353741496598,-0.5238095238095238,-0.14965986394557823,-0.4557823129251701,-0.1292517006802721,-0.38095238095238093
1,0.0,0.0,-0.035211267605633804,-0.1056338028169014,-0.09859154929577464,-0.2676056338028169,-0.20422535211267606,-0.38028169014084506,-0.24647887323943662,-0.5,0.19014084507042253,-0.45774647887323944,0.18309859154929578,-0.6901408450704225,0.176056338028169,-0.8450704225352113,0.176056338028169,-0.9788732394366197,0.09859154929577464,-0.47183098591549294,0.06338028169014084,-0.7183098591549296,0.028169014084507043,-0.8661971830985915,0.028169014084507043,-1.0,0.007042253521126761,-0.4647887323943662,-0.1267605633802817,-0.5563380281690141,-0.14084507042253522,-0.4295774647887324,-0.08450704225352113,-0.3732394366197183,-0.07042253521126761,-0.44366197183098594,-0.20422535211267606,-0.47183098591549294,-0.20422535211267606,-0.36619718309859156,-0.1619718309859155,-0.30985915492957744
1,0.0,0.0,0.04827586206896552,-0.1310344827586207,0.020689655172413793,-0.3103448275862069,-0.11724137931034483,-0.43448275862068964,-0.20689655172413793,-0.5103448275862069,0.22758620689655173,-0.46206896551724136,0.2413793103448276,-0.7034482758620689,0.2482758620689655,-0.8620689655172413,0.2620689655172414,-0.9862068965517241,0.1103448275862069,-0.4827586206896552,0.08275862068965517,-0.7172413793103448,0.041379310344827586,-0.8689655172413793,0.034482758620689655,-1.0,0.0,-0.45517241379310347,-0.09655172413793103,-0.5586206896551724,-0.10344827586206896,-0.43448275862068964,-0.06206896551724138,-0.3724137931034483,-0.09655172413793103,-0.4068965517241379,-0.18620689655172415,-0.4827586206896552,-0.18620689655172415,-0.4,-0.14482758620689656,-0.3448275862068966
1,0.0,0.0,0.1393939393939394,-0.13333333333333333,0.1696969696969697,-0.3090909090909091,0.07272727272727272,-0.41818181818181815,-0.030303030303030304,-0.4727272727272727,0.07878787878787878,-0.509090909090909,0.10909090909090909,-0.7212121212121212,0.12121212121212122,-0.8484848484848485,0.12121212121212122,-0.9636363636363636,-0.03636363636363636,-0.509090909090909,-0.07878787878787878,-0.7333333333333333,-0.10303030303030303,-0.8787878787878788,-0.12727272727272726,-1.0,-0.13333333333333333,-0.46060606060606063,-0.15151515151515152,-0.6121212121212121,-0.07878787878787878,-0.5272727272727272,-0.04242424242424243,-0.43636363636363634,-0.20606060606060606,-0.37575757575757573,-0.2,-0.509090909090909,-0.13333333333333333,-0.4666666666666667,-0.08484848484848485,-0.3939393939393939
1,0.0,0.0,0.13095238095238096,-0.13690476190476192,0.17857142857142858,-0.31547619047619047,0.10119047619047619,-0.42857142857142855,0.0,-0.4880952380952381,0.05952380952380952,-0.5178571428571429,0.08928571428571429,-0.7261904761904762,0.09523809523809523,-0.8571428571428571,0.09523809523809523,-0.9702380952380952,-0.05357142857142857,-0.5059523809523809,-0.10119047619047619,-0.7380952380952381,-0.11904761904761904,-0.8869047619047619,-0.13690476190476192,-1.0,-0.14285714285714285,-0.4523809523809524,-0.16071428571428573,-0.625,-0.07738095238095238,-0.5476190476190477,-0.02976190476190476,-0.4523809523809524,-0.21428571428571427,-0.36904761904761907,-0.19642857142857142,-0.5,-0.1130952380952381,-0.47023809523809523,-0.05952380952380952,-0.40476190476190477
1,0.0,0.0,0.12571428571428572,-0.13714285714285715,0.17714285714285713,-0.32,0.12,-0.44571428571428573,0.017142857142857144,-0.5085714285714286,0.017142857142857144,-0.5257142857142857,0.02857142857142857,-0.7371428571428571,0.02857142857142857,-0.8628571428571429,0.022857142857142857,-0.9771428571428571,-0.08571428571428572,-0.5142857142857142,-0.13714285714285715,-0.7485714285714286,-0.14285714285714285,-0.8914285714285715,-0.1657142857142857,-1.0,-0.17142857142857143,-0.45714285714285713,-0.1657142857142857,-0.6171428571428571,-0.05714285714285714,-0.5314285714285715,-0.005714285714285714,-0.4342857142857143,-0.22285714285714286,-0.3657142857142857,-0.1657142857142857,-0.4857142857142857,-0.06285714285714286,-0.44571428571428573,-0.005714285714285714,-0.37714285714285717
1,0.0,0.0,0.13513513513513514,-0.15675675675675677,0.1891891891891892,-0.34054054054054056,0.1891891891891892,-0.4756756756756757,0.10270270270270271,-0.5081081081081081,-0.04864864864864865,-0.5351351351351351,-0.010810810810810811,-0.7405405405405405,-0.005405405405405406,-0.8648648648648649,-0.010810810810810811,-0.972972972972973,-0.13513513513513514,-0.5027027027027027,-0.12432432432432433,-0.7351351351351352,-0.10270270270270271,-0.8810810810810811,-0.10810810810810811,-1.0,-0.1837837837837838,-0.43783783783783786,-0.08108108108108109,-0.6162162162162163,0.03783783783783784,-0.5459459459459459,0.08108108108108109,-0.4702702702702703,-0.1837837837837838,-0.35135135135135137,-0.05405405405405406,-0.4918918918918919,0.043243243243243246,-0.4756756756756757,0.0972972972972973,-0.43243243243243246
1,0.0,0.0,0.1657754010695187,-0.19786096256684493,0.21390374331550802,-0.3689839572192513,0.25133689839572193,-0.48128342245989303,0.20320855614973263,-0.5080213903743316,-0.09090909090909091,-0.5454545454545454,-0.0213903743315508,-0.7272727272727273,0.0,-0.8609625668449198,0.0,-0.9679144385026738,-0.13903743315508021,-0.5080213903743316,-0.0748663101604278,-0.7433155080213903,-0.0213903743315508,-0.8877005347593583,0.0,-1.0,-0.1443850267379679,-0.44385026737967914,0.0213903743315508,-0.6256684491978609,0.13903743315508021,-0.5561497326203209,0.17647058823529413,-0.47593582887700536,-0.0855614973262032,-0.36363636363636365,0.06951871657754011,-0.5080213903743316,0.15508021390374332,-0.47593582887700536,0.19786096256684493,-0.42245989304812837
1,0.0,0.0,0.1794871794871795,-0.18974358974358974,0.23076923076923078,-0.3487179487179487,0.2717948717948718,-0.46153846153846156,0.26153846153846155,-0.5128205128205128,-0.07179487179487179,-0.5435897435897435,0.010256410256410256,-0.7230769230769231,0.05128205128205128,-0.8564102564102564,0.07179487179487179,-0.9641025641025641,-0.1076923076923077,-0.5025641025641026,-0.015384615384615385,-0.7384615384615385,0.05128205128205128,-0.882051282051282,0.08205128205128205,-1.0,-0.08717948717948718,-0.4358974358974359,0.08717948717948718,-0.6358974358974359,0.2,-0.5538461538461539,0.2205128205128205,-0.4717948717948718,-0.010256410256410256,-0.3641025641025641,0.16923076923076924,-0.5076923076923077,0.24102564102564103,-0.4666666666666667,0.2564102564102564,-0.40512820512820513
1,0.0,0.0,0.1761904761904762,-0.18095238095238095,0.22380952380952382,-0.3333333333333333,0.2857142857142857,-0.4523809523809524,0.3380952380952381,-0.5047619047619047,-0.047619047619047616,-0.5333333333333333,0.023809523809523808,-0.7285714285714285,0.0761904761904762,-0.861904761904762,0.09523809523809523,-0.9714285714285714,-0.06666666666666667,-0.49523809523809526,0.03333333333333333,-0.7428571428571429,0.11904761904761904,-0.8857142857142857,0.17142857142857143,-1.0,-0.02857142857142857,-0.4238095238095238,0.16666666666666666,-0.6238095238095238,0.2619047619047619,-0.5380952380952381,0.2571428571428571,-0.4523809523809524,0.06190476190476191,-0.3523809523809524,0.2523809523809524,-0.49523809523809526,0.30952380952380953,-0.44761904761904764,0.29523809523809524,-0.38095238095238093
1,0.0,0.0,0.15137614678899083,-0.1743119266055046,0.22018348623853212,-0.3211009174311927,0.3119266055045872,-0.44495412844036697,0.3853211009174312,-0.5045871559633027,-0.03669724770642202,-0.5321100917431193,0.045871559633027525,-0.7431192660550459,0.10091743119266056,-0.8761467889908257,0.12844036697247707,-0.9862385321100917,-0.03669724770642202,-0.4908256880733945,0.09174311926605505,-0.7339449541284404,0.18807339449541285,-0.8807339449541285,0.24311926605504589,-1.0,0.013761467889908258,-0.41743119266055045,0.22018348623853212,-0.6146788990825688,0.2981651376146789,-0.5229357798165137,0.29357798165137616,-0.44036697247706424,0.10550458715596331,-0.3394495412844037,0.2981651376146789,-0.48623853211009177,0.3532110091743119,-0.44036697247706424,0.3532110091743119,-0.3853211009174312
1,0.0,0.0,0.05357142857142857,-0.20089285714285715,0.13392857142857142,-0.36607142857142855,0.26785714285714285,-0.4642857142857143,0.39285714285714285,-0.49107142857142855,-0.03125,-0.5446428571428571,0.0625,-0.7544642857142857,0.11607142857142858,-0.8839285714285714,0.14732142857142858,-0.9866071428571429,0.004464285714285714,-0.5,0.12946428571428573,-0.7410714285714286,0.22321428571428573,-0.8883928571428571,0.2857142857142857,-1.0,0.05803571428571429,-0.41964285714285715,0.26339285714285715,-0.6205357142857143,0.32142857142857145,-0.5267857142857143,0.3125,-0.45089285714285715,0.15625,-0.33482142857142855,0.34375,-0.48660714285714285,0.38839285714285715,-0.4330357142857143,0.375,-0.375
1,0.0,0.0,0.06278026905829596,-0.21524663677130046,0.13452914798206278,-0.36771300448430494,0.2600896860986547,-0.4663677130044843,0.38565022421524664,-0.5067264573991032,-0.04035874439461883,-0.5515695067264574,0.053811659192825115,-0.757847533632287,0.1031390134529148,-0.8834080717488789,0.13452914798206278,-0.9820627802690582,0.008968609865470852,-0.5022421524663677,0.13004484304932734,-0.7443946188340808,0.21973094170403587,-0.8878923766816144,0.27802690582959644,-1.0,0.06726457399103139,-0.4304932735426009,0.2556053811659193,-0.6233183856502242,0.31390134529147984,-0.5201793721973094,0.30493273542600896,-0.4439461883408072,0.17040358744394618,-0.34977578475336324,0.336322869955157,-0.49327354260089684,0.37668161434977576,-0.4349775784753363,0.36771300448430494,-0.3721973094170404
1,0.0,0.0,0.05627705627705628,-0.22077922077922077,0.12554112554112554,-0.3722943722943723,0.2554112554112554,-0.47186147186147187,0.3852813852813853,-0.5108225108225108,-0.04329004329004329,-0.5541125541125541,0.047619047619047616,-0.7575757575757576,0.09523809523809523,-0.8831168831168831,0.12554112554112554,-0.987012987012987,0.008658008658008658,-0.5064935064935064,0.12987012987012986,-0.7445887445887446,0.22077922077922077,-0.8917748917748918,0.2813852813852814,-1.0,0.06926406926406926,-0.42857142857142855,0.26406926406926406,-0.6277056277056277,0.3246753246753247,-0.5367965367965368,0.3203463203463203,-0.46320346320346323,0.17316017316017315,-0.3463203463203463,0.341991341991342,-0.49783549783549785,0.3939393939393939,-0.45021645021645024,0.38961038961038963,-0.39826839826839827
1,0.0,0.0,0.0,-0.2320675105485232,0.06329113924050633,-0.39662447257383965,0.189873417721519,-0.5063291139240507,0.31645569620253167,-0.569620253164557,-0.05063291139240506,-0.5485232067510548,0.04219409282700422,-0.759493670886076,0.09282700421940929,-0.890295358649789,0.12236286919831224,-0.9915611814345991,0.008438818565400843,-0.5021097046413502,0.14345991561181434,-0.7468354430379747,0.23628691983122363,-0.890295358649789,0.29957805907172996,-1.0,0.08016877637130802,-0.43037974683544306,0.27848101265822783,-0.6244725738396625,0.3333333333333333,-0.540084388185654,0.32489451476793246,-0.46835443037974683,0.189873417721519,-0.3459915611814346,0.3628691983122363,-0.4936708860759494,0.41350210970464135,-0.45569620253164556,0.4050632911392405,-0.4092827004219409
1,0.0,0.0,-0.008333333333333333,-0.225,0.05416666666666667,-0.39166666666666666,0.17916666666666667,-0.5041666666666667,0.31666666666666665,-0.5583333333333333,-0.0625,-0.5375,0.03333333333333333,-0.7583333333333333,0.08333333333333333,-0.8875,0.1125,-0.9916666666666667,-0.004166666666666667,-0.49583333333333335,0.1375,-0.7416666666666667,0.23333333333333334,-0.8916666666666667,0.2916666666666667,-1.0,0.075,-0.425,0.2708333333333333,-0.625,0.3333333333333333,-0.5416666666666666,0.3333333333333333,-0.4666666666666667,0.17916666666666667,-0.3458333333333333,0.35,-0.49583333333333335,0.4,-0.45,0.4041666666666667,-0.4041666666666667
1,0.0,0.0,-0.06224066390041494,-0.22821576763485477,-0.03734439834024896,-0.3983402489626556,0.04564315352697095,-0.5311203319502075,0.14937759336099585,-0.6058091286307054,-0.08713692946058091,-0.5311203319502075,0.004149377593360996,-0.7551867219917012,0.05394190871369295,-0.8879668049792531,0.07883817427385892,-0.995850622406639,-0.012448132780082987,-0.4979253112033195,0.13278008298755187,-0.7510373443983402,0.22406639004149378,-0.9004149377593361,0.27800829875518673,-1.0,0.07883817427385892,-0.43983402489626555,0.26556016597510373,-0.6390041493775933,0.3153526970954357,-0.5560165975103735,0.31950207468879666,-0.47717842323651455,0.1908713692946058,-0.3651452282157676,0.34854771784232363,-0.5062240663900415,0.3817427385892116,-0.44813278008298757,0.3651452282157676,-0.3900414937759336
1,0.0,0.0,-0.06198347107438017,-0.2396694214876033,-0.03305785123966942,-0.4090909090909091,0.05371900826446281,-0.5413223140495868,0.15702479338842976,-0.6239669421487604,-0.09917355371900827,-0.5371900826446281,-0.02066115702479339,-0.756198347107438,0.01652892561983471,-0.8842975206611571,0.0371900826446281,-0.9917355371900827,-0.012396694214876033,-0.5082644628099173,0.11570247933884298,-0.756198347107438,0.2066115702479339,-0.9008264462809917,0.256198347107438,-1.0,0.09090909090909091,-0.45041322314049587,0.256198347107438,-0.6446280991735537,0.29338842975206614,-0.5702479338842975,0.2809917355371901,-0.5,0.21074380165289255,-0.3760330578512397,0.34297520661157027,-0.512396694214876,0.3512396694214876,-0.4628099173553719,0.3305785123966942,-0.4049586776859504
1,0.0,0.0,-0.10931174089068826,-0.22267206477732793,-0.10526315789473684,-0.38461538461538464,-0.04048582995951417,-0.5222672064777328,0.05668016194331984,-0.5991902834008097,-0.1417004048582996,-0.5141700404858299,-0.08097165991902834,-0.7449392712550608,-0.05668016194331984,-0.8825910931174089,-0.04048582995951417,-0.9878542510121457,-0.044534412955465584,-0.5060728744939271,0.07692307692307693,-0.7611336032388664,0.14979757085020243,-0.9068825910931174,0.19433198380566802,-1.0,0.06882591093117409,-0.46153846153846156,0.21862348178137653,-0.6477732793522267,0.242914979757085,-0.5789473684210527,0.22672064777327935,-0.5101214574898786,0.1902834008097166,-0.38866396761133604,0.3117408906882591,-0.5222672064777328,0.3117408906882591,-0.46963562753036436,0.2793522267206478,-0.4089068825910931
1,0.0,0.0,-0.11553784860557768,-0.21115537848605578,-0.11553784860557768,-0.3745019920318725,-0.05179282868525897,-0.5139442231075697,0.043824701195219126,-0.5936254980079682,-0.15139442231075698,-0.50199203187251,-0.10358565737051793,-0.7370517928286853,-0.08366533864541832,-0.8725099601593626,-0.06772908366533864,-0.9800796812749004,-0.055776892430278883,-0.4860557768924303,0.05179282868525897,-0.749003984063745,0.11952191235059761,-0.900398406374502,0.1593625498007968,-1.0,0.055776892430278883,-0.44621513944223107,0.199203187250996,-0.6454183266932271,0.2151394422310757,-0.5816733067729084,0.19123505976095617,-0.5139442231075697,0.1752988047808765,-0.38247011952191234,0.2908366533864542,-0.5298804780876494,0.2868525896414343,-0.4820717131474104,0.250996015936255,-0.4262948207171315
1,0.0,0.0,-0.12653061224489795,-0.20408163265306123,-0.1346938775510204,-0.3836734693877551,-0.044897959183673466,-0.5102040816326531,0.061224489795918366,-0.5673469387755102,-0.16326530612244897,-0.49387755102040815,-0.12244897959183673,-0.7306122448979592,-0.10612244897959183,-0.8693877551020408,-0.09795918367346938,-0.9755102040816327,-0.05714285714285714,-0.4897959183673469,0.04081632653061224,-0.7510204081632653,0.10204081632653061,-0.8979591836734694,0.13877551020408163,-1.0,0.061224489795918366,-0.4530612244897959,0.2,-0.6571428571428571,0.20408163265306123,-0.5877551020408164,0.17142857142857143,-0.5142857142857142,0.1836734693877551,-0.39183673469387753,0.2897959183673469,-0.5387755102040817,0.27755102040816326,-0.4897959183673469,0.24081632653061225,-0.42857142857142855
1,0.0,0.0,-0.13580246913580246,-0.20164609053497942,-0.13991769547325103,-0.38271604938271603,-0.05761316872427984,-0.5061728395061729,0.04938271604938271,-0.5596707818930041,-0.16049382716049382,-0.49382716049382713,-0.14814814814814814,-0.7283950617283951,-0.1440329218106996,-0.8683127572016461,-0.13580246913580246,-0.9711934156378601,-0.0411522633744856,-0.49382716049382713,0.03292181069958848,-0.7530864197530864,0.07818930041152264,-0.9053497942386831,0.1111111111111111,-1.0,0.08641975308641975,-0.4609053497942387,0.18518518518518517,-0.6502057613168725,0.16872427983539096,-0.6049382716049383,0.13991769547325103,-0.5349794238683128,0.20164609053497942,-0.3950617283950617,0.2757201646090535,-0.5390946502057613,0.25102880658436216,-0.5102880658436214,0.21810699588477367,-0.45267489711934156
1,0.0,0.0,-0.14225941422594143,-0.20502092050209206,-0.14225941422594143,-0.3682008368200837,-0.058577405857740586,-0.48535564853556484,0.04602510460251046,-0.5355648535564853,-0.18410041841004185,-0.49372384937238495,-0.17573221757322174,-0.7322175732217573,-0.1799163179916318,-0.8702928870292888,-0.17154811715481172,-0.9790794979079498,-0.0502092050209205,-0.5146443514644351,0.008368200836820083,-0.7573221757322176,0.0502092050209205,-0.9037656903765691,0.08786610878661087,-1.0,0.0794979079497908,-0.4895397489539749,0.16317991631799164,-0.6485355648535565,0.1506276150627615,-0.5983263598326359,0.12552301255230125,-0.5230125523012552,0.19665271966527198,-0.4309623430962343,0.2301255230125523,-0.5313807531380753,0.21338912133891214,-0.5062761506276151,0.19665271966527198,-0.4560669456066946
1,0.0,0.0,-0.13596491228070176,-0.20614035087719298,-0.13157894736842105,-0.39035087719298245,-0.039473684210526314,-0.5,0.07456140350877193,-0.5482456140350878,-0.14035087719298245,-0.5,-0.10964912280701754,-0.7412280701754386,-0.09649122807017543,-0.881578947368421,-0.07456140350877193,-0.9824561403508771,-0.013157894736842105,-0.5,0.07456140350877193,-0.7587719298245614,0.12719298245614036,-0.9035087719298246,0.17105263157894737,-1.0,0.11842105263157894,-0.4605263157894737,0.22807017543859648,-0.6535087719298246,0.20614035087719298,-0.6052631578947368,0.17105263157894737,-0.5307017543859649,0.2324561403508772,-0.39035087719298245,0.2894736842105263,-0.5219298245614035,0.2631578947368421,-0.49122807017543857,0.2324561403508772,-0.43859649122807015
1,0.0,0.0,-0.11711711711711711,-0.22072072072072071,-0.1036036036036036,-0.4009009009009009,0.0,-0.5180180180180181,0.11261261261261261,-0.5630630630630631,-0.0990990990990991,-0.5180180180180181,-0.04954954954954955,-0.7522522522522522,-0.02252252252252252,-0.8873873873873874,-0.0045045045045045045,-0.990990990990991,0.02702702702702703,-0.5045045045045045,0.13963963963963963,-0.7567567567567568,0.1981981981981982,-0.9009009009009009,0.24324324324324326,-1.0,0.15315315315315314,-0.45495495495495497,0.27927927927927926,-0.6486486486486487,0.25675675675675674,-0.5900900900900901,0.21171171171171171,-0.5135135135135135,0.26576576576576577,-0.36936936936936937,0.33783783783783783,-0.509009009009009,0.3108108108108108,-0.47297297297297297,0.2702702702702703,-0.4144144144144144
1,0.0,0.0,-0.0787037037037037,-0.23148148148148148,-0.046296296296296294,-0.4166666666666667,0.06018518518518518,-0.5370370370370371,0.18518518518518517,-0.5879629629629629,-0.05092592592592592,-0.5324074074074074,0.037037037037037035,-0.7592592592592593,0.08796296296296297,-0.8935185185185185,0.12037037037037036,-1.0,0.05092592592592592,-0.5046296296296297,0.2037037037037037,-0.75,0.2962962962962963,-0.8888888888888888,0.35185185185185186,-0.9861111111111112,0.1574074074074074,-0.4351851851851852,0.33796296296296297,-0.6296296296296297,0.3333333333333333,-0.5462962962962963,0.2962962962962963,-0.4722222222222222,0.26851851851851855,-0.3472222222222222,0.4027777777777778,-0.4861111111111111,0.3888888888888889,-0.4305555555555556,0.3472222222222222,-0.37037037037037035
1,0.0,0.0,-0.07729468599033816,-0.22705314009661837,-0.05314009661835749,-0.41545893719806765,0.04830917874396135,-0.5265700483091788,0.17391304347826086,-0.5797101449275363,-0.057971014492753624,-0.5314009661835749,0.043478260869565216,-0.7632850241545893,0.0966183574879227,-0.8985507246376812,0.12560386473429952,-1.0,0.03864734299516908,-0.5024154589371981,0.19806763285024154,-0.748792270531401,0.2898550724637681,-0.8888888888888888,0.3526570048309179,-0.9855072463768116,0.14009661835748793,-0.43478260869565216,0.3333333333333333,-0.6280193236714976,0.34299516908212563,-0.5362318840579711,0.30917874396135264,-0.45893719806763283,0.2463768115942029,-0.34782608695652173,0.40096618357487923,-0.48792270531400966,0.3961352657004831,-0.4251207729468599,0.357487922705314,-0.3671497584541063
1,0.0,0.0,-0.0845771144278607,-0.22885572139303484,-0.04975124378109453,-0.4129353233830846,0.05970149253731343,-0.527363184079602,0.1890547263681592,-0.572139303482587,-0.05970149253731343,-0.5373134328358209,0.03482587064676617,-0.7611940298507462,0.08955223880597014,-0.8955223880597015,0.11940298507462686,-1.0,0.03980099502487562,-0.5124378109452736,0.19900497512437812,-0.7512437810945274,0.2885572139303483,-0.8905472636815921,0.3482587064676617,-0.9900497512437811,0.14925373134328357,-0.44776119402985076,0.3283582089552239,-0.6268656716417911,0.3333333333333333,-0.5422885572139303,0.29850746268656714,-0.46766169154228854,0.25870646766169153,-0.3582089552238806,0.39800995024875624,-0.48756218905472637,0.3880597014925373,-0.42786069651741293,0.3482587064676617,-0.3681592039800995
1,0.0,0.0,-0.07106598984771574,-0.2233502538071066,-0.015228426395939087,-0.41116751269035534,0.116751269035533,-0.5126903553299492,0.24873096446700507,-0.5380710659898477,-0.03553299492385787,-0.5329949238578681,0.06091370558375635,-0.7614213197969543,0.116751269035533,-0.8984771573604061,0.15228426395939088,-1.0,0.06598984771573604,-0.5025380710659898,0.2182741116751269,-0.7360406091370558,0.3147208121827411,-0.8730964467005076,0.38578680203045684,-0.9796954314720813,0.17766497461928935,-0.43147208121827413,0.350253807106599,-0.6040609137055838,0.37055837563451777,-0.5329949238578681,0.350253807106599,-0.45685279187817257,0.28426395939086296,-0.3350253807106599,0.4263959390862944,-0.4517766497461929,0.4720812182741117,-0.4416243654822335,0.48223350253807107,-0.4213197969543147
1,0.0,0.0,-0.06818181818181818,-0.20909090909090908,-0.02727272727272727,-0.4,0.1,-0.509090909090909,0.21818181818181817,-0.55,-0.06818181818181818,-0.5,0.02727272727272727,-0.75,0.09090909090909091,-0.8909090909090909,0.1318181818181818,-1.0,0.00909090909090909,-0.45454545454545453,0.16363636363636364,-0.7227272727272728,0.2636363636363636,-0.8727272727272727,0.33636363636363636,-0.9818181818181818,0.10909090909090909,-0.38181818181818183,0.3090909090909091,-0.6,0.3409090909090909,-0.5363636363636364,0.31363636363636366,-0.4590909090909091,0.22272727272727272,-0.29545454545454547,0.39090909090909093,-0.4590909090909091,0.4,-0.4409090909090909,0.36363636363636365,-0.4
1,0.0,0.0,0.12105263157894737,-0.21578947368421053,0.15789473684210525,-0.47368421052631576,0.1368421052631579,-0.6947368421052632,0.09473684210526316,-0.8578947368421053,0.1368421052631579,-0.5789473684210527,-0.042105263157894736,-0.868421052631579,-0.18421052631578946,-0.968421052631579,-0.28421052631578947,-1.0,0.015789473684210527,-0.5210526315789473,-0.18421052631578946,-0.8368421052631579,-0.3157894736842105,-0.9263157894736842,-0.4052631578947368,-0.9578947368421052,-0.12631578947368421,-0.4421052631578947,-0.3526315789473684,-0.7,-0.4,-0.6526315789473685,-0.38421052631578945,-0.5736842105263158,-0.2736842105263158,-0.3473684210526316,-0.4473684210526316,-0.5368421052631579,-0.4631578947368421,-0.5157894736842106,-0.4263157894736842,-0.46842105263157896
1,0.0,0.0,0.09852216748768473,-0.21182266009852216,0.06896551724137931,-0.39901477832512317,-0.03940886699507389,-0.4975369458128079,-0.15763546798029557,-0.5221674876847291,0.024630541871921183,-0.5024630541871922,-0.04926108374384237,-0.7438423645320197,-0.09359605911330049,-0.8866995073891626,-0.12807881773399016,-1.0,-0.10837438423645321,-0.46798029556650245,-0.2512315270935961,-0.7044334975369458,-0.33497536945812806,-0.8423645320197044,-0.39901477832512317,-0.9359605911330049,-0.2315270935960591,-0.39901477832512317,-0.35467980295566504,-0.5369458128078818,-0.3103448275862069,-0.47783251231527096,-0.2660098522167488,-0.4088669950738916,-0.33004926108374383,-0.3103448275862069,-0.39408866995073893,-0.4187192118226601,-0.3497536945812808,-0.37438423645320196,-0.3054187192118227,-0.32019704433497537
1,0.0,0.0,0.095,-0.21,0.065,-0.395,-0.055,-0.485,-0.175,-0.5,0.015,-0.51,-0.05,-0.745,-0.095,-0.895,-0.13,-1.0,-0.12,-0.475,-0.265,-0.715,-0.345,-0.855,-0.405,-0.955,-0.24,-0.415,-0.36,-0.535,-0.32,-0.47,-0.275,-0.4,-0.34,-0.33,-0.405,-0.42,-0.365,-0.375,-0.325,-0.32
1,0.0,0.0,0.0975609756097561,-0.2146341463414634,0.06341463414634146,-0.4,-0.05853658536585366,-0.4878048780487805,-0.17560975609756097,-0.4975609756097561,0.024390243902439025,-0.5024390243902439,-0.04878048780487805,-0.7463414634146341,-0.09268292682926829,-0.8926829268292683,-0.13170731707317074,-1.0,-0.1073170731707317,-0.47317073170731705,-0.25365853658536586,-0.7170731707317073,-0.33658536585365856,-0.8585365853658536,-0.4,-0.9609756097560975,-0.23414634146341465,-0.4097560975609756,-0.35609756097560974,-0.5463414634146342,-0.3121951219512195,-0.48292682926829267,-0.2682926829268293,-0.4146341463414634,-0.33658536585365856,-0.32682926829268294,-0.40487804878048783,-0.43414634146341463,-0.36585365853658536,-0.3902439024390244,-0.32682926829268294,-0.34146341463414637
1,0.0,0.0,0.0821917808219178,-0.2054794520547945,0.0410958904109589,-0.4018264840182648,-0.0684931506849315,-0.502283105022831,-0.1917808219178082,-0.5159817351598174,0.0319634703196347,-0.4977168949771689,-0.0410958904109589,-0.7442922374429224,-0.0867579908675799,-0.8858447488584474,-0.1232876712328767,-1.0,-0.0958904109589041,-0.4520547945205479,-0.2420091324200913,-0.7077625570776256,-0.3287671232876712,-0.8538812785388128,-0.4018264840182648,-0.9634703196347032,-0.2237442922374429,-0.3835616438356164,-0.3561643835616438,-0.54337899543379,-0.3150684931506849,-0.4794520547945205,-0.2694063926940639,-0.4063926940639269,-0.3287671232876712,-0.2968036529680365,-0.4018264840182648,-0.4200913242009132,-0.3607305936073059,-0.3698630136986301,-0.319634703196347,-0.3150684931506849
1,0.0,0.0,0.08296943231441048,-0.1965065502183406,0.0611353711790393,-0.39737991266375544,-0.039301310043668124,-0.519650655021834,-0.1572052401746725,-0.5633187772925764,0.034934497816593885,-0.4847161572052402,-0.034934497816593885,-0.7379912663755459,-0.07860262008733625,-0.8864628820960698,-0.11790393013100436,-1.0,-0.09170305676855896,-0.4410480349344978,-0.2445414847161572,-0.7030567685589519,-0.32751091703056767,-0.851528384279476,-0.39737991266375544,-0.9606986899563319,-0.21397379912663755,-0.3624454148471616,-0.35807860262008734,-0.5414847161572053,-0.314410480349345,-0.47161572052401746,-0.2663755458515284,-0.39737991266375544,-0.314410480349345,-0.2794759825327511,-0.4017467248908297,-0.4148471615720524,-0.35807860262008734,-0.36681222707423583,-0.31877729257641924,-0.31004366812227074
1,0.0,0.0,0.08823529411764706,-0.19747899159663865,0.0546218487394958,-0.4117647058823529,-0.0546218487394958,-0.5378151260504201,-0.16806722689075632,-0.5840336134453782,0.03361344537815126,-0.49159663865546216,-0.05042016806722689,-0.7394957983193278,-0.10504201680672269,-0.8865546218487395,-0.15126050420168066,-1.0,-0.10084033613445378,-0.44537815126050423,-0.25630252100840334,-0.7100840336134454,-0.3403361344537815,-0.8613445378151261,-0.4117647058823529,-0.9705882352941176,-0.226890756302521,-0.3739495798319328,-0.3697478991596639,-0.5630252100840336,-0.3277310924369748,-0.5042016806722689,-0.2857142857142857,-0.4327731092436975,-0.3319327731092437,-0.2857142857142857,-0.41596638655462187,-0.44537815126050423,-0.3739495798319328,-0.40336134453781514,-0.33613445378151263,-0.3445378151260504
1,0.0,0.0,0.09055118110236221,-0.19291338582677164,0.07086614173228346,-0.4094488188976378,-0.023622047244094488,-0.5511811023622047,-0.1377952755905512,-0.6141732283464567,0.051181102362204724,-0.4921259842519685,-0.051181102362204724,-0.7401574803149606,-0.11023622047244094,-0.8858267716535433,-0.16141732283464566,-1.0,-0.07480314960629922,-0.4448818897637795,-0.23622047244094488,-0.7047244094488189,-0.3228346456692913,-0.8503937007874016,-0.38976377952755903,-0.9606299212598425,-0.1968503937007874,-0.3700787401574803,-0.36220472440944884,-0.562992125984252,-0.3346456692913386,-0.5,-0.29133858267716534,-0.4251968503937008,-0.30708661417322836,-0.2795275590551181,-0.4094488188976378,-0.4330708661417323,-0.3779527559055118,-0.38188976377952755,-0.3346456692913386,-0.3188976377952756
1,0.0,0.0,0.07368421052631578,-0.19298245614035087,0.04912280701754386,-0.37894736842105264,-0.05964912280701754,-0.48771929824561405,-0.16842105263157894,-0.5228070175438596,0.021052631578947368,-0.4807017543859649,-0.017543859649122806,-0.7192982456140351,-0.031578947368421054,-0.8807017543859649,-0.03508771929824561,-1.0,-0.0912280701754386,-0.4421052631578947,-0.24210526315789474,-0.6877192982456141,-0.3333333333333333,-0.8350877192982457,-0.4070175438596491,-0.9368421052631579,-0.2,-0.37894736842105264,-0.37894736842105264,-0.519298245614035,-0.3543859649122807,-0.47017543859649125,-0.3087719298245614,-0.41403508771929826,-0.2912280701754386,-0.29473684210526313,-0.4,-0.41403508771929826,-0.3684210526315789,-0.3684210526315789,-0.32280701754385965,-0.3192982456140351
1,0.0,0.0,0.03571428571428571,-0.21071428571428572,-0.025,-0.3964285714285714,-0.15714285714285714,-0.475,-0.2785714285714286,-0.48214285714285715,-0.05357142857142857,-0.48214285714285715,-0.08928571428571429,-0.7142857142857143,-0.1,-0.875,-0.09642857142857143,-1.0,-0.15714285714285714,-0.4357142857142857,-0.34285714285714286,-0.6607142857142857,-0.45,-0.7928571428571428,-0.5321428571428571,-0.8964285714285715,-0.25357142857142856,-0.3607142857142857,-0.45357142857142857,-0.46785714285714286,-0.42142857142857143,-0.40714285714285714,-0.3678571428571429,-0.3535714285714286,-0.3357142857142857,-0.275,-0.46785714285714286,-0.36428571428571427,-0.43214285714285716,-0.3107142857142857,-0.37857142857142856,-0.2714285714285714
1,0.0,0.0,0.00749063670411985,-0.20973782771535582,-0.06741573033707865,-0.38202247191011235,-0.20599250936329588,-0.4606741573033708,-0.3295880149812734,-0.47191011235955055,-0.10861423220973783,-0.4868913857677903,-0.15355805243445692,-0.7116104868913857,-0.16853932584269662,-0.8726591760299626,-0.1797752808988764,-1.0,-0.1947565543071161,-0.4344569288389513,-0.42696629213483145,-0.6217228464419475,-0.5468164794007491,-0.7415730337078652,-0.6404494382022472,-0.8426966292134831,-0.27340823970037453,-0.352059925093633,-0.5131086142322098,-0.39325842696629215,-0.4794007490636704,-0.32209737827715357,-0.41947565543071164,-0.2696629213483146,-0.3408239700374532,-0.250936329588015,-0.5131086142322098,-0.29213483146067415,-0.4756554307116105,-0.23220973782771537,-0.4157303370786517,-0.20224719101123595
1,0.0,0.0,-0.0321285140562249,-0.20883534136546184,-0.13253012048192772,-0.37751004016064255,-0.285140562248996,-0.42971887550200805,-0.40562248995983935,-0.41767068273092367,-0.1646586345381526,-0.4819277108433735,-0.23694779116465864,-0.7028112449799196,-0.26907630522088355,-0.8674698795180723,-0.285140562248996,-1.0,-0.23293172690763053,-0.42570281124497994,-0.4979919678714859,-0.5823293172690763,-0.6305220883534136,-0.6907630522088354,-0.7349397590361446,-0.7871485943775101,-0.2971887550200803,-0.3293172690763052,-0.5742971887550201,-0.3333333333333333,-0.5461847389558233,-0.24899598393574296,-0.4819277108433735,-0.20080321285140562,-0.357429718875502,-0.21686746987951808,-0.5582329317269076,-0.21285140562248997,-0.5220883534136547,-0.1566265060240964,-0.4578313253012048,-0.13654618473895583
1,0.0,0.0,-0.05508474576271186,-0.21610169491525424,-0.17372881355932204,-0.3813559322033898,-0.3389830508474576,-0.4364406779661017,-0.4661016949152542,-0.4279661016949153,-0.22033898305084745,-0.4830508474576271,-0.3135593220338983,-0.6991525423728814,-0.3559322033898305,-0.864406779661017,-0.3813559322033898,-1.0,-0.2754237288135593,-0.4152542372881356,-0.559322033898305,-0.5550847457627118,-0.7161016949152542,-0.652542372881356,-0.8347457627118644,-0.7372881355932204,-0.326271186440678,-0.3050847457627119,-0.614406779661017,-0.2796610169491525,-0.5805084745762712,-0.19915254237288135,-0.5127118644067796,-0.16101694915254236,-0.3686440677966102,-0.18220338983050846,-0.5847457627118644,-0.15254237288135594,-0.5466101694915254,-0.09745762711864407,-0.4788135593220339,-0.08898305084745763
1,0.0,0.0,-0.1036036036036036,-0.21171171171171171,-0.25675675675675674,-0.35585585585585583,-0.44594594594594594,-0.3783783783783784,-0.5765765765765766,-0.34684684684684686,-0.3108108108108108,-0.481981981981982,-0.42342342342342343,-0.6981981981981982,-0.47297297297297297,-0.8603603603603603,-0.5,-1.0,-0.3333333333333333,-0.3963963963963964,-0.6531531531531531,-0.5,-0.8198198198198198,-0.5900900900900901,-0.9459459459459459,-0.6621621621621622,-0.35585585585585583,-0.26126126126126126,-0.6711711711711712,-0.20270270270270271,-0.6126126126126126,-0.12612612612612611,-0.527027027027027,-0.0990990990990991,-0.3783783783783784,-0.11711711711711711,-0.6261261261261262,-0.06306306306306306,-0.5765765765765766,-0.009009009009009009,-0.5045045045045045,-0.009009009009009009
1,0.0,0.0,-0.18493150684931506,-0.1643835616438356,-0.3904109589041096,-0.3013698630136986,-0.5753424657534246,-0.3561643835616438,-0.678082191780822,-0.4178082191780822,-0.3561643835616438,-0.5273972602739726,-0.5068493150684932,-0.6164383561643836,-0.6506849315068494,-0.6917808219178082,-0.773972602739726,-0.7602739726027398,-0.3013698630136986,-0.4863013698630137,-0.6232876712328768,-0.4931506849315068,-0.8493150684931506,-0.541095890410959,-1.0,-0.5958904109589042,-0.2808219178082192,-0.3424657534246575,-0.6986301369863014,-0.18493150684931506,-0.7876712328767124,-0.0410958904109589,-0.7671232876712328,0.0547945205479452,-0.2945205479452055,-0.15753424657534246,-0.6232876712328768,-0.0547945205479452,-0.7123287671232876,0.02054794520547945,-0.726027397260274,0.07534246575342465
1,0.0,0.0,-0.29411764705882354,-0.10160427807486631,-0.5240641711229946,-0.20320855614973263,-0.6684491978609626,-0.1657754010695187,-0.7540106951871658,-0.09090909090909091,-0.47593582887700536,-0.48663101604278075,-0.6844919786096256,-0.7112299465240641,-0.7807486631016043,-0.8609625668449198,-0.8556149732620321,-1.0,-0.39037433155080214,-0.45989304812834225,-0.6737967914438503,-0.5454545454545454,-0.8342245989304813,-0.6470588235294118,-0.9625668449197861,-0.7272727272727273,-0.32620320855614976,-0.36363636363636365,-0.6470588235294118,-0.24064171122994651,-0.7112299465240641,-0.12834224598930483,-0.7165775401069518,-0.053475935828877004,-0.3048128342245989,-0.21390374331550802,-0.5561497326203209,-0.0962566844919786,-0.6256684491978609,-0.03208556149732621,-0.6470588235294118,0.0
1,0.0,0.0,-0.3111111111111111,-0.07777777777777778,-0.55,-0.16111111111111112,-0.7055555555555556,-0.11666666666666667,-0.7944444444444444,-0.022222222222222223,-0.5388888888888889,-0.42777777777777776,-0.7555555555555555,-0.6277777777777778,-0.8722222222222222,-0.7611111111111111,-0.9666666666666667,-0.8944444444444445,-0.4388888888888889,-0.42777777777777776,-0.7,-0.5055555555555555,-0.8666666666666667,-0.5888888888888889,-1.0,-0.6555555555555556,-0.35555555555555557,-0.35,-0.65,-0.18888888888888888,-0.7277777777777777,-0.06666666666666667,-0.75,0.005555555555555556,-0.3055555555555556,-0.20555555555555555,-0.5388888888888889,-0.05,-0.6055555555555555,0.022222222222222223,-0.6333333333333333,0.05
1,0.0,0.0,-0.32142857142857145,-0.03571428571428571,-0.5476190476190477,-0.10119047619047619,-0.6726190476190477,-0.07142857142857142,-0.75,0.0,-0.5773809523809523,-0.4166666666666667,-0.7857142857142857,-0.6309523809523809,-0.8988095238095238,-0.7559523809523809,-1.0,-0.8869047619047619,-0.4583333333333333,-0.44047619047619047,-0.6904761904761905,-0.5059523809523809,-0.8571428571428571,-0.5892857142857143,-1.0,-0.6607142857142857,-0.34523809523809523,-0.39285714285714285,-0.6071428571428571,-0.18452380952380953,-0.6666666666666666,-0.041666666666666664,-0.6785714285714286,0.047619047619047616,-0.2619047619047619,-0.26785714285714285,-0.47619047619047616,-0.07738095238095238,-0.5476190476190477,0.017857142857142856,-0.5833333333333334,0.06547619047619048
1,0.0,0.0,-0.30113636363636365,0.0,-0.5113636363636364,-0.03977272727272727,-0.6420454545454546,-0.022727272727272728,-0.7329545454545454,0.0,-0.5568181818181818,-0.36363636363636365,-0.7727272727272727,-0.5625,-0.8977272727272727,-0.6875,-1.0,-0.8011363636363636,-0.45454545454545453,-0.38636363636363635,-0.7045454545454546,-0.4659090909090909,-0.8693181818181818,-0.5397727272727273,-1.0,-0.5909090909090909,-0.35795454545454547,-0.3409090909090909,-0.6079545454545454,-0.1875,-0.6761363636363636,-0.05113636363636364,-0.6988636363636364,0.045454545454545456,-0.29545454545454547,-0.2215909090909091,-0.48863636363636365,-0.056818181818181816,-0.5625,0.028409090909090908,-0.5909090909090909,0.07954545454545454
1,0.0,0.0,-0.32748538011695905,-0.011695906432748537,-0.5380116959064327,-0.06432748538011696,-0.6549707602339181,-0.04093567251461988,-0.7251461988304093,0.011695906432748537,-0.5555555555555556,-0.391812865497076,-0.7719298245614035,-0.5964912280701754,-0.8947368421052632,-0.7134502923976608,-1.0,-0.8304093567251462,-0.4444444444444444,-0.4093567251461988,-0.6900584795321637,-0.4678362573099415,-0.8538011695906432,-0.5380116959064327,-0.9883040935672515,-0.5906432748538012,-0.3391812865497076,-0.3567251461988304,-0.6023391812865497,-0.16374269005847952,-0.6666666666666666,-0.029239766081871343,-0.6783625730994152,0.05847953216374269,-0.26900584795321636,-0.23391812865497075,-0.47953216374269003,-0.04678362573099415,-0.5555555555555556,0.04093567251461988,-0.5847953216374269,0.08187134502923976
1,0.0,0.0,-0.29559748427672955,-0.012578616352201259,-0.5031446540880503,-0.0440251572327044,-0.6289308176100629,-0.03773584905660377,-0.7044025157232704,-0.018867924528301886,-0.610062893081761,-0.41509433962264153,-0.7924528301886793,-0.6226415094339622,-0.9056603773584906,-0.7484276729559748,-1.0,-0.8616352201257862,-0.48427672955974843,-0.4968553459119497,-0.6918238993710691,-0.6163522012578616,-0.8427672955974843,-0.7232704402515723,-0.9685534591194969,-0.7987421383647799,-0.3333333333333333,-0.49056603773584906,-0.5408805031446541,-0.3270440251572327,-0.610062893081761,-0.1509433962264151,-0.6415094339622641,-0.006289308176100629,-0.2138364779874214,-0.39622641509433965,-0.3836477987421384,-0.18867924528301888,-0.4591194968553459,-0.06918238993710692,-0.4968553459119497,0.018867924528301886
1,0.0,0.0,-0.1989247311827957,0.03763440860215054,-0.3924731182795699,0.053763440860215055,-0.489247311827957,0.021505376344086023,-0.43548387096774194,-0.06451612903225806,-0.5913978494623656,-0.3010752688172043,-0.7849462365591398,-0.45161290322580644,-0.9032258064516129,-0.543010752688172,-1.0,-0.6397849462365591,-0.46774193548387094,-0.40860215053763443,-0.6182795698924731,-0.5698924731182796,-0.7204301075268817,-0.6827956989247311,-0.8118279569892473,-0.7849462365591398,-0.3118279569892473,-0.45161290322580644,-0.4032258064516129,-0.4032258064516129,-0.3870967741935484,-0.22043010752688172,-0.3602150537634409,-0.0913978494623656,-0.16129032258064516,-0.43010752688172044,-0.24731182795698925,-0.34408602150537637,-0.26344086021505375,-0.1989247311827957,-0.25806451612903225,-0.10215053763440861
1,0.0,0.0,-0.19895287958115182,0.041884816753926704,-0.3717277486910995,0.05235602094240838,-0.46596858638743455,0.020942408376963352,-0.450261780104712,-0.06282722513089005,-0.581151832460733,-0.2879581151832461,-0.7801047120418848,-0.4293193717277487,-0.900523560209424,-0.5130890052356021,-1.0,-0.5968586387434555,-0.4607329842931937,-0.39267015706806285,-0.612565445026178,-0.5497382198952879,-0.7172774869109948,-0.6544502617801047,-0.806282722513089,-0.7539267015706806,-0.31413612565445026,-0.43455497382198954,-0.4083769633507853,-0.39267015706806285,-0.39267015706806285,-0.225130890052356,-0.36649214659685864,-0.1099476439790576,-0.17277486910994763,-0.41361256544502617,-0.25654450261780104,-0.34554973821989526,-0.27225130890052357,-0.21465968586387435,-0.2670157068062827,-0.12041884816753927
1,0.0,0.0,-0.18085106382978725,0.047872340425531915,-0.35106382978723405,0.06382978723404255,-0.44148936170212766,0.031914893617021274,-0.425531914893617,-0.05851063829787234,-0.5691489361702128,-0.2765957446808511,-0.776595744680851,-0.40425531914893614,-0.898936170212766,-0.48404255319148937,-1.0,-0.5638297872340425,-0.4521276595744681,-0.3829787234042553,-0.6063829787234043,-0.5425531914893617,-0.7127659574468085,-0.648936170212766,-0.8031914893617021,-0.75,-0.30851063829787234,-0.4308510638297872,-0.39361702127659576,-0.3882978723404255,-0.35638297872340424,-0.21808510638297873,-0.3191489361702128,-0.09574468085106383,-0.16489361702127658,-0.425531914893617,-0.2393617021276596,-0.3670212765957447,-0.24468085106382978,-0.23404255319148937,-0.23404255319148937,-0.13297872340425532
1,0.0,0.0,-0.17708333333333334,0.057291666666666664,-0.3489583333333333,0.07291666666666667,-0.40625,0.020833333333333332,-0.3854166666666667,-0.07291666666666667,-0.5729166666666666,-0.25,-0.78125,-0.375,-0.9010416666666666,-0.453125,-1.0,-0.53125,-0.4583333333333333,-0.359375,-0.609375,-0.5260416666666666,-0.7083333333333334,-0.6354166666666666,-0.7864583333333334,-0.734375,-0.3125,-0.40625,-0.3697916666666667,-0.3958333333333333,-0.328125,-0.22916666666666666,-0.28125,-0.11458333333333333,-0.16666666666666666,-0.4010416666666667,-0.22395833333333334,-0.3645833333333333,-0.22395833333333334,-0.234375,-0.21354166666666666,-0.140625
1,0.0,0.0,-0.17010309278350516,0.05670103092783505,-0.35051546391752575,0.06701030927835051,-0.3917525773195876,0.0,-0.35051546391752575,-0.0979381443298969,-0.5618556701030928,-0.23711340206185566,-0.7680412371134021,-0.35051546391752575,-0.8969072164948454,-0.42783505154639173,-1.0,-0.5051546391752577,-0.4536082474226804,-0.3402061855670103,-0.6082474226804123,-0.5103092783505154,-0.7061855670103093,-0.6237113402061856,-0.788659793814433,-0.7216494845360825,-0.31443298969072164,-0.3917525773195876,-0.36597938144329895,-0.41237113402061853,-0.30927835051546393,-0.24742268041237114,-0.25773195876288657,-0.12886597938144329,-0.17010309278350516,-0.3917525773195876,-0.22164948453608246,-0.3711340206185567,-0.20618556701030927,-0.2422680412371134,-0.19072164948453607,-0.14432989690721648
1,0.0,0.0,-0.19095477386934673,0.06030150753768844,-0.36180904522613067,0.0,-0.35175879396984927,-0.15577889447236182,-0.2914572864321608,-0.2814070351758794,-0.5577889447236181,-0.21608040201005024,-0.7638190954773869,-0.32160804020100503,-0.8944723618090452,-0.39195979899497485,-1.0,-0.4623115577889447,-0.457286432160804,-0.3316582914572864,-0.6080402010050251,-0.5025125628140703,-0.7135678391959799,-0.6180904522613065,-0.7989949748743719,-0.7236180904522613,-0.32663316582914576,-0.3768844221105528,-0.35175879396984927,-0.4623115577889447,-0.2864321608040201,-0.31155778894472363,-0.23618090452261306,-0.20603015075376885,-0.18090452261306533,-0.38190954773869346,-0.21608040201005024,-0.4472361809045226,-0.18090452261306533,-0.32663316582914576,-0.15577889447236182,-0.23115577889447236
1,0.0,0.0,-0.185,0.05,-0.35,0.0,-0.34,-0.155,-0.27,-0.285,-0.565,-0.225,-0.765,-0.335,-0.895,-0.405,-1.0,-0.475,-0.465,-0.34,-0.61,-0.52,-0.705,-0.64,-0.785,-0.755,-0.325,-0.385,-0.345,-0.485,-0.27,-0.335,-0.215,-0.23,-0.18,-0.39,-0.2,-0.465,-0.165,-0.355,-0.135,-0.265
1,0.0,0.0,-0.19306930693069307,0.04455445544554455,-0.3613861386138614,-0.01485148514851485,-0.3415841584158416,-0.16831683168316833,-0.2722772277227723,-0.29207920792079206,-0.5693069306930693,-0.22277227722772278,-0.7673267326732673,-0.3217821782178218,-0.8910891089108911,-0.3910891089108911,-1.0,-0.4603960396039604,-0.4752475247524752,-0.33663366336633666,-0.6138613861386139,-0.5099009900990099,-0.7128712871287128,-0.6287128712871287,-0.7920792079207921,-0.7376237623762376,-0.3415841584158416,-0.38613861386138615,-0.3564356435643564,-0.4900990099009901,-0.27722772277227725,-0.33663366336633666,-0.22772277227722773,-0.22772277227722773,-0.19306930693069307,-0.39603960396039606,-0.21287128712871287,-0.4801980198019802,-0.17326732673267325,-0.3712871287128713,-0.1485148514851485,-0.28217821782178215
1,0.0,0.0,-0.16990291262135923,0.038834951456310676,-0.33495145631067963,-0.024271844660194174,-0.3300970873786408,-0.18446601941747573,-0.2815533980582524,-0.3155339805825243,-0.558252427184466,-0.21844660194174756,-0.7621359223300971,-0.3155339805825243,-0.8883495145631068,-0.3786407766990291,-1.0,-0.441747572815534,-0.48058252427184467,-0.3300970873786408,-0.6262135922330098,-0.5,-0.7135922330097088,-0.6213592233009708,-0.7912621359223301,-0.7233009708737864,-0.3592233009708738,-0.3786407766990291,-0.3737864077669903,-0.49029126213592233,-0.2815533980582524,-0.3640776699029126,-0.22815533980582525,-0.2669902912621359,-0.22330097087378642,-0.3883495145631068,-0.23300970873786409,-0.47572815533980584,-0.1796116504854369,-0.3786407766990291,-0.14563106796116504,-0.2912621359223301
1,0.0,0.0,-0.17475728155339806,0.03398058252427184,-0.33495145631067963,-0.038834951456310676,-0.32038834951456313,-0.2087378640776699,-0.27184466019417475,-0.3446601941747573,-0.5533980582524272,-0.21359223300970873,-0.7572815533980582,-0.3106796116504854,-0.8883495145631068,-0.3737864077669903,-1.0,-0.42718446601941745,-0.48058252427184467,-0.3300970873786408,-0.6310679611650486,-0.5,-0.7281553398058253,-0.616504854368932,-0.8009708737864077,-0.7233009708737864,-0.3640776699029126,-0.38349514563106796,-0.3737864077669903,-0.4854368932038835,-0.28640776699029125,-0.3640776699029126,-0.23300970873786409,-0.27184466019417475,-0.23300970873786409,-0.39805825242718446,-0.23786407766990292,-0.4854368932038835,-0.18932038834951456,-0.39805825242718446,-0.16019417475728157,-0.3106796116504854
1,0.0,0.0,-0.1625615763546798,0.019704433497536946,-0.30049261083743845,-0.07389162561576355,-0.28078817733990147,-0.270935960591133,-0.2512315270935961,-0.4187192118226601,-0.5517241379310345,-0.2315270935960591,-0.7586206896551724,-0.33004926108374383,-0.8916256157635468,-0.39901477832512317,-1.0,-0.458128078817734,-0.4729064039408867,-0.3497536945812808,-0.625615763546798,-0.5270935960591133,-0.7192118226600985,-0.6502463054187192,-0.7931034482758621,-0.7487684729064039,-0.35960591133004927,-0.4039408866995074,-0.37438423645320196,-0.5123152709359606,-0.28078817733990147,-0.39901477832512317,-0.22660098522167488,-0.3103448275862069,-0.2315270935960591,-0.4187192118226601,-0.2413793103448276,-0.5123152709359606,-0.18719211822660098,-0.4236453201970443,-0.1477832512315271,-0.33497536945812806
1,0.0,0.0,-0.15,0.01,-0.28,-0.085,-0.265,-0.28,-0.235,-0.425,-0.54,-0.23,-0.755,-0.335,-0.885,-0.405,-1.0,-0.47,-0.465,-0.35,-0.625,-0.53,-0.72,-0.66,-0.795,-0.76,-0.355,-0.4,-0.365,-0.515,-0.265,-0.415,-0.205,-0.325,-0.235,-0.415,-0.24,-0.515,-0.18,-0.44,-0.14,-0.36
1,0.0,0.0,-0.15920398009950248,0.009950248756218905,-0.2835820895522388,-0.07960199004975124,-0.263681592039801,-0.27860696517412936,-0.23880597014925373,-0.4228855721393035,-0.5472636815920398,-0.21890547263681592,-0.7562189054726368,-0.31840796019900497,-0.8905472636815921,-0.39303482587064675,-1.0,-0.4527363184079602,-0.46766169154228854,-0.3383084577114428,-0.6218905472636815,-0.5174129353233831,-0.7213930348258707,-0.6368159203980099,-0.7960199004975125,-0.7263681592039801,-0.3582089552238806,-0.38308457711442784,-0.36318407960199006,-0.5074626865671642,-0.26865671641791045,-0.4079601990049751,-0.21393034825870647,-0.31840796019900497,-0.23880597014925373,-0.39800995024875624,-0.23880597014925373,-0.4975124378109453,-0.1791044776119403,-0.42786069651741293,-0.15422885572139303,-0.34328358208955223
1,0.0,0.0,-0.1477832512315271,0.014778325123152709,-0.27586206896551724,-0.07881773399014778,-0.26108374384236455,-0.2660098522167488,-0.24630541871921183,-0.41379310344827586,-0.5467980295566502,-0.21182266009852216,-0.7536945812807881,-0.3103448275862069,-0.8866995073891626,-0.3793103448275862,-1.0,-0.43842364532019706,-0.4729064039408867,-0.33004926108374383,-0.6305418719211823,-0.5073891625615764,-0.7241379310344828,-0.625615763546798,-0.7980295566502463,-0.7192118226600985,-0.3645320197044335,-0.3793103448275862,-0.3645320197044335,-0.4975369458128079,-0.26108374384236455,-0.39901477832512317,-0.20689655172413793,-0.31527093596059114,-0.24630541871921183,-0.39408866995073893,-0.24630541871921183,-0.49261083743842365,-0.18226600985221675,-0.4187192118226601,-0.1477832512315271,-0.3399014778325123
1,0.0,0.0,-0.14427860696517414,0.004975124378109453,-0.263681592039801,-0.08955223880597014,-0.2537313432835821,-0.27860696517412936,-0.24378109452736318,-0.42786069651741293,-0.5373134328358209,-0.22388059701492538,-0.7512437810945274,-0.32338308457711445,-0.8855721393034826,-0.3880597014925373,-1.0,-0.44776119402985076,-0.46766169154228854,-0.34328358208955223,-0.6268656716417911,-0.5124378109452736,-0.7263681592039801,-0.6318407960199005,-0.8009950248756219,-0.7263681592039801,-0.36318407960199006,-0.3880597014925373,-0.3582089552238806,-0.5124378109452736,-0.24875621890547264,-0.4129353233830846,-0.1890547263681592,-0.3283582089552239,-0.24378109452736318,-0.39800995024875624,-0.23383084577114427,-0.5074626865671642,-0.1691542288557214,-0.43283582089552236,-0.12935323383084577,-0.3482587064676617
1,0.0,0.0,-0.145,0.015,-0.275,-0.075,-0.26,-0.265,-0.24,-0.415,-0.545,-0.22,-0.755,-0.32,-0.89,-0.385,-1.0,-0.45,-0.47,-0.34,-0.635,-0.515,-0.73,-0.63,-0.805,-0.725,-0.36,-0.39,-0.36,-0.515,-0.255,-0.425,-0.19,-0.34,-0.24,-0.4,-0.23,-0.5,-0.17,-0.43,-0.135,-0.35
1,0.0,0.0,-0.1414141414141414,0.005050505050505051,-0.2676767676767677,-0.08585858585858586,-0.2474747474747475,-0.2777777777777778,-0.22727272727272727,-0.4292929292929293,-0.5404040404040404,-0.21717171717171718,-0.7525252525252525,-0.3181818181818182,-0.8838383838383839,-0.3888888888888889,-1.0,-0.4494949494949495,-0.46464646464646464,-0.3333333333333333,-0.6212121212121212,-0.5151515151515151,-0.7171717171717171,-0.6363636363636364,-0.7929292929292929,-0.7272727272727273,-0.35858585858585856,-0.3838383838383838,-0.35353535353535354,-0.51010101010101,-0.24242424242424243,-0.41919191919191917,-0.18686868686868688,-0.3333333333333333,-0.24242424242424243,-0.3939393939393939,-0.23232323232323232,-0.5,-0.16666666666666666,-0.43434343434343436,-0.13636363636363635,-0.35353535353535354
1,0.0,0.0,-0.14736842105263157,0.005263157894736842,-0.2736842105263158,-0.1,-0.24210526315789474,-0.30526315789473685,-0.21578947368421053,-0.4631578947368421,-0.5368421052631579,-0.24736842105263157,-0.7526315789473684,-0.3631578947368421,-0.8842105263157894,-0.4421052631578947,-1.0,-0.5105263157894737,-0.45789473684210524,-0.3684210526315789,-0.6157894736842106,-0.5631578947368421,-0.7052631578947368,-0.6894736842105263,-0.7789473684210526,-0.7894736842105263,-0.3473684210526316,-0.41578947368421054,-0.3368421052631579,-0.5473684210526316,-0.22631578947368422,-0.4368421052631579,-0.1736842105263158,-0.34210526315789475,-0.22105263157894736,-0.42105263157894735,-0.21052631578947367,-0.531578947368421,-0.14210526315789473,-0.4473684210526316,-0.11052631578947368,-0.3526315789473684
1,0.0,0.0,-0.1839080459770115,-0.034482758620689655,-0.3045977011494253,-0.1839080459770115,-0.2413793103448276,-0.40804597701149425,-0.1781609195402299,-0.5632183908045977,-0.5517241379310345,-0.3505747126436782,-0.764367816091954,-0.5114942528735632,-0.8908045977011494,-0.6149425287356322,-1.0,-0.7011494252873564,-0.4425287356321839,-0.45977011494252873,-0.5862068965517241,-0.6954022988505747,-0.6724137931034483,-0.8448275862068966,-0.7413793103448276,-0.9540229885057471,-0.3160919540229885,-0.4942528735632184,-0.28735632183908044,-0.6206896551724138,-0.1896551724137931,-0.47126436781609193,-0.15517241379310345,-0.367816091954023,-0.1724137931034483,-0.4827586206896552,-0.15517241379310345,-0.6091954022988506,-0.09770114942528736,-0.5057471264367817,-0.08045977011494253,-0.40229885057471265
1,0.0,0.0,-0.16216216216216217,-0.05405405405405406,-0.24864864864864866,-0.22162162162162163,-0.15675675675675677,-0.42702702702702705,-0.08648648648648649,-0.5459459459459459,-0.4486486486486487,-0.41081081081081083,-0.6108108108108108,-0.5837837837837838,-0.7081081081081081,-0.6972972972972973,-0.7837837837837838,-0.7945945945945946,-0.33513513513513515,-0.4864864864864865,-0.42162162162162165,-0.7243243243243244,-0.4702702702702703,-0.8810810810810811,-0.4972972972972973,-1.0,-0.20540540540540542,-0.4918918918918919,-0.16216216216216217,-0.6,-0.10810810810810811,-0.4648648648648649,-0.0918918918918919,-0.3783783783783784,-0.07027027027027027,-0.4648648648648649,-0.03783783783783784,-0.5621621621621622,-0.010810810810810811,-0.4594594594594595,-0.005405405405405406,-0.3783783783783784
1,0.0,0.0,-0.14361702127659576,-0.06382978723404255,-0.21808510638297873,-0.22340425531914893,-0.11702127659574468,-0.425531914893617,-0.047872340425531915,-0.5425531914893617,-0.4095744680851064,-0.42021276595744683,-0.5585106382978723,-0.6223404255319149,-0.6436170212765957,-0.75,-0.7127659574468085,-0.8563829787234043,-0.2978723404255319,-0.4946808510638298,-0.3723404255319149,-0.723404255319149,-0.39893617021276595,-0.8776595744680851,-0.42021276595744683,-1.0,-0.17553191489361702,-0.4946808510638298,-0.1276595744680851,-0.601063829787234,-0.07446808510638298,-0.4787234042553192,-0.05319148936170213,-0.3882978723404255,-0.047872340425531915,-0.46808510638297873,-0.02127659574468085,-0.5797872340425532,0.010638297872340425,-0.4946808510638298,0.026595744680851064,-0.4148936170212766
1,0.0,0.0,-0.13989637305699482,-0.09844559585492228,-0.18134715025906736,-0.25906735751295334,-0.06735751295336788,-0.44041450777202074,0.015544041450777202,-0.5544041450777202,-0.35233160621761656,-0.46113989637305697,-0.47150259067357514,-0.6632124352331606,-0.538860103626943,-0.7927461139896373,-0.5958549222797928,-0.9015544041450777,-0.22797927461139897,-0.5129533678756477,-0.27461139896373055,-0.7409326424870466,-0.29015544041450775,-0.8860103626943006,-0.3005181347150259,-1.0,-0.11398963730569948,-0.49740932642487046,-0.06735751295336788,-0.5958549222797928,-0.03626943005181347,-0.46632124352331605,-0.03626943005181347,-0.38341968911917096,0.0051813471502590676,-0.45077720207253885,0.031088082901554404,-0.5647668393782384,0.05181347150259067,-0.48704663212435234,0.04145077720207254,-0.40414507772020725
1,0.0,0.0,-0.11398963730569948,-0.09844559585492228,-0.14507772020725387,-0.26424870466321243,-0.02072538860103627,-0.43523316062176165,0.07772020725388601,-0.538860103626943,-0.29533678756476683,-0.46632124352331605,-0.39378238341968913,-0.6735751295336787,-0.44559585492227977,-0.8031088082901554,-0.49222797927461137,-0.9119170984455959,-0.17616580310880828,-0.5181347150259067,-0.19170984455958548,-0.7461139896373057,-0.19170984455958548,-0.8860103626943006,-0.19689119170984457,-1.0,-0.06217616580310881,-0.49740932642487046,0.0,-0.5803108808290155,0.010362694300518135,-0.45595854922279794,0.0,-0.37305699481865284,0.046632124352331605,-0.45077720207253885,0.08808290155440414,-0.5440414507772021,0.09326424870466321,-0.45595854922279794,0.07772020725388601,-0.37823834196891193
1,0.0,0.0,-0.1116751269035533,-0.09137055837563451,-0.13705583756345177,-0.2639593908629442,-0.01015228426395939,-0.4263959390862944,0.09137055837563451,-0.5076142131979695,-0.27411167512690354,-0.4720812182741117,-0.350253807106599,-0.6903553299492385,-0.39086294416243655,-0.8223350253807107,-0.4213197969543147,-0.9390862944162437,-0.14720812182741116,-0.5126903553299492,-0.1319796954314721,-0.7411167512690355,-0.1218274111675127,-0.883248730964467,-0.116751269035533,-1.0,-0.030456852791878174,-0.4873096446700508,0.030456852791878174,-0.5532994923857868,0.03553299492385787,-0.4263959390862944,0.02030456852791878,-0.3401015228426396,0.07106598984771574,-0.4263959390862944,0.1218274111675127,-0.5076142131979695,0.1218274111675127,-0.41624365482233505,0.10152284263959391,-0.3401015228426396
1,0.0,0.0,-0.10582010582010581,-0.08994708994708994,-0.12698412698412698,-0.24338624338624337,0.010582010582010581,-0.3862433862433862,0.1164021164021164,-0.4708994708994709,-0.23809523809523808,-0.48148148148148145,-0.31746031746031744,-0.6931216931216931,-0.3544973544973545,-0.8253968253968254,-0.38095238095238093,-0.9417989417989417,-0.10582010582010581,-0.5238095238095238,-0.08994708994708994,-0.7407407407407407,-0.06878306878306878,-0.8888888888888888,-0.0582010582010582,-1.0,0.015873015873015872,-0.49206349206349204,0.07936507936507936,-0.544973544973545,0.10052910052910052,-0.41798941798941797,0.10582010582010581,-0.32275132275132273,0.1164021164021164,-0.42857142857142855,0.1693121693121693,-0.48677248677248675,0.17989417989417988,-0.4021164021164021,0.1746031746031746,-0.31746031746031744
1,0.0,0.0,-0.08947368421052632,-0.10526315789473684,-0.08947368421052632,-0.2631578947368421,0.05789473684210526,-0.39473684210526316,0.17894736842105263,-0.46842105263157896,-0.21578947368421053,-0.5,-0.26842105263157895,-0.7105263157894737,-0.3,-0.8473684210526315,-0.32105263157894737,-0.9631578947368421,-0.07894736842105263,-0.5210526315789473,-0.042105263157894736,-0.7368421052631579,-0.021052631578947368,-0.8842105263157894,-0.005263157894736842,-1.0,0.03684210526315789,-0.4789473684210526,0.12105263157894737,-0.5578947368421052,0.15263157894736842,-0.4368421052631579,0.1631578947368421,-0.3526315789473684,0.13157894736842105,-0.4052631578947368,0.20526315789473684,-0.48947368421052634,0.22631578947368422,-0.41578947368421054,0.21578947368421053,-0.3368421052631579
1,0.0,0.0,-0.09523809523809523,-0.1111111111111111,-0.10052910052910052,-0.26455026455026454,0.05291005291005291,-0.4126984126984127,0.1693121693121693,-0.4973544973544973,-0.2275132275132275,-0.5026455026455027,-0.2857142857142857,-0.7142857142857143,-0.31216931216931215,-0.8571428571428571,-0.3333333333333333,-0.9735449735449735,-0.08465608465608465,-0.5291005291005291,-0.05291005291005291,-0.746031746031746,-0.026455026455026454,-0.8888888888888888,-0.005291005291005291,-1.0,0.031746031746031744,-0.48677248677248675,0.10582010582010581,-0.5555555555555556,0.1164021164021164,-0.42328042328042326,0.10582010582010581,-0.3439153439153439,0.12698412698412698,-0.4074074074074074,0.19576719576719576,-0.48677248677248675,0.19047619047619047,-0.3968253968253968,0.1693121693121693,-0.31746031746031744
1,0.0,0.0,-0.07142857142857142,-0.11224489795918367,-0.061224489795918366,-0.2653061224489796,0.08673469387755102,-0.40816326530612246,0.19387755102040816,-0.4846938775510204,-0.19387755102040816,-0.5051020408163265,-0.25510204081632654,-0.7091836734693877,-0.2755102040816326,-0.8469387755102041,-0.29591836734693877,-0.9642857142857143,-0.0663265306122449,-0.5306122448979592,-0.030612244897959183,-0.7397959183673469,0.0,-0.8826530612244898,0.02040816326530612,-1.0,0.03571428571428571,-0.4897959183673469,0.12755102040816327,-0.5459183673469388,0.14795918367346939,-0.40816326530612246,0.14285714285714285,-0.3163265306122449,0.11734693877551021,-0.41836734693877553,0.19387755102040816,-0.4846938775510204,0.20408163265306123,-0.3877551020408163,0.18877551020408162,-0.3010204081632653
1,0.0,0.0,-0.09644670050761421,-0.08629441624365482,-0.09644670050761421,-0.24873096446700507,0.06598984771573604,-0.38071065989847713,0.19289340101522842,-0.4517766497461929,-0.20812182741116753,-0.49238578680203043,-0.25888324873096447,-0.6852791878172588,-0.28426395939086296,-0.8274111675126904,-0.29949238578680204,-0.9441624365482234,-0.06598984771573604,-0.5279187817258884,-0.025380710659898477,-0.7411167512690355,0.005076142131979695,-0.8883248730964467,0.03553299492385787,-1.0,0.05583756345177665,-0.49746192893401014,0.15228426395939088,-0.6345177664974619,0.2182741116751269,-0.6091370558375635,0.25380710659898476,-0.5989847715736041,0.15228426395939088,-0.4263959390862944,0.2233502538071066,-0.5329949238578681,0.25380710659898476,-0.48223350253807107,0.2639593908629442,-0.41116751269035534
1,0.0,0.0,-0.0891089108910891,-0.07920792079207921,-0.09900990099009901,-0.21287128712871287,0.04950495049504951,-0.3415841584158416,0.15841584158415842,-0.42574257425742573,-0.2079207920792079,-0.47029702970297027,-0.2524752475247525,-0.6732673267326733,-0.2722772277227723,-0.801980198019802,-0.2871287128712871,-0.9207920792079208,-0.07920792079207921,-0.5099009900990099,-0.034653465346534656,-0.7178217821782178,0.0049504950495049506,-0.8712871287128713,0.039603960396039604,-1.0,0.019801980198019802,-0.4801980198019802,0.11386138613861387,-0.5396039603960396,0.15346534653465346,-0.40594059405940597,0.16831683168316833,-0.3118811881188119,0.10891089108910891,-0.41089108910891087,0.1782178217821782,-0.46534653465346537,0.20297029702970298,-0.3811881188118812,0.20297029702970298,-0.29207920792079206
1,0.0,0.0,-0.09090909090909091,-0.09595959595959595,-0.10101010101010101,-0.2474747474747475,0.045454545454545456,-0.37373737373737376,0.16161616161616163,-0.4444444444444444,-0.20707070707070707,-0.4898989898989899,-0.25757575757575757,-0.702020202020202,-0.2777777777777778,-0.8333333333333334,-0.29292929292929293,-0.9494949494949495,-0.08585858585858586,-0.5202020202020202,-0.050505050505050504,-0.7323232323232324,-0.015151515151515152,-0.8787878787878788,0.020202020202020204,-1.0,0.020202020202020204,-0.4797979797979798,0.1111111111111111,-0.5505050505050505,0.13636363636363635,-0.4292929292929293,0.13636363636363635,-0.3434343434343434,0.10606060606060606,-0.4090909090909091,0.17676767676767677,-0.4696969696969697,0.1919191919191919,-0.3939393939393939,0.18181818181818182,-0.31313131313131315
1,0.0,0.0,-0.105,-0.08,-0.125,-0.235,0.02,-0.365,0.13,-0.44,-0.225,-0.48,-0.275,-0.68,-0.295,-0.815,-0.315,-0.93,-0.09,-0.53,-0.055,-0.74,-0.02,-0.88,0.005,-1.0,0.03,-0.5,0.1,-0.56,0.105,-0.425,0.1,-0.33,0.135,-0.43,0.19,-0.48,0.185,-0.39,0.17,-0.315
1,0.0,0.0,-0.16580310880829016,-0.06735751295336788,-0.23316062176165803,-0.22279792746113988,-0.11917098445595854,-0.36787564766839376,-0.0051813471502590676,-0.46113989637305697,-0.29533678756476683,-0.47668393782383417,-0.37823834196891193,-0.6787564766839378,-0.42487046632124353,-0.8082901554404145,-0.45595854922279794,-0.9222797927461139,-0.15025906735751296,-0.5129533678756477,-0.13471502590673576,-0.7357512953367875,-0.12953367875647667,-0.8808290155440415,-0.11917098445595854,-1.0,-0.02072538860103627,-0.47668393782383417,0.03626943005181347,-0.5492227979274611,0.02072538860103627,-0.39896373056994816,-0.0051813471502590676,-0.30569948186528495,0.09326424870466321,-0.39378238341968913,0.13989637305699482,-0.46632124352331605,0.11398963730569948,-0.3626943005181347,0.08808290155440414,-0.2849740932642487
1,0.0,0.0,-0.17073170731707318,-0.06829268292682927,-0.25853658536585367,-0.22926829268292684,-0.16097560975609757,-0.36097560975609755,-0.04390243902439024,-0.43902439024390244,-0.2780487804878049,-0.4926829268292683,-0.34146341463414637,-0.6926829268292682,-0.3804878048780488,-0.8195121951219512,-0.40487804878048783,-0.926829268292683,-0.14146341463414633,-0.5170731707317073,-0.12195121951219512,-0.7463414634146341,-0.11707317073170732,-0.8878048780487805,-0.1024390243902439,-1.0,-0.024390243902439025,-0.47804878048780486,0.004878048780487805,-0.5853658536585366,-0.024390243902439025,-0.43902439024390244,-0.03902439024390244,-0.33170731707317075,0.08780487804878048,-0.4,0.0975609756097561,-0.4975609756097561,0.06341463414634146,-0.4,0.04390243902439024,-0.3121951219512195
1,0.0,0.0,-0.15458937198067632,-0.0821256038647343,-0.2318840579710145,-0.2318840579710145,-0.1497584541062802,-0.3526570048309179,-0.03864734299516908,-0.42028985507246375,-0.23671497584541062,-0.5072463768115942,-0.2946859903381642,-0.7004830917874396,-0.32367149758454106,-0.8260869565217391,-0.34782608695652173,-0.9323671497584541,-0.10628019323671498,-0.5265700483091788,-0.07729468599033816,-0.7439613526570048,-0.06280193236714976,-0.8792270531400966,-0.043478260869565216,-1.0,0.00966183574879227,-0.4782608695652174,0.043478260869565216,-0.5748792270531401,0.0,-0.42995169082125606,-0.024154589371980676,-0.3285024154589372,0.1111111111111111,-0.391304347826087,0.12560386473429952,-0.46859903381642515,0.0821256038647343,-0.3671497584541063,0.05314009661835749,-0.2946859903381642
1,0.0,0.0,-0.1588785046728972,-0.08878504672897196,-0.2336448598130841,-0.21962616822429906,-0.1588785046728972,-0.34579439252336447,-0.056074766355140186,-0.4252336448598131,-0.24766355140186916,-0.5,-0.308411214953271,-0.7009345794392523,-0.3411214953271028,-0.822429906542056,-0.3598130841121495,-0.9345794392523364,-0.11682242990654206,-0.5186915887850467,-0.102803738317757,-0.7336448598130841,-0.09345794392523364,-0.8738317757009346,-0.07476635514018691,-1.0,0.004672897196261682,-0.4719626168224299,0.02336448598130841,-0.5700934579439252,-0.014018691588785047,-0.42990654205607476,-0.03271028037383177,-0.3317757009345794,0.102803738317757,-0.38317757009345793,0.11682242990654206,-0.4766355140186916,0.07476635514018691,-0.3878504672897196,0.04672897196261682,-0.3130841121495327
1,0.0,0.0,-0.16203703703703703,-0.06944444444444445,-0.25462962962962965,-0.2175925925925926,-0.18055555555555555,-0.35648148148148145,-0.06944444444444445,-0.4398148148148148,-0.2638888888888889,-0.5046296296296297,-0.3333333333333333,-0.6944444444444444,-0.37037037037037035,-0.8194444444444444,-0.4027777777777778,-0.9212962962962963,-0.13425925925925927,-0.5231481481481481,-0.12037037037037036,-0.7453703703703703,-0.11574074074074074,-0.8842592592592593,-0.10648148148148148,-1.0,-0.018518518518518517,-0.4861111111111111,0.009259259259259259,-0.5972222222222222,-0.027777777777777776,-0.44907407407407407,-0.05092592592592592,-0.3425925925925926,0.08333333333333333,-0.41203703703703703,0.09722222222222222,-0.5138888888888888,0.06018518518518518,-0.42592592592592593,0.027777777777777776,-0.3425925925925926
1,0.0,0.0,-0.1583710407239819,-0.08144796380090498,-0.23076923076923078,-0.22171945701357465,-0.14479638009049775,-0.34841628959276016,-0.03619909502262444,-0.4343891402714932,-0.24434389140271492,-0.48868778280542985,-0.31221719457013575,-0.6832579185520362,-0.34841628959276016,-0.8054298642533937,-0.3755656108597285,-0.9140271493212669,-0.11312217194570136,-0.5158371040723982,-0.10407239819004525,-0.7330316742081447,-0.10407239819004525,-0.8778280542986425,-0.09502262443438914,-1.0,0.004524886877828055,-0.4751131221719457,0.03619909502262444,-0.5701357466063348,0.00904977375565611,-0.4298642533936652,-0.00904977375565611,-0.334841628959276,0.1085972850678733,-0.3936651583710407,0.13574660633484162,-0.4796380090497738,0.09954751131221719,-0.3936651583710407,0.07239819004524888,-0.3257918552036199
1,0.0,0.0,-0.16017316017316016,-0.06493506493506493,-0.23376623376623376,-0.22077922077922077,-0.12987012987012986,-0.354978354978355,-0.025974025974025976,-0.45021645021645024,-0.26406926406926406,-0.47619047619047616,-0.33766233766233766,-0.6796536796536796,-0.37662337662337664,-0.8095238095238095,-0.4069264069264069,-0.9177489177489178,-0.12554112554112554,-0.5108225108225108,-0.11688311688311688,-0.7316017316017316,-0.11255411255411256,-0.8787878787878788,-0.10822510822510822,-1.0,-0.004329004329004329,-0.47186147186147187,0.03463203463203463,-0.5714285714285714,0.004329004329004329,-0.43722943722943725,-0.021645021645021644,-0.35064935064935066,0.1038961038961039,-0.39826839826839827,0.12121212121212122,-0.46320346320346323,0.08225108225108226,-0.3722943722943723,0.04329004329004329,-0.30303030303030304
1,0.0,0.0,-0.15953307392996108,-0.038910505836575876,-0.23346303501945526,-0.1867704280155642,-0.1245136186770428,-0.33852140077821014,-0.023346303501945526,-0.45136186770428016,-0.30739299610894943,-0.44357976653696496,-0.40077821011673154,-0.6575875486381323,-0.45525291828793774,-0.7937743190661478,-0.49416342412451364,-0.914396887159533,-0.17509727626459143,-0.4980544747081712,-0.17509727626459143,-0.7354085603112841,-0.16731517509727625,-0.8754863813229572,-0.16342412451361868,-1.0,-0.054474708171206226,-0.4785992217898833,0.0038910505836575876,-0.5603112840466926,-0.0038910505836575876,-0.40077821011673154,-0.023346303501945526,-0.31906614785992216,0.058365758754863814,-0.42023346303501946,0.09727626459143969,-0.490272373540856,0.07782101167315175,-0.3735408560311284,0.04669260700389105,-0.3035019455252918
1,0.0,0.0,-0.15719063545150502,-0.05351170568561873,-0.23411371237458195,-0.19732441471571907,-0.13712374581939799,-0.3411371237458194,-0.043478260869565216,-0.4414715719063545,-0.2976588628762542,-0.45484949832775917,-0.38127090301003347,-0.6521739130434783,-0.42474916387959866,-0.7792642140468228,-0.46153846153846156,-0.8929765886287625,-0.16387959866220736,-0.4983277591973244,-0.16722408026755853,-0.725752508361204,-0.16387959866220736,-0.8729096989966555,-0.15719063545150502,-1.0,-0.04013377926421405,-0.47491638795986624,0.010033444816053512,-0.568561872909699,0.0,-0.4280936454849498,-0.010033444816053512,-0.3311036789297659,0.07023411371237458,-0.411371237458194,0.11371237458193979,-0.4916387959866221,0.09698996655518395,-0.3979933110367893,0.07357859531772576,-0.3210702341137124
1,0.0,0.0,-0.14759036144578314,-0.060240963855421686,-0.22289156626506024,-0.1897590361445783,-0.13855421686746988,-0.3132530120481928,-0.045180722891566265,-0.4006024096385542,-0.25301204819277107,-0.4759036144578313,-0.3102409638554217,-0.677710843373494,-0.3463855421686747,-0.8072289156626506,-0.37349397590361444,-0.9186746987951807,-0.12048192771084337,-0.5060240963855421,-0.10542168674698796,-0.7259036144578314,-0.09337349397590361,-0.8734939759036144,-0.0783132530120482,-1.0,0.0,-0.46987951807228917,0.04819277108433735,-0.5512048192771084,0.02710843373493976,-0.41566265060240964,0.012048192771084338,-0.32228915662650603,0.10240963855421686,-0.39457831325301207,0.13855421686746988,-0.4578313253012048,0.11144578313253012,-0.3614457831325301,0.08433734939759036,-0.286144578313253
1,0.0,0.0,-0.15489130434782608,-0.04891304347826087,-0.2418478260869565,-0.18206521739130435,-0.15760869565217392,-0.29347826086956524,-0.06521739130434782,-0.37771739130434784,-0.2608695652173913,-0.47282608695652173,-0.3179347826086957,-0.6766304347826086,-0.3532608695652174,-0.8070652173913043,-0.375,-0.9239130434782609,-0.12228260869565218,-0.5,-0.11141304347826086,-0.720108695652174,-0.10326086956521739,-0.8641304347826086,-0.09239130434782608,-1.0,0.002717391304347826,-0.46467391304347827,0.03804347826086957,-0.5652173913043478,0.021739130434782608,-0.4048913043478261,0.008152173913043478,-0.29891304347826086,0.11141304347826086,-0.39402173913043476,0.1358695652173913,-0.47282608695652173,0.11413043478260869,-0.3695652173913043,0.09239130434782608,-0.2907608695652174
1,0.0,0.0,-0.15037593984962405,-0.05513784461152882,-0.22807017543859648,-0.18295739348370926,-0.13283208020050125,-0.2756892230576441,-0.03508771929824561,-0.3458646616541353,-0.24561403508771928,-0.47117794486215536,-0.3007518796992481,-0.6766917293233082,-0.3333333333333333,-0.8120300751879699,-0.3558897243107769,-0.9323308270676691,-0.10025062656641603,-0.5012531328320802,-0.08771929824561403,-0.7192982456140351,-0.07518796992481203,-0.8646616541353384,-0.06265664160401002,-1.0,0.02756892230576441,-0.46616541353383456,0.07268170426065163,-0.5338345864661654,0.047619047619047616,-0.3684210526315789,0.02756892230576441,-0.2606516290726817,0.13784461152882205,-0.39097744360902253,0.17293233082706766,-0.44110275689223055,0.13784461152882205,-0.3358395989974937,0.10526315789473684,-0.2606516290726817
1,0.0,0.0,-0.14320388349514562,-0.043689320388349516,-0.220873786407767,-0.16019417475728157,-0.1262135922330097,-0.25728155339805825,-0.021844660194174758,-0.33737864077669905,-0.24271844660194175,-0.46359223300970875,-0.2961165048543689,-0.6674757281553398,-0.32524271844660196,-0.7985436893203883,-0.34951456310679613,-0.9223300970873787,-0.10194174757281553,-0.5024271844660194,-0.08495145631067962,-0.7160194174757282,-0.0703883495145631,-0.8616504854368932,-0.06310679611650485,-1.0,0.024271844660194174,-0.470873786407767,0.07766990291262135,-0.5364077669902912,0.055825242718446605,-0.3640776699029126,0.02912621359223301,-0.24514563106796117,0.13106796116504854,-0.39563106796116504,0.16990291262135923,-0.4223300970873786,0.13106796116504854,-0.3058252427184466,0.08737864077669903,-0.21844660194174756
1,0.0,0.0,-0.1411764705882353,-0.04470588235294118,-0.21411764705882352,-0.16,-0.12,-0.2564705882352941,-0.02588235294117647,-0.33647058823529413,-0.24,-0.4611764705882353,-0.2988235294117647,-0.6588235294117647,-0.32941176470588235,-0.7905882352941176,-0.35058823529411764,-0.9105882352941177,-0.1011764705882353,-0.4964705882352941,-0.08705882352941176,-0.7082352941176471,-0.07058823529411765,-0.8588235294117647,-0.058823529411764705,-1.0,0.021176470588235293,-0.46352941176470586,0.07764705882352942,-0.5294117647058824,0.058823529411764705,-0.36470588235294116,0.03294117647058824,-0.25176470588235295,0.12705882352941175,-0.3835294117647059,0.16705882352941176,-0.41411764705882353,0.13176470588235295,-0.3058823529411765,0.08941176470588236,-0.22588235294117648
1,0.0,0.0,-0.1372093023255814,-0.03953488372093023,-0.21627906976744185,-0.1511627906976744,-0.12093023255813953,-0.25116279069767444,-0.01627906976744186,-0.3325581395348837,-0.23953488372093024,-0.45348837209302323,-0.3,-0.6511627906976745,-0.33488372093023255,-0.7837209302325582,-0.36046511627906974,-0.9069767441860465,-0.1,-0.49534883720930234,-0.09069767441860466,-0.7069767441860465,-0.07674418604651163,-0.858139534883721,-0.06744186046511629,-1.0,0.020930232558139535,-0.46744186046511627,0.07674418604651163,-0.5255813953488372,0.06046511627906977,-0.36046511627906974,0.037209302325581395,-0.24651162790697675,0.12558139534883722,-0.39069767441860465,0.16744186046511628,-0.413953488372093,0.1325581395348837,-0.30465116279069765,0.09069767441860466,-0.2186046511627907
1,0.0,0.0,-0.14022988505747128,-0.03218390804597701,-0.2160919540229885,-0.1425287356321839,-0.12413793103448276,-0.2482758620689655,-0.02528735632183908,-0.3333333333333333,-0.25057471264367814,-0.4459770114942529,-0.3103448275862069,-0.6436781609195402,-0.3471264367816092,-0.7770114942528735,-0.3724137931034483,-0.8988505747126436,-0.1103448275862069,-0.4942528735632184,-0.10114942528735632,-0.7057471264367816,-0.0896551724137931,-0.8574712643678161,-0.08505747126436781,-1.0,0.01839080459770115,-0.4689655172413793,0.06896551724137931,-0.5287356321839081,0.059770114942528735,-0.3563218390804598,0.03908045977011494,-0.23908045977011494,0.1310344827586207,-0.3954022988505747,0.17701149425287357,-0.43908045977011495,0.14942528735632185,-0.3264367816091954,0.11264367816091954,-0.2413793103448276
1,0.0,0.0,-0.14022988505747128,-0.029885057471264367,-0.2206896551724138,-0.14022988505747128,-0.12413793103448276,-0.24597701149425288,-0.022988505747126436,-0.3333333333333333,-0.25287356321839083,-0.4459770114942529,-0.31494252873563217,-0.6436781609195402,-0.34942528735632183,-0.7770114942528735,-0.37701149425287356,-0.9011494252873563,-0.1103448275862069,-0.49195402298850577,-0.09885057471264368,-0.7080459770114943,-0.08505747126436781,-0.8597701149425288,-0.08275862068965517,-1.0,0.01839080459770115,-0.46436781609195404,0.06436781609195402,-0.5333333333333333,0.05517241379310345,-0.36091954022988504,0.0367816091954023,-0.2413793103448276,0.1310344827586207,-0.38850574712643676,0.167816091954023,-0.43448275862068964,0.14482758620689656,-0.3218390804597701,0.11264367816091954,-0.22988505747126436
1,0.0,0.0,-0.13926940639269406,-0.0319634703196347,-0.2191780821917808,-0.1415525114155251,-0.13013698630136986,-0.24429223744292236,-0.02968036529680365,-0.3310502283105023,-0.2557077625570776,-0.4452054794520548,-0.319634703196347,-0.6415525114155252,-0.3561643835616438,-0.773972602739726,-0.3835616438356164,-0.8972602739726028,-0.1141552511415525,-0.4908675799086758,-0.1095890410958904,-0.7054794520547946,-0.0958904109589041,-0.8584474885844748,-0.091324200913242,-1.0,0.0136986301369863,-0.4657534246575342,0.06164383561643835,-0.5296803652968036,0.05251141552511415,-0.3561643835616438,0.02968036529680365,-0.2328767123287671,0.12557077625570776,-0.3949771689497717,0.1689497716894977,-0.4497716894977169,0.14840182648401826,-0.3378995433789954,0.1141552511415525,-0.24429223744292236
1,0.0,0.0,-0.14617169373549885,-0.03480278422273782,-0.23897911832946636,-0.1531322505800464,-0.15081206496519722,-0.25986078886310904,-0.04408352668213457,-0.3480278422273782,-0.26218097447795824,-0.4593967517401392,-0.3225058004640371,-0.6566125290023201,-0.35498839907192575,-0.7888631090487239,-0.3805104408352668,-0.9095127610208816,-0.11832946635730858,-0.5011600928074246,-0.11136890951276102,-0.7099767981438515,-0.09976798143851508,-0.8607888631090487,-0.0951276102088167,-1.0,0.01160092807424594,-0.4756380510440835,0.058004640371229696,-0.5359628770301624,0.04640371229698376,-0.3619489559164733,0.025522041763341066,-0.24129930394431554,0.12761020881670534,-0.4037122969837587,0.16473317865429235,-0.45011600928074247,0.13921113689095127,-0.33874709976798145,0.10440835266821345,-0.2482598607888631
1,0.0,0.0,-0.14651162790697675,-0.03488372093023256,-0.2302325581395349,-0.1511627906976744,-0.1372093023255814,-0.2534883720930233,-0.03255813953488372,-0.34186046511627904,-0.2558139534883721,-0.4558139534883721,-0.313953488372093,-0.6558139534883721,-0.3511627906976744,-0.786046511627907,-0.3767441860465116,-0.9069767441860465,-0.11162790697674418,-0.5,-0.10232558139534884,-0.7093023255813954,-0.09302325581395349,-0.858139534883721,-0.08837209302325581,-1.0,0.020930232558139535,-0.4720930232558139,0.06279069767441861,-0.5372093023255814,0.04883720930232558,-0.36046511627906974,0.027906976744186046,-0.23953488372093024,0.13488372093023257,-0.39767441860465114,0.1697674418604651,-0.4441860465116279,0.14186046511627906,-0.3302325581395349,0.10465116279069768,-0.23953488372093024
1,0.0,0.0,-0.14549653579676675,-0.02771362586605081,-0.23094688221709006,-0.14549653579676675,-0.13856812933025403,-0.2517321016166282,-0.03002309468822171,-0.3371824480369515,-0.2540415704387991,-0.44803695150115475,-0.3140877598152425,-0.648960739030023,-0.3464203233256351,-0.7829099307159353,-0.371824480369515,-0.9053117782909931,-0.11085450346420324,-0.4896073903002309,-0.10392609699769054,-0.7043879907621247,-0.09468822170900693,-0.8568129330254042,-0.09237875288683603,-1.0,0.018475750577367205,-0.46420323325635104,0.06004618937644342,-0.5404157043879908,0.046189376443418015,-0.3625866050808314,0.025404157043879907,-0.24018475750577367,0.13394919168591224,-0.39260969976905313,0.16628175519630484,-0.44803695150115475,0.13856812933025403,-0.3302540415704388,0.10392609699769054,-0.23787528868360278
1,0.0,0.0,-0.14516129032258066,-0.029953917050691243,-0.2304147465437788,-0.14285714285714285,-0.14285714285714285,-0.2488479262672811,-0.041474654377880185,-0.33410138248847926,-0.26497695852534564,-0.4400921658986175,-0.3248847926267281,-0.6428571428571429,-0.35944700460829493,-0.7741935483870968,-0.38940092165898615,-0.8963133640552995,-0.12672811059907835,-0.4861751152073733,-0.12211981566820276,-0.7027649769585254,-0.1152073732718894,-0.8548387096774194,-0.11290322580645161,-1.0,0.002304147465437788,-0.4608294930875576,0.04377880184331797,-0.5391705069124424,0.03456221198156682,-0.3640552995391705,0.016129032258064516,-0.24193548387096775,0.1175115207373272,-0.391705069124424,0.15207373271889402,-0.45161290322580644,0.12672811059907835,-0.3387096774193548,0.09216589861751152,-0.2488479262672811
1,0.0,0.0,-0.13953488372093023,-0.03953488372093023,-0.22325581395348837,-0.15348837209302327,-0.13953488372093023,-0.25813953488372093,-0.037209302325581395,-0.3395348837209302,-0.25116279069767444,-0.4511627906976744,-0.30930232558139537,-0.6534883720930232,-0.34186046511627904,-0.786046511627907,-0.36511627906976746,-0.9046511627906977,-0.11162790697674418,-0.4906976744186046,-0.10465116279069768,-0.7069767441860465,-0.09534883720930233,-0.858139534883721,-0.09069767441860466,-1.0,0.01627906976744186,-0.4604651162790698,0.05813953488372093,-0.5395348837209303,0.037209302325581395,-0.3674418604651163,0.01627906976744186,-0.25116279069767444,0.12790697674418605,-0.38372093023255816,0.1558139534883721,-0.43953488372093025,0.12325581395348838,-0.32790697674418606,0.08837209302325581,-0.24186046511627907
1,0.0,0.0,-0.14893617021276595,-0.04018912529550828,-0.2553191489361702,-0.15839243498817968,-0.1938534278959811,-0.2647754137115839,-0.0851063829787234,-0.32860520094562645,-0.2458628841607565,-0.46808510638297873,-0.30260047281323876,-0.6643026004728132,-0.33569739952718675,-0.7872340425531915,-0.3617021276595745,-0.9030732860520094,-0.10638297872340426,-0.48936170212765956,-0.09692671394799054,-0.7092198581560284,-0.09456264775413711,-0.8581560283687943,-0.09456264775413711,-1.0,0.02127659574468085,-0.44680851063829785,0.03546099290780142,-0.5437352245862884,0.0,-0.3806146572104019,-0.02127659574468085,-0.2695035460992908,0.13711583924349882,-0.3617021276595745,0.1347517730496454,-0.4302600472813239,0.08274231678486997,-0.3215130023640662,0.04491725768321513,-0.24113475177304963
1,0.0,0.0,-0.14492753623188406,-0.04830917874396135,-0.2608695652173913,-0.1570048309178744,-0.25120772946859904,-0.26570048309178745,-0.15942028985507245,-0.34299516908212563,-0.21980676328502416,-0.4927536231884058,-0.2826086956521739,-0.6835748792270532,-0.321256038647343,-0.8067632850241546,-0.34299516908212563,-0.9130434782608695,-0.0821256038647343,-0.5,-0.0821256038647343,-0.7222222222222222,-0.09420289855072464,-0.8671497584541062,-0.0966183574879227,-1.0,0.043478260869565216,-0.4420289855072464,0.036231884057971016,-0.5410628019323671,-0.028985507246376812,-0.40096618357487923,-0.06763285024154589,-0.2995169082125604,0.1473429951690821,-0.34782608695652173,0.11835748792270531,-0.4227053140096618,0.04830917874396135,-0.32608695652173914,0.0024154589371980675,-0.24396135265700483
1,0.0,0.0,-0.13942307692307693,-0.07451923076923077,-0.25,-0.18990384615384615,-0.2620192307692308,-0.28125,-0.17548076923076922,-0.3125,-0.1346153846153846,-0.5168269230769231,-0.1658653846153846,-0.71875,-0.1875,-0.8461538461538461,-0.19230769230769232,-0.9639423076923077,-0.007211538461538462,-0.4879807692307692,0.026442307692307692,-0.7067307692307693,0.038461538461538464,-0.8581730769230769,0.06009615384615385,-1.0,0.10096153846153846,-0.40865384615384615,0.08413461538461539,-0.49278846153846156,-0.021634615384615384,-0.36538461538461536,-0.08173076923076923,-0.27163461538461536,0.1778846153846154,-0.2956730769230769,0.13221153846153846,-0.3605769230769231,0.028846153846153848,-0.2764423076923077,-0.040865384615384616,-0.20192307692307693
1,0.0,0.0,-0.15158924205378974,-0.10757946210268948,-0.2591687041564792,-0.23227383863080683,-0.31295843520782396,-0.3202933985330073,-0.27383863080684595,-0.34963325183374083,-0.09290953545232274,-0.5354523227383863,-0.11735941320293398,-0.7286063569682152,-0.1295843520782396,-0.8533007334963325,-0.12224938875305623,-0.9657701711491442,0.029339853300733496,-0.508557457212714,0.014669926650366748,-0.7114914425427873,0.012224938875305624,-0.8606356968215159,0.019559902200488997,-1.0,0.1271393643031785,-0.43031784841075793,-0.022004889975550123,-0.49877750611246946,-0.13447432762836187,-0.38386308068459657,-0.1882640586797066,-0.2860635696821516,0.1784841075794621,-0.3154034229828851,0.022004889975550123,-0.34963325183374083,-0.09290953545232274,-0.2787286063569682,-0.15403422982885084,-0.21515892420537897
1,0.0,0.0,-0.14705882352941177,-0.11764705882352941,-0.25,-0.25,-0.3088235294117647,-0.3431372549019608,-0.2696078431372549,-0.375,-0.061274509803921566,-0.5416666666666666,-0.0857843137254902,-0.7401960784313726,-0.09558823529411764,-0.8676470588235294,-0.0857843137254902,-0.9803921568627451,0.05392156862745098,-0.5098039215686274,0.029411764705882353,-0.7107843137254902,0.024509803921568627,-0.8627450980392157,0.031862745098039214,-1.0,0.14460784313725492,-0.42892156862745096,-0.02696078431372549,-0.5024509803921569,-0.14215686274509803,-0.39215686274509803,-0.19607843137254902,-0.2965686274509804,0.18137254901960784,-0.31862745098039214,0.007352941176470588,-0.3553921568627451,-0.11274509803921569,-0.2916666666666667,-0.17647058823529413,-0.23039215686274508
1,0.0,0.0,-0.1475,-0.125,-0.235,-0.2625,-0.295,-0.3525,-0.29,-0.425,-0.04,-0.53,-0.065,-0.7375,-0.0725,-0.87,-0.0575,-0.9825,0.0725,-0.495,0.035,-0.7175,0.0325,-0.87,0.045,-1.0,0.1475,-0.4225,-0.0425,-0.5225,-0.1675,-0.4225,-0.23,-0.33,0.1675,-0.325,-0.04,-0.37,-0.16,-0.3225,-0.23,-0.2725
1,0.0,0.0,-0.15284974093264247,-0.12694300518134716,-0.24611398963730569,-0.2616580310880829,-0.30569948186528495,-0.34974093264248707,-0.3005181347150259,-0.43005181347150256,-0.03367875647668394,-0.5259067357512953,-0.05699481865284974,-0.7409326424870466,-0.06476683937823834,-0.8756476683937824,-0.04922279792746114,-0.9896373056994818,0.07512953367875648,-0.49222797927461137,0.03626943005181347,-0.7124352331606217,0.02849740932642487,-0.8652849740932642,0.03626943005181347,-1.0,0.14766839378238342,-0.41968911917098445,-0.04404145077720207,-0.5233160621761658,-0.17616580310880828,-0.42487046632124353,-0.24611398963730569,-0.3316062176165803,0.16321243523316062,-0.3238341968911917,-0.038860103626943004,-0.37305699481865284,-0.16321243523316062,-0.31865284974093266,-0.23056994818652848,-0.25906735751295334
1,0.0,0.0,-0.14805194805194805,-0.12467532467532468,-0.23376623376623376,-0.2753246753246753,-0.2909090909090909,-0.37402597402597404,-0.2857142857142857,-0.42597402597402595,-0.023376623376623377,-0.5324675324675324,-0.05454545454545454,-0.7480519480519481,-0.06233766233766234,-0.8857142857142857,-0.046753246753246755,-0.9974025974025974,0.08831168831168831,-0.4961038961038961,0.05194805194805195,-0.7116883116883117,0.04415584415584416,-0.8675324675324675,0.05194805194805195,-1.0,0.16363636363636364,-0.4155844155844156,-0.02857142857142857,-0.522077922077922,-0.16103896103896104,-0.42597402597402595,-0.22597402597402597,-0.33246753246753247,0.17922077922077922,-0.3142857142857143,-0.023376623376623377,-0.37142857142857144,-0.15064935064935064,-0.3194805194805195,-0.22077922077922077,-0.2623376623376623
1,0.0,0.0,-0.14805194805194805,-0.12467532467532468,-0.23636363636363636,-0.2649350649350649,-0.2935064935064935,-0.35844155844155845,-0.2779220779220779,-0.43116883116883115,-0.012987012987012988,-0.5272727272727272,-0.033766233766233764,-0.7402597402597403,-0.03896103896103896,-0.8805194805194805,-0.025974025974025976,-0.9974025974025974,0.09350649350649351,-0.4909090909090909,0.06233766233766234,-0.7090909090909091,0.05194805194805195,-0.8649350649350649,0.05454545454545454,-1.0,0.16363636363636364,-0.412987012987013,-0.033766233766233764,-0.5168831168831168,-0.16363636363636364,-0.41818181818181815,-0.22337662337662337,-0.3220779220779221,0.17402597402597403,-0.3090909090909091,-0.02857142857142857,-0.36623376623376624,-0.15324675324675324,-0.3142857142857143,-0.22077922077922077,-0.2571428571428571
1,0.0,0.0,-0.16310160427807488,-0.13101604278074866,-0.25935828877005346,-0.2647058823529412,-0.3181818181818182,-0.35294117647058826,-0.3315508021390374,-0.41711229946524064,-0.013368983957219251,-0.5213903743315508,-0.0427807486631016,-0.7272727272727273,-0.058823529411764705,-0.8663101604278075,-0.053475935828877004,-0.9786096256684492,0.0748663101604278,-0.4839572192513369,0.0213903743315508,-0.7192513368983957,-0.0053475935828877,-0.8716577540106952,-0.016042780748663103,-1.0,0.12566844919786097,-0.4037433155080214,-0.08823529411764706,-0.5053475935828877,-0.232620320855615,-0.42513368983957217,-0.3048128342245989,-0.34759358288770054,0.11229946524064172,-0.29411764705882354,-0.09090909090909091,-0.3582887700534759,-0.21390374331550802,-0.3181818181818182,-0.2807486631016043,-0.2700534759358289
1,0.0,0.0,-0.16442048517520216,-0.14555256064690028,-0.24528301886792453,-0.2857142857142857,-0.29649595687331537,-0.38005390835579517,-0.31266846361185985,-0.46900269541778977,0.0026954177897574125,-0.5202156334231806,-0.03773584905660377,-0.7304582210242587,-0.05660377358490566,-0.8733153638814016,-0.05660377358490566,-0.9892183288409704,0.0862533692722372,-0.48247978436657685,0.016172506738544475,-0.7142857142857143,-0.01078167115902965,-0.8706199460916442,-0.0215633423180593,-1.0,0.1293800539083558,-0.40431266846361186,-0.10242587601078167,-0.5121293800539084,-0.24528301886792453,-0.4339622641509434,-0.31536388140161725,-0.3557951482479784,0.1078167115902965,-0.29649595687331537,-0.10512129380053908,-0.3557951482479784,-0.23180592991913745,-0.3261455525606469,-0.2991913746630728,-0.2884097035040431
1,0.0,0.0,-0.14893617021276595,-0.1622340425531915,-0.21808510638297873,-0.3058510638297872,-0.26861702127659576,-0.4015957446808511,-0.26861702127659576,-0.48936170212765956,0.05319148936170213,-0.5159574468085106,0.023936170212765957,-0.726063829787234,0.010638297872340425,-0.8696808510638298,0.013297872340425532,-0.9867021276595744,0.125,-0.47074468085106386,0.061170212765957445,-0.7021276595744681,0.03723404255319149,-0.8670212765957447,0.031914893617021274,-1.0,0.15691489361702127,-0.3882978723404255,-0.0851063829787234,-0.5106382978723404,-0.22340425531914893,-0.43882978723404253,-0.2925531914893617,-0.36436170212765956,0.1196808510638298,-0.2872340425531915,-0.09308510638297872,-0.3696808510638298,-0.2127659574468085,-0.34308510638297873,-0.27925531914893614,-0.30319148936170215
1,0.0,0.0,-0.152,-0.16,-0.22933333333333333,-0.2986666666666667,-0.2853333333333333,-0.392,-0.29333333333333333,-0.4826666666666667,0.037333333333333336,-0.5173333333333333,0.010666666666666666,-0.7253333333333334,0.0026666666666666666,-0.8693333333333333,0.008,-0.984,0.112,-0.472,0.04533333333333334,-0.7013333333333334,0.021333333333333333,-0.864,0.016,-1.0,0.144,-0.3893333333333333,-0.088,-0.512,-0.22933333333333333,-0.44,-0.30133333333333334,-0.36,0.112,-0.288,-0.10133333333333333,-0.36,-0.224,-0.33866666666666667,-0.29333333333333333,-0.30133333333333334
1,0.0,0.0,-0.14516129032258066,-0.1693548387096774,-0.22043010752688172,-0.30913978494623656,-0.27956989247311825,-0.4032258064516129,-0.3010752688172043,-0.4838709677419355,0.051075268817204304,-0.5134408602150538,0.02956989247311828,-0.728494623655914,0.01881720430107527,-0.8763440860215054,0.01881720430107527,-0.9946236559139785,0.11827956989247312,-0.46774193548387094,0.056451612903225805,-0.6989247311827957,0.02956989247311828,-0.8655913978494624,0.01881720430107527,-1.0,0.1424731182795699,-0.3844086021505376,-0.0913978494623656,-0.5080645161290323,-0.23655913978494625,-0.44623655913978494,-0.30913978494623656,-0.3709677419354839,0.10483870967741936,-0.2849462365591398,-0.10483870967741936,-0.3629032258064516,-0.22849462365591397,-0.34408602150537637,-0.29838709677419356,-0.3064516129032258
1,0.0,0.0,-0.1394736842105263,-0.1631578947368421,-0.21052631578947367,-0.30526315789473685,-0.2657894736842105,-0.4,-0.28421052631578947,-0.48947368421052634,0.05526315789473684,-0.5052631578947369,0.02368421052631579,-0.7131578947368421,0.010526315789473684,-0.8605263157894737,0.015789473684210527,-0.9736842105263158,0.11315789473684211,-0.45789473684210524,0.039473684210526314,-0.6947368421052632,0.018421052631578946,-0.8631578947368421,0.018421052631578946,-1.0,0.13157894736842105,-0.37894736842105264,-0.10526315789473684,-0.5105263157894737,-0.2394736842105263,-0.4473684210526316,-0.3026315789473684,-0.3736842105263158,0.08947368421052632,-0.28157894736842104,-0.12368421052631579,-0.36578947368421055,-0.23684210526315788,-0.3473684210526316,-0.29473684210526313,-0.3131578947368421
1,0.0,0.0,-0.15343915343915343,-0.1746031746031746,-0.2222222222222222,-0.3201058201058201,-0.2804232804232804,-0.41005291005291006,-0.31216931216931215,-0.48677248677248675,0.042328042328042326,-0.5052910052910053,0.018518518518518517,-0.716931216931217,0.007936507936507936,-0.8624338624338624,0.005291005291005291,-0.9814814814814815,0.09788359788359788,-0.4470899470899471,0.031746031746031744,-0.6878306878306878,0.0026455026455026454,-0.8597883597883598,-0.010582010582010581,-1.0,0.10582010582010581,-0.35978835978835977,-0.1402116402116402,-0.5,-0.2724867724867725,-0.4417989417989418,-0.3306878306878307,-0.3783068783068783,0.047619047619047616,-0.2619047619047619,-0.16666666666666666,-0.35978835978835977,-0.2777777777777778,-0.3412698412698413,-0.328042328042328,-0.30952380952380953
1,0.0,0.0,-0.12631578947368421,-0.18421052631578946,-0.1868421052631579,-0.3368421052631579,-0.26052631578947366,-0.42894736842105263,-0.3131578947368421,-0.5078947368421053,0.07368421052631578,-0.5,0.05,-0.7236842105263158,0.03684210526315789,-0.8736842105263158,0.031578947368421054,-0.9921052631578947,0.10789473684210527,-0.4421052631578947,0.02631578947368421,-0.6973684210526315,-0.018421052631578946,-0.8657894736842106,-0.04736842105263158,-1.0,0.09473684210526316,-0.3605263157894737,-0.15263157894736842,-0.5210526315789473,-0.27631578947368424,-0.4631578947368421,-0.32894736842105265,-0.4026315789473684,0.02368421052631579,-0.26842105263157895,-0.1868421052631579,-0.37894736842105264,-0.29736842105263156,-0.37105263157894736,-0.3473684210526316,-0.3447368421052632
1,0.0,0.0,-0.05291005291005291,-0.21164021164021163,-0.07671957671957672,-0.3994708994708995,-0.12433862433862433,-0.5264550264550265,-0.18253968253968253,-0.6111111111111112,0.06613756613756613,-0.5158730158730159,0.013227513227513227,-0.7380952380952381,-0.021164021164021163,-0.8783068783068783,-0.03968253968253968,-1.0,0.08465608465608465,-0.43915343915343913,-0.047619047619047616,-0.6666666666666666,-0.1164021164021164,-0.8227513227513228,-0.164021164021164,-0.955026455026455,0.05026455026455026,-0.3386243386243386,-0.21957671957671956,-0.47883597883597884,-0.3439153439153439,-0.4576719576719577,-0.3862433862433862,-0.42857142857142855,-0.0291005291005291,-0.2328042328042328,-0.25132275132275134,-0.3386243386243386,-0.3306878306878307,-0.3386243386243386,-0.34656084656084657,-0.328042328042328
1,0.0,0.0,-0.0712401055408971,-0.20316622691292877,-0.10290237467018469,-0.38522427440633245,-0.15567282321899736,-0.5092348284960422,-0.21372031662269128,-0.5883905013192612,0.06068601583113457,-0.503957783641161,0.002638522427440633,-0.7335092348284961,-0.03430079155672823,-0.8786279683377308,-0.06596306068601583,-1.0,0.079155672823219,-0.43535620052770446,-0.04221635883905013,-0.6649076517150396,-0.1266490765171504,-0.8284960422163589,-0.18997361477572558,-0.9551451187335093,0.04221635883905013,-0.3403693931398417,-0.23218997361477572,-0.48021108179419525,-0.33773087071240104,-0.44591029023746703,-0.3641160949868074,-0.40633245382585753,-0.0395778364116095,-0.23746701846965698,-0.2717678100263852,-0.34300791556728233,-0.3482849604221636,-0.33773087071240104,-0.3562005277044855,-0.32981530343007914
1,0.0,0.0,-0.029333333333333333,-0.21333333333333335,-0.05333333333333334,-0.4,-0.11466666666666667,-0.528,-0.17333333333333334,-0.6213333333333333,0.06933333333333333,-0.512,0.0026666666666666666,-0.7386666666666667,-0.042666666666666665,-0.88,-0.07733333333333334,-1.0,0.08266666666666667,-0.43466666666666665,-0.056,-0.6613333333333333,-0.136,-0.8186666666666667,-0.192,-0.9493333333333334,0.04533333333333334,-0.328,-0.22933333333333333,-0.4666666666666667,-0.34933333333333333,-0.45066666666666666,-0.39466666666666667,-0.42933333333333334,-0.034666666666666665,-0.216,-0.264,-0.31733333333333336,-0.3466666666666667,-0.33066666666666666,-0.37066666666666664,-0.3333333333333333
1,0.0,0.0,-0.008,-0.20533333333333334,-0.021333333333333333,-0.3893333333333333,-0.08,-0.5253333333333333,-0.136,-0.6266666666666667,0.09333333333333334,-0.49866666666666665,0.04,-0.7333333333333333,0.0,-0.8773333333333333,-0.032,-1.0,0.09066666666666667,-0.424,-0.05333333333333334,-0.6586666666666666,-0.136,-0.816,-0.192,-0.9466666666666667,0.032,-0.32266666666666666,-0.24,-0.472,-0.3413333333333333,-0.4533333333333333,-0.368,-0.42933333333333334,-0.058666666666666666,-0.22133333333333333,-0.2853333333333333,-0.33866666666666667,-0.352,-0.3466666666666667,-0.36,-0.34933333333333333
1,0.0,0.0,0.015915119363395226,-0.1909814323607427,-0.002652519893899204,-0.3687002652519894,-0.08488063660477453,-0.5013262599469496,-0.16976127320954906,-0.583554376657825,0.10610079575596817,-0.4827586206896552,0.04509283819628647,-0.7294429708222812,0.002652519893899204,-0.8753315649867374,-0.029177718832891247,-1.0,0.09018567639257294,-0.40848806366047746,-0.05305039787798409,-0.6551724137931034,-0.14323607427055704,-0.8116710875331565,-0.20689655172413793,-0.9389920424403183,0.021220159151193633,-0.3156498673740053,-0.2413793103448276,-0.4827586206896552,-0.32360742705570295,-0.4535809018567639,-0.33421750663129973,-0.41644562334217505,-0.08222811671087533,-0.22546419098143236,-0.29708222811671087,-0.35543766578249336,-0.35278514588859416,-0.35809018567639256,-0.35013262599469497,-0.35013262599469497
1,0.0,0.0,0.023746701846965697,-0.18997361477572558,0.0,-0.3720316622691293,-0.09234828496042216,-0.503957783641161,-0.18733509234828497,-0.58311345646438,0.11345646437994723,-0.48812664907651715,0.05013192612137203,-0.7255936675461742,0.0079155672823219,-0.8759894459102903,-0.026385224274406333,-1.0,0.08970976253298153,-0.41424802110817943,-0.0633245382585752,-0.662269129287599,-0.15567282321899736,-0.820580474934037,-0.22163588390501318,-0.9445910290237467,0.013192612137203167,-0.32981530343007914,-0.23482849604221637,-0.5065963060686016,-0.32717678100263853,-0.49604221635883905,-0.35356200527704484,-0.46701846965699206,-0.09234828496042216,-0.24538258575197888,-0.2955145118733509,-0.37994722955145116,-0.35356200527704484,-0.38522427440633245,-0.35883905013192613,-0.37994722955145116
1,0.0,0.0,0.040214477211796246,-0.19839142091152814,0.013404825737265416,-0.3941018766756032,-0.10455764075067024,-0.5308310991957105,-0.21447721179624665,-0.5871313672922251,0.0938337801608579,-0.4879356568364611,0.013404825737265416,-0.7292225201072386,-0.032171581769437,-0.8793565683646113,-0.064343163538874,-1.0,0.04825737265415549,-0.4101876675603217,-0.12332439678284182,-0.6568364611260054,-0.21983914209115282,-0.8123324396782842,-0.2761394101876676,-0.935656836461126,-0.03485254691689008,-0.3190348525469169,-0.2949061662198391,-0.4932975871313673,-0.3136729222520107,-0.4289544235924933,-0.2680965147453083,-0.3699731903485255,-0.14209115281501342,-0.23324396782841822,-0.3512064343163539,-0.3699731903485255,-0.34584450402144773,-0.32439678284182305,-0.289544235924933,-0.2761394101876676
1,0.0,0.0,0.029333333333333333,-0.20266666666666666,-0.005333333333333333,-0.4053333333333333,-0.12533333333333332,-0.536,-0.24,-0.5946666666666667,0.07466666666666667,-0.49866666666666665,-0.008,-0.7333333333333333,-0.058666666666666666,-0.88,-0.096,-1.0,0.024,-0.4186666666666667,-0.144,-0.6586666666666666,-0.24533333333333332,-0.8186666666666667,-0.31466666666666665,-0.9413333333333334,-0.064,-0.32266666666666666,-0.31733333333333336,-0.5066666666666667,-0.344,-0.45866666666666667,-0.30933333333333335,-0.4,-0.17333333333333334,-0.22933333333333333,-0.376,-0.376,-0.38133333333333336,-0.34933333333333333,-0.336,-0.30933333333333335
1,0.0,0.0,0.03485254691689008,-0.2037533512064343,-0.010723860589812333,-0.4128686327077748,-0.1447721179624665,-0.546916890080429,-0.26541554959785524,-0.6112600536193029,0.08042895442359249,-0.4959785522788204,0.0,-0.7345844504021448,-0.04825737265415549,-0.8820375335120644,-0.08579088471849866,-1.0,0.0160857908847185,-0.4155495978552279,-0.1581769436997319,-0.6675603217158177,-0.2546916890080429,-0.8230563002680965,-0.32171581769436997,-0.9410187667560321,-0.0777479892761394,-0.32439678284182305,-0.3190348525469169,-0.517426273458445,-0.3297587131367292,-0.4691689008042895,-0.29222520107238603,-0.4075067024128686,-0.1903485254691689,-0.23324396782841822,-0.3753351206434316,-0.3914209115281501,-0.3699731903485255,-0.35656836461126007,-0.32171581769436997,-0.3109919571045576
1,0.0,0.0,0.04054054054054054,-0.20540540540540542,0.005405405405405406,-0.4243243243243243,-0.10810810810810811,-0.572972972972973,-0.22702702702702704,-0.6432432432432432,0.06756756756756757,-0.4945945945945946,-0.024324324324324326,-0.7297297297297297,-0.07567567567567568,-0.8783783783783784,-0.11621621621621622,-1.0,-0.005405405405405406,-0.42162162162162165,-0.20270270270270271,-0.6810810810810811,-0.2945945945945946,-0.827027027027027,-0.35405405405405405,-0.9378378378378378,-0.10540540540540541,-0.327027027027027,-0.35405405405405405,-0.5297297297297298,-0.33513513513513515,-0.46756756756756757,-0.2756756756756757,-0.3972972972972973,-0.21891891891891893,-0.22972972972972974,-0.4027027027027027,-0.40540540540540543,-0.3783783783783784,-0.3621621621621622,-0.31891891891891894,-0.3054054054054054
1,0.0,0.0,0.0431266846361186,-0.20215633423180593,0.0,-0.4123989218328841,-0.11590296495956873,-0.5417789757412399,-0.2398921832884097,-0.5956873315363881,0.04582210242587601,-0.49865229110512127,-0.05121293800539083,-0.7331536388140162,-0.09703504043126684,-0.8787061994609164,-0.14016172506738545,-1.0,-0.03773584905660377,-0.42318059299191374,-0.21293800539083557,-0.6765498652291105,-0.3045822102425876,-0.8247978436657682,-0.38005390835579517,-0.9460916442048517,-0.14016172506738545,-0.3288409703504043,-0.3719676549865229,-0.5283018867924528,-0.3450134770889488,-0.46630727762803237,-0.2857142857142857,-0.39892183288409705,-0.25067385444743934,-0.23180592991913745,-0.41509433962264153,-0.40161725067385445,-0.38544474393531,-0.3611859838274933,-0.3261455525606469,-0.30727762803234504
1,0.0,0.0,0.051771117166212535,-0.1907356948228883,0.01907356948228883,-0.39509536784741145,-0.08719346049046321,-0.5258855585831063,-0.2016348773841962,-0.5994550408719346,0.0653950953678474,-0.47956403269754766,-0.01907356948228883,-0.7356948228882834,-0.05994550408719346,-0.8828337874659401,-0.1008174386920981,-1.0,-0.035422343324250684,-0.39509536784741145,-0.20435967302452315,-0.667574931880109,-0.29427792915531337,-0.8201634877384196,-0.37057220708446864,-0.9318801089918256,-0.1553133514986376,-0.30517711171662126,-0.33787465940054495,-0.5231607629427792,-0.3079019073569482,-0.4713896457765668,-0.26430517711171664,-0.40054495912806537,-0.2724795640326976,-0.22343324250681199,-0.3923705722070845,-0.4087193460490463,-0.35967302452316074,-0.37057220708446864,-0.3215258855585831,-0.3133514986376022
1,0.0,0.0,0.05449591280653951,-0.1989100817438692,0.01907356948228883,-0.4087193460490463,-0.09264305177111716,-0.547683923705722,-0.20708446866485014,-0.6348773841961853,0.0653950953678474,-0.47411444141689374,-0.01907356948228883,-0.7356948228882834,-0.06267029972752043,-0.8828337874659401,-0.10626702997275204,-1.0,-0.04632152588555858,-0.3896457765667575,-0.21798365122615804,-0.670299727520436,-0.30517711171662126,-0.8228882833787466,-0.3787465940054496,-0.9346049046321526,-0.16893732970027248,-0.2997275204359673,-0.35149863760217986,-0.5367847411444142,-0.3133514986376022,-0.4904632152588556,-0.2670299727520436,-0.4196185286103542,-0.28610354223433243,-0.21798365122615804,-0.4032697547683924,-0.41689373297002724,-0.3651226158038147,-0.38419618528610355,-0.3215258855585831,-0.329700272479564
1,0.0,0.0,0.0743801652892562,-0.19008264462809918,0.046831955922865015,-0.39944903581267216,-0.07162534435261708,-0.5399449035812672,-0.19834710743801653,-0.6198347107438017,0.09917355371900827,-0.4628099173553719,0.008264462809917356,-0.7327823691460055,-0.03581267217630854,-0.8787878787878788,-0.07162534435261708,-1.0,-0.01928374655647383,-0.38016528925619836,-0.18457300275482094,-0.6611570247933884,-0.2699724517906336,-0.8181818181818182,-0.33884297520661155,-0.9393939393939394,-0.1487603305785124,-0.29476584022038566,-0.3168044077134986,-0.5454545454545454,-0.27823691460055094,-0.4986225895316804,-0.23140495867768596,-0.42699724517906334,-0.26721763085399447,-0.21487603305785125,-0.3746556473829201,-0.4214876033057851,-0.3333333333333333,-0.3884297520661157,-0.2865013774104683,-0.325068870523416
1,0.0,0.0,0.09497206703910614,-0.1871508379888268,0.07541899441340782,-0.3994413407821229,-0.03910614525139665,-0.5391061452513967,-0.17318435754189945,-0.61731843575419,0.11173184357541899,-0.4329608938547486,0.05027932960893855,-0.7178770949720671,0.013966480446927373,-0.8743016759776536,-0.0223463687150838,-1.0,-0.01675977653631285,-0.36033519553072624,-0.164804469273743,-0.6620111731843575,-0.24022346368715083,-0.8296089385474861,-0.3016759776536313,-0.9553072625698324,-0.15083798882681565,-0.2905027932960894,-0.29329608938547486,-0.5642458100558659,-0.24860335195530725,-0.5251396648044693,-0.20391061452513967,-0.44972067039106145,-0.2709497206703911,-0.22346368715083798,-0.35195530726256985,-0.441340782122905,-0.30446927374301674,-0.41620111731843573,-0.26256983240223464,-0.35195530726256985
1,0.0,0.0,0.08498583569405099,-0.18980169971671387,0.06232294617563739,-0.39943342776203966,-0.05099150141643059,-0.5325779036827195,-0.1813031161473088,-0.6062322946175638,0.09915014164305949,-0.43342776203966005,0.0453257790368272,-0.71671388101983,0.0113314447592068,-0.8725212464589235,-0.025495750708215296,-1.0,-0.028328611898016998,-0.3597733711048159,-0.1671388101983003,-0.660056657223796,-0.24079320113314448,-0.830028328611898,-0.3031161473087819,-0.9546742209631728,-0.16147308781869688,-0.28895184135977336,-0.3002832861189802,-0.5637393767705382,-0.24929178470254956,-0.5297450424929179,-0.20679886685552407,-0.45325779036827196,-0.28328611898017,-0.22662889518413598,-0.3597733711048159,-0.45325779036827196,-0.311614730878187,-0.42209631728045327,-0.26912181303116145,-0.3597733711048159
1,0.0,0.0,0.11242603550295859,-0.16568047337278108,0.16568047337278108,-0.3816568047337278,0.16863905325443787,-0.5591715976331361,0.15384615384615385,-0.6952662721893491,0.14201183431952663,-0.40532544378698226,0.12130177514792899,-0.6982248520710059,0.11242603550295859,-0.863905325443787,0.09763313609467456,-0.9940828402366864,0.0,-0.3520710059171598,-0.10355029585798817,-0.6775147928994083,-0.15680473372781065,-0.8609467455621301,-0.21005917159763313,-1.0,-0.1390532544378698,-0.30177514792899407,-0.22781065088757396,-0.5887573964497042,-0.1804733727810651,-0.5473372781065089,-0.14792899408284024,-0.46745562130177515,-0.257396449704142,-0.2514792899408284,-0.29289940828402367,-0.4970414201183432,-0.2485207100591716,-0.45857988165680474,-0.21893491124260356,-0.3816568047337278
1,0.0,0.0,0.12195121951219512,-0.17073170731707318,0.1676829268292683,-0.3932926829268293,0.14939024390243902,-0.5762195121951219,0.08841463414634146,-0.7073170731707317,0.1524390243902439,-0.39939024390243905,0.1402439024390244,-0.7073170731707317,0.13109756097560976,-0.8689024390243902,0.11585365853658537,-1.0,0.006097560975609756,-0.3475609756097561,-0.10060975609756098,-0.6859756097560976,-0.15548780487804878,-0.8628048780487805,-0.21036585365853658,-0.9939024390243902,-0.13719512195121952,-0.2926829268292683,-0.2347560975609756,-0.5853658536585366,-0.18292682926829268,-0.5396341463414634,-0.14634146341463414,-0.4573170731707317,-0.25609756097560976,-0.23780487804878048,-0.29878048780487804,-0.47560975609756095,-0.2530487804878049,-0.4420731707317073,-0.2225609756097561,-0.375
1,0.0,0.0,0.10909090909090909,-0.17272727272727273,0.15151515151515152,-0.3878787878787879,0.13636363636363635,-0.5575757575757576,0.09090909090909091,-0.6787878787878788,0.1393939393939394,-0.41818181818181815,0.12121212121212122,-0.706060606060606,0.11212121212121212,-0.8696969696969697,0.1,-1.0,0.0,-0.36363636363636365,-0.10909090909090909,-0.6878787878787879,-0.16363636363636364,-0.8636363636363636,-0.21515151515151515,-1.0,-0.1393939393939394,-0.30606060606060603,-0.24848484848484848,-0.593939393939394,-0.20303030303030303,-0.5424242424242425,-0.16363636363636364,-0.45454545454545453,-0.2606060606060606,-0.2515151515151515,-0.3090909090909091,-0.47878787878787876,-0.26666666666666666,-0.4393939393939394,-0.23333333333333334,-0.3696969696969697
1,0.0,0.0,0.09939759036144578,-0.1746987951807229,0.13855421686746988,-0.39156626506024095,0.12650602409638553,-0.5572289156626506,0.09337349397590361,-0.677710843373494,0.14457831325301204,-0.43373493975903615,0.10240963855421686,-0.7108433734939759,0.08734939759036145,-0.8674698795180723,0.06927710843373494,-1.0,0.024096385542168676,-0.3674698795180723,-0.10542168674698796,-0.677710843373494,-0.1716867469879518,-0.8493975903614458,-0.22590361445783133,-0.9849397590361446,-0.10843373493975904,-0.30120481927710846,-0.25,-0.5783132530120482,-0.21686746987951808,-0.5210843373493976,-0.18072289156626506,-0.4367469879518072,-0.23493975903614459,-0.24096385542168675,-0.31626506024096385,-0.4578313253012048,-0.2740963855421687,-0.4186746987951807,-0.23795180722891565,-0.35240963855421686
1,0.0,0.0,0.04229607250755287,-0.1903323262839879,0.045317220543806644,-0.3806646525679758,-0.021148036253776436,-0.5347432024169184,-0.09667673716012085,-0.6344410876132931,0.14803625377643503,-0.48338368580060426,0.09969788519637462,-0.7250755287009063,0.06948640483383686,-0.8761329305135952,0.04833836858006042,-1.0,0.12386706948640483,-0.4199395770392749,-0.027190332326283987,-0.6737160120845922,-0.11178247734138973,-0.8338368580060423,-0.16314199395770393,-0.9667673716012085,0.04833836858006042,-0.338368580060423,-0.19637462235649547,-0.5166163141993958,-0.27794561933534745,-0.486404833836858,-0.28700906344410876,-0.44410876132930516,-0.054380664652567974,-0.256797583081571,-0.2628398791540785,-0.38368580060422963,-0.3202416918429003,-0.3806646525679758,-0.32326283987915405,-0.3685800604229607
1,0.0,0.0,-0.171875,-0.178125,-0.253125,-0.325,-0.309375,-0.434375,-0.3125,-0.50625,0.053125,-0.55625,-0.009375,-0.75,-0.053125,-0.8875,-0.0875,-0.99375,0.1125,-0.509375,-0.00625,-0.740625,-0.0875,-0.884375,-0.14375,-1.0,0.125,-0.4375,-0.125,-0.565625,-0.253125,-0.496875,-0.315625,-0.428125,0.08125,-0.34375,-0.140625,-0.425,-0.25,-0.4,-0.303125,-0.36875
1,0.0,0.0,-0.1969111969111969,0.06177606177606178,-0.3938223938223938,0.03088803088803089,-0.4671814671814672,-0.12355212355212356,-0.46332046332046334,-0.26640926640926643,-0.5675675675675675,-0.04247104247104247,-0.7799227799227799,-0.07335907335907337,-0.8996138996138996,-0.09652509652509653,-1.0,-0.11969111969111969,-0.5212355212355212,-0.16602316602316602,-0.7104247104247104,-0.26640926640926643,-0.8223938223938224,-0.3281853281853282,-0.9034749034749034,-0.38223938223938225,-0.42857142857142855,-0.25868725868725867,-0.5173745173745173,-0.32432432432432434,-0.43243243243243246,-0.2548262548262548,-0.3552123552123552,-0.1969111969111969,-0.3281853281853282,-0.32432432432432434,-0.41312741312741313,-0.38996138996138996,-0.3745173745173745,-0.3436293436293436,-0.3204633204633205,-0.305019305019305
1,0.0,0.0,-0.17777777777777778,0.08444444444444445,-0.37777777777777777,0.05333333333333334,-0.4711111111111111,-0.12444444444444444,-0.4888888888888889,-0.27555555555555555,-0.5377777777777778,0.035555555555555556,-0.76,0.022222222222222223,-0.8888888888888888,0.008888888888888889,-1.0,-0.0044444444444444444,-0.5066666666666667,-0.09333333333333334,-0.72,-0.18666666666666668,-0.84,-0.23555555555555555,-0.9288888888888889,-0.27555555555555555,-0.43555555555555553,-0.19555555555555557,-0.5333333333333333,-0.26666666666666666,-0.44,-0.21777777777777776,-0.3511111111111111,-0.17333333333333334,-0.3511111111111111,-0.27555555555555555,-0.4577777777777778,-0.3511111111111111,-0.4177777777777778,-0.32,-0.36444444444444446,-0.28888888888888886
1,0.0,0.0,-0.14375,0.1375,-0.3625,0.2,-0.575,0.0875,-0.69375,-0.05625,-0.48125,0.35625,-0.7,0.3875,-0.86875,0.38125,-1.0,0.36875,-0.50625,0.21875,-0.7375,0.16875,-0.88125,0.1125,-0.9875,0.0625,-0.4875,0.06875,-0.65625,0.0,-0.64375,-0.075,-0.63125,-0.14375,-0.44375,-0.0625,-0.575,-0.1,-0.5625,-0.15,-0.54375,-0.1875
1,0.0,0.0,-0.14634146341463414,0.14634146341463414,-0.33658536585365856,0.2097560975609756,-0.5073170731707317,0.08292682926829269,-0.6,-0.03902439024390244,-0.4878048780487805,0.3121951219512195,-0.7024390243902439,0.40487804878048783,-0.8341463414634146,0.44878048780487806,-0.9414634146341463,0.4878048780487805,-0.5219512195121951,0.17073170731707318,-0.7560975609756098,0.2097560975609756,-0.9024390243902439,0.22439024390243903,-1.0,0.23414634146341465,-0.4975609756097561,0.04390243902439024,-0.6292682926829268,0.01951219512195122,-0.5414634146341464,0.0,-0.4634146341463415,-0.004878048780487805,-0.45365853658536587,-0.06829268292682927,-0.5853658536585366,-0.07804878048780488,-0.5317073170731708,-0.07804878048780488,-0.4634146341463415,-0.07804878048780488
1,0.0,0.0,-0.08045977011494253,0.13793103448275862,-0.25862068965517243,0.23563218390804597,-0.4885057471264368,0.1839080459770115,-0.6551724137931034,0.13218390804597702,-0.39080459770114945,0.45977011494252873,-0.5919540229885057,0.6264367816091954,-0.7241379310344828,0.7183908045977011,-0.8333333333333334,0.7873563218390804,-0.4827586206896552,0.3448275862068966,-0.7241379310344828,0.45977011494252873,-0.8793103448275862,0.5114942528735632,-1.0,0.5517241379310345,-0.5,0.21264367816091953,-0.6609195402298851,0.1839080459770115,-0.5804597701149425,0.10919540229885058,-0.5114942528735632,0.07471264367816093,-0.4885057471264368,0.08620689655172414,-0.6436781609195402,0.06321839080459771,-0.5977011494252874,0.022988505747126436,-0.5344827586206896,0.005747126436781609
1,0.0,0.0,-0.06432748538011696,0.13450292397660818,-0.2222222222222222,0.24561403508771928,-0.45614035087719296,0.2222222222222222,-0.631578947368421,0.19298245614035087,-0.38011695906432746,0.47953216374269003,-0.5789473684210527,0.6608187134502924,-0.7076023391812866,0.7602339181286549,-0.8128654970760234,0.847953216374269,-0.47953216374269003,0.36257309941520466,-0.7251461988304093,0.49122807017543857,-0.8713450292397661,0.5555555555555556,-1.0,0.6081871345029239,-0.5087719298245614,0.22807017543859648,-0.6549707602339181,0.21637426900584794,-0.5614035087719298,0.14035087719298245,-0.47953216374269003,0.09941520467836257,-0.49707602339181284,0.0935672514619883,-0.6374269005847953,0.08771929824561403,-0.5789473684210527,0.04678362573099415,-0.5146198830409356,0.029239766081871343
1,0.0,0.0,-0.03592814371257485,0.1437125748502994,-0.17964071856287425,0.2694610778443114,-0.41317365269461076,0.25149700598802394,-0.5868263473053892,0.23353293413173654,-0.3592814371257485,0.49700598802395207,-0.5508982035928144,0.6946107784431138,-0.6706586826347305,0.8083832335329342,-0.7844311377245509,0.9041916167664671,-0.47305389221556887,0.39520958083832336,-0.7125748502994012,0.5389221556886228,-0.8682634730538922,0.6047904191616766,-1.0,0.6586826347305389,-0.5149700598802395,0.2634730538922156,-0.6766467065868264,0.25149700598802394,-0.5808383233532934,0.16167664670658682,-0.49700598802395207,0.11976047904191617,-0.5149700598802395,0.1317365269461078,-0.6467065868263473,0.10778443113772455,-0.592814371257485,0.059880239520958084,-0.5329341317365269,0.041916167664670656
1,0.0,0.0,-0.047619047619047616,0.14285714285714285,-0.19642857142857142,0.26785714285714285,-0.42857142857142855,0.23809523809523808,-0.6071428571428571,0.19642857142857142,-0.3630952380952381,0.5,-0.5654761904761905,0.6904761904761905,-0.6845238095238095,0.8035714285714286,-0.7916666666666666,0.8869047619047619,-0.47619047619047616,0.40476190476190477,-0.7202380952380952,0.5357142857142857,-0.8690476190476191,0.5952380952380952,-1.0,0.6547619047619048,-0.5119047619047619,0.27380952380952384,-0.6845238095238095,0.25595238095238093,-0.5952380952380952,0.16666666666666666,-0.5238095238095238,0.125,-0.5059523809523809,0.13095238095238096,-0.6547619047619048,0.1130952380952381,-0.5892857142857143,0.06547619047619048,-0.5238095238095238,0.05357142857142857
1,0.0,0.0,-0.05755395683453238,0.20863309352517986,-0.2014388489208633,0.3597122302158273,-0.35251798561151076,0.45323741007194246,-0.4676258992805755,0.4748201438848921,-0.2949640287769784,0.34532374100719426,-0.4748201438848921,0.5827338129496403,-0.60431654676259,0.7338129496402878,-0.697841726618705,0.8561151079136691,-0.3669064748201439,0.2302158273381295,-0.6762589928057554,0.31654676258992803,-0.8705035971223022,0.4316546762589928,-1.0,0.5179856115107914,-0.37410071942446044,0.10071942446043165,-0.6187050359712231,0.07913669064748201,-0.5971223021582733,0.014388489208633094,-0.5467625899280576,-0.04316546762589928,-0.3381294964028777,-0.03597122302158273,-0.5179856115107914,-0.05755395683453238,-0.49640287769784175,-0.09352517985611511,-0.4460431654676259,-0.11510791366906475
1,0.0,0.0,-0.017142857142857144,0.16,-0.13714285714285715,0.3142857142857143,-0.36,0.32571428571428573,-0.5371428571428571,0.30857142857142855,-0.32,0.5542857142857143,-0.48,0.7657142857142857,-0.5828571428571429,0.8914285714285715,-0.6742857142857143,1.0,-0.44,0.45714285714285713,-0.6514285714285715,0.6,-0.7885714285714286,0.6742857142857143,-0.9028571428571428,0.7485714285714286,-0.49142857142857144,0.3314285714285714,-0.6342857142857142,0.3657142857142857,-0.5428571428571428,0.2571428571428571,-0.45714285714285713,0.2,-0.5085714285714286,0.19428571428571428,-0.6457142857142857,0.24,-0.5771428571428572,0.18857142857142858,-0.5085714285714286,0.15428571428571428
1,0.0,0.0,-0.011049723756906077,0.17679558011049723,-0.12154696132596685,0.3425414364640884,-0.3314917127071823,0.35911602209944754,-0.5027624309392266,0.3259668508287293,-0.30939226519337015,0.574585635359116,-0.4419889502762431,0.7734806629834254,-0.5359116022099447,0.8950276243093923,-0.6132596685082873,1.0,-0.430939226519337,0.47513812154696133,-0.6243093922651933,0.6243093922651933,-0.7513812154696132,0.712707182320442,-0.856353591160221,0.7955801104972375,-0.4861878453038674,0.3425414364640884,-0.6187845303867403,0.3812154696132597,-0.5193370165745856,0.2983425414364641,-0.4419889502762431,0.2541436464088398,-0.5027624309392266,0.19889502762430938,-0.6132596685082873,0.23756906077348067,-0.5469613259668509,0.20441988950276244,-0.48066298342541436,0.18232044198895028
1,0.0,0.0,-0.005494505494505495,0.18681318681318682,-0.12087912087912088,0.35714285714285715,-0.32967032967032966,0.3626373626373626,-0.5,0.3241758241758242,-0.3021978021978022,0.5714285714285714,-0.42857142857142855,0.7802197802197802,-0.521978021978022,0.9010989010989011,-0.6098901098901099,1.0,-0.4230769230769231,0.46703296703296704,-0.6208791208791209,0.6263736263736264,-0.7417582417582418,0.7197802197802198,-0.8461538461538461,0.7967032967032966,-0.4835164835164835,0.32967032967032966,-0.6153846153846154,0.38461538461538464,-0.5,0.32967032967032966,-0.41208791208791207,0.2967032967032967,-0.5,0.1813186813186813,-0.5934065934065934,0.23626373626373626,-0.510989010989011,0.21428571428571427,-0.44505494505494503,0.1978021978021978
1,0.0,0.0,0.016129032258064516,0.1774193548387097,-0.08064516129032258,0.3655913978494624,-0.2956989247311828,0.3817204301075269,-0.45698924731182794,0.3333333333333333,-0.24731182795698925,0.5806451612903226,-0.3602150537634409,0.7741935483870968,-0.44623655913978494,0.8978494623655914,-0.5161290322580645,1.0,-0.3763440860215054,0.489247311827957,-0.5645161290322581,0.6505376344086021,-0.6720430107526881,0.7365591397849462,-0.7634408602150538,0.8225806451612904,-0.44086021505376344,0.3655913978494624,-0.5698924731182796,0.40860215053763443,-0.4731182795698925,0.3387096774193548,-0.3978494623655914,0.3010752688172043,-0.4731182795698925,0.22580645161290322,-0.553763440860215,0.26344086021505375,-0.478494623655914,0.22580645161290322,-0.41397849462365593,0.1989247311827957
1,0.0,0.0,0.016129032258064516,0.1989247311827957,-0.05913978494623656,0.3978494623655914,-0.24193548387096775,0.45161290322580644,-0.4032258064516129,0.43548387096774194,-0.23655913978494625,0.5913978494623656,-0.34946236559139787,0.7903225806451613,-0.43010752688172044,0.9086021505376344,-0.5,1.0,-0.34946236559139787,0.5,-0.5268817204301075,0.6774193548387096,-0.6344086021505376,0.7741935483870968,-0.7258064516129032,0.8548387096774194,-0.41397849462365593,0.3709677419354839,-0.5268817204301075,0.45161290322580644,-0.42473118279569894,0.3817204301075269,-0.3387096774193548,0.3333333333333333,-0.44086021505376344,0.22580645161290322,-0.5483870967741935,0.3172043010752688,-0.46774193548387094,0.27956989247311825,-0.3978494623655914,0.23655913978494625
1,0.0,0.0,0.021621621621621623,0.1945945945945946,-0.03783783783783784,0.3945945945945946,-0.1945945945945946,0.4702702702702703,-0.34594594594594597,0.44324324324324327,-0.24324324324324326,0.6,-0.34594594594594597,0.7945945945945946,-0.42162162162162165,0.9081081081081082,-0.4972972972972973,1.0,-0.3567567567567568,0.5081081081081081,-0.518918918918919,0.6810810810810811,-0.6162162162162163,0.7837837837837838,-0.7135135135135136,0.8702702702702703,-0.42162162162162165,0.372972972972973,-0.5297297297297298,0.4756756756756757,-0.3945945945945946,0.40540540540540543,-0.3027027027027027,0.34054054054054056,-0.4540540540540541,0.21621621621621623,-0.5351351351351351,0.32972972972972975,-0.43783783783783786,0.3027027027027027,-0.3567567567567568,0.2594594594594595
1,0.0,0.0,0.02197802197802198,0.21978021978021978,-0.04395604395604396,0.4175824175824176,-0.2032967032967033,0.489010989010989,-0.3516483516483517,0.46703296703296704,-0.25274725274725274,0.5989010989010989,-0.3791208791208791,0.7912087912087912,-0.45604395604395603,0.9065934065934066,-0.532967032967033,1.0,-0.35714285714285715,0.5054945054945055,-0.521978021978022,0.6758241758241759,-0.6263736263736264,0.7857142857142857,-0.7197802197802198,0.8736263736263736,-0.4175824175824176,0.37362637362637363,-0.532967032967033,0.489010989010989,-0.42857142857142855,0.45054945054945056,-0.33516483516483514,0.3956043956043956,-0.45054945054945056,0.21428571428571427,-0.5439560439560439,0.3241758241758242,-0.45054945054945056,0.31868131868131866,-0.3516483516483517,0.2802197802197802
1,0.0,0.0,0.03804347826086957,0.21195652173913043,-0.016304347826086956,0.41847826086956524,-0.1793478260869565,0.4945652173913043,-0.3423913043478261,0.45652173913043476,-0.25,0.6141304347826086,-0.3695652173913043,0.7989130434782609,-0.45108695652173914,0.907608695652174,-0.5217391304347826,1.0,-0.358695652173913,0.5163043478260869,-0.5217391304347826,0.6902173913043478,-0.6195652173913043,0.8043478260869565,-0.7119565217391305,0.8967391304347826,-0.42391304347826086,0.3858695652173913,-0.5489130434782609,0.5,-0.41304347826086957,0.45108695652173914,-0.30434782608695654,0.391304347826087,-0.45652173913043476,0.22826086956521738,-0.5489130434782609,0.3532608695652174,-0.44565217391304346,0.33695652173913043,-0.34782608695652173,0.29347826086956524
1,0.0,0.0,0.04864864864864865,0.23243243243243245,-0.016216216216216217,0.43243243243243246,-0.14054054054054055,0.4972972972972973,-0.24324324324324326,0.4972972972972973,-0.2648648648648649,0.5783783783783784,-0.3837837837837838,0.772972972972973,-0.4540540540540541,0.8972972972972973,-0.518918918918919,1.0,-0.3621621621621622,0.4864864864864865,-0.5297297297297298,0.6594594594594595,-0.6270270270270271,0.7837837837837838,-0.7135135135135136,0.8756756756756757,-0.41621621621621624,0.35135135135135137,-0.5351351351351351,0.4702702702702703,-0.41621621621621624,0.4594594594594595,-0.3081081081081081,0.42162162162162165,-0.43243243243243246,0.1945945945945946,-0.5081081081081081,0.31351351351351353,-0.4,0.32972972972972975,-0.3027027027027027,0.3081081081081081
1,0.0,0.0,0.054945054945054944,0.2032967032967033,0.03296703296703297,0.4065934065934066,-0.06043956043956044,0.510989010989011,-0.19230769230769232,0.5164835164835165,-0.25274725274725274,0.5879120879120879,-0.3626373626373626,0.7802197802197802,-0.4340659340659341,0.9010989010989011,-0.5054945054945055,1.0,-0.34615384615384615,0.5,-0.5054945054945055,0.6813186813186813,-0.5879120879120879,0.8186813186813187,-0.6703296703296703,0.9230769230769231,-0.4010989010989011,0.36813186813186816,-0.510989010989011,0.5054945054945055,-0.37362637362637363,0.4835164835164835,-0.26373626373626374,0.4340659340659341,-0.41208791208791207,0.21978021978021978,-0.47802197802197804,0.35714285714285715,-0.35714285714285715,0.3626373626373626,-0.25274725274725274,0.31868131868131866
1,0.0,0.0,0.06914893617021277,0.21808510638297873,0.031914893617021274,0.4308510638297872,-0.09042553191489362,0.5159574468085106,-0.2127659574468085,0.5106382978723404,-0.25,0.574468085106383,-0.324468085106383,0.7712765957446809,-0.3829787234042553,0.898936170212766,-0.43617021276595747,1.0,-0.3351063829787234,0.48404255319148937,-0.5053191489361702,0.6595744680851063,-0.5957446808510638,0.7872340425531915,-0.675531914893617,0.8829787234042553,-0.3882978723404255,0.3617021276595745,-0.48404255319148937,0.48936170212765956,-0.34574468085106386,0.4946808510638298,-0.22872340425531915,0.46808510638297873,-0.39893617021276595,0.22340425531914893,-0.44680851063829785,0.3617021276595745,-0.32978723404255317,0.3723404255319149,-0.22340425531914893,0.3404255319148936
1,0.0,0.0,0.06770833333333333,0.20833333333333334,0.0625,0.40625,0.015625,0.5052083333333334,-0.08333333333333333,0.5208333333333334,-0.234375,0.5885416666666666,-0.3229166666666667,0.78125,-0.3802083333333333,0.9010416666666666,-0.4270833333333333,1.0,-0.3177083333333333,0.5,-0.4427083333333333,0.6666666666666666,-0.5104166666666666,0.78125,-0.5677083333333334,0.8802083333333334,-0.359375,0.3802083333333333,-0.359375,0.5104166666666666,-0.21354166666666666,0.5052083333333334,-0.109375,0.4739583333333333,-0.359375,0.24479166666666666,-0.3385416666666667,0.375,-0.20833333333333334,0.390625,-0.09895833333333333,0.3697916666666667
1,0.0,0.0,-0.13975155279503104,-0.059006211180124224,-0.14285714285714285,-0.2826086956521739,-0.062111801242236024,-0.46273291925465837,0.046583850931677016,-0.562111801242236,-0.15838509316770186,-0.40993788819875776,-0.06832298136645963,-0.6987577639751553,-0.018633540372670808,-0.8726708074534162,0.021739130434782608,-1.0,-0.024844720496894408,-0.38198757763975155,0.14596273291925466,-0.6956521739130435,0.2484472049689441,-0.8571428571428571,0.3105590062111801,-0.9565217391304348,0.13043478260869565,-0.32919254658385094,0.30434782608695654,-0.6055900621118012,0.30124223602484473,-0.5527950310559007,0.2608695652173913,-0.4720496894409938,0.2732919254658385,-0.2484472049689441,0.39751552795031053,-0.4658385093167702,0.36645962732919257,-0.4192546583850932,0.32298136645962733,-0.3447204968944099
1,0.0,0.0,-0.14733542319749215,-0.08150470219435736,-0.1536050156739812,-0.30094043887147337,-0.05642633228840126,-0.4608150470219436,0.050156739811912224,-0.5454545454545454,-0.1974921630094044,-0.4106583072100313,-0.12225705329153605,-0.7053291536050157,-0.08463949843260188,-0.8714733542319749,-0.05329153605015674,-1.0,-0.047021943573667714,-0.3887147335423197,0.09090909090909091,-0.6990595611285266,0.18181818181818182,-0.8683385579937304,0.2507836990595611,-0.9843260188087775,0.11285266457680251,-0.3448275862068966,0.23824451410658307,-0.5830721003134797,0.20689655172413793,-0.5141065830721003,0.16300940438871472,-0.4263322884012539,0.25705329153605017,-0.27899686520376177,0.329153605015674,-0.45141065830721006,0.29153605015673983,-0.4012539184952978,0.2601880877742947,-0.32601880877742945
1,0.0,0.0,-0.065625,-0.234375,-0.028125,-0.41875,0.084375,-0.515625,0.196875,-0.559375,-0.04375,-0.5125,0.01875,-0.759375,0.065625,-0.89375,0.1,-1.0,0.06875,-0.48125,0.19375,-0.74375,0.275,-0.878125,0.33125,-0.98125,0.190625,-0.415625,0.325,-0.6375,0.303125,-0.571875,0.259375,-0.496875,0.30625,-0.328125,0.409375,-0.503125,0.378125,-0.459375,0.3375,-0.396875
1,0.0,0.0,-0.08169934640522876,-0.22549019607843138,-0.0457516339869281,-0.4150326797385621,0.06535947712418301,-0.5261437908496732,0.17647058823529413,-0.5718954248366013,-0.06862745098039216,-0.5130718954248366,0.0032679738562091504,-0.7516339869281046,0.05228758169934641,-0.8921568627450981,0.08823529411764706,-1.0,0.049019607843137254,-0.4803921568627451,0.17647058823529413,-0.7352941176470589,0.2647058823529412,-0.8725490196078431,0.3235294117647059,-0.9771241830065359,0.16993464052287582,-0.4215686274509804,0.3104575163398693,-0.6372549019607843,0.2973856209150327,-0.5555555555555556,0.2549019607843137,-0.4673202614379085,0.2908496732026144,-0.3333333333333333,0.3888888888888889,-0.49673202614379086,0.3660130718954248,-0.4444444444444444,0.32679738562091504,-0.3758169934640523
1,0.0,0.0,-0.08135593220338982,-0.22372881355932203,-0.05084745762711865,-0.41694915254237286,0.061016949152542375,-0.535593220338983,0.17288135593220338,-0.5932203389830508,-0.061016949152542375,-0.5152542372881356,0.02711864406779661,-0.752542372881356,0.07796610169491526,-0.8915254237288136,0.11186440677966102,-1.0,0.05084745762711865,-0.4745762711864407,0.2033898305084746,-0.7254237288135593,0.3016949152542373,-0.8610169491525423,0.36271186440677966,-0.9593220338983051,0.16610169491525423,-0.4033898305084746,0.31864406779661014,-0.6338983050847458,0.3152542372881356,-0.576271186440678,0.28135593220338984,-0.5050847457627119,0.27796610169491526,-0.31186440677966104,0.37966101694915255,-0.488135593220339,0.3559322033898305,-0.4711864406779661,0.3152542372881356,-0.43728813559322033
1,0.0,0.0,-0.07633587786259542,-0.23282442748091603,-0.04198473282442748,-0.41603053435114506,0.06870229007633588,-0.5305343511450382,0.183206106870229,-0.5763358778625954,-0.05725190839694656,-0.5190839694656488,0.022900763358778626,-0.7595419847328244,0.07251908396946564,-0.8969465648854962,0.11068702290076336,-1.0,0.04961832061068702,-0.4847328244274809,0.1946564885496183,-0.732824427480916,0.2862595419847328,-0.8740458015267175,0.3473282442748092,-0.9732824427480916,0.16412213740458015,-0.41603053435114506,0.31679389312977096,-0.6297709923664122,0.3282442748091603,-0.5877862595419847,0.3015267175572519,-0.5229007633587787,0.2786259541984733,-0.3282442748091603,0.40076335877862596,-0.49236641221374045,0.41603053435114506,-0.5076335877862596,0.40458015267175573,-0.5038167938931297
1,0.0,0.0,-0.06639004149377593,-0.22821576763485477,-0.024896265560165973,-0.4149377593360996,0.08713692946058091,-0.5228215767634855,0.2033195020746888,-0.5601659751037344,-0.03734439834024896,-0.5186721991701245,0.04979253112033195,-0.7551867219917012,0.1037344398340249,-0.8921161825726142,0.14522821576763487,-1.0,0.05394190871369295,-0.48132780082987553,0.2074688796680498,-0.7344398340248963,0.3112033195020747,-0.8672199170124482,0.3817427385892116,-0.9626556016597511,0.16182572614107885,-0.4066390041493776,0.3278008298755187,-0.6307053941908713,0.34854771784232363,-0.5643153526970954,0.3278008298755187,-0.48132780082987553,0.2697095435684647,-0.3112033195020747,0.4149377593360996,-0.4854771784232365,0.43568464730290457,-0.46473029045643155,0.4190871369294606,-0.42738589211618255
1,0.0,0.0,-0.06493506493506493,-0.22943722943722944,-0.025974025974025976,-0.42424242424242425,0.09523809523809523,-0.5324675324675324,0.21212121212121213,-0.5800865800865801,-0.04329004329004329,-0.5238095238095238,0.05627705627705628,-0.7619047619047619,0.11688311688311688,-0.9004329004329005,0.15584415584415584,-1.0,0.05194805194805195,-0.4805194805194805,0.21212121212121213,-0.7359307359307359,0.3203463203463203,-0.8658008658008658,0.38961038961038963,-0.9567099567099567,0.15584415584415584,-0.4069264069264069,0.329004329004329,-0.6233766233766234,0.354978354978355,-0.5584415584415584,0.33766233766233766,-0.47619047619047616,0.2727272727272727,-0.31601731601731603,0.4155844155844156,-0.4805194805194805,0.42424242424242425,-0.45454545454545453,0.4025974025974026,-0.41125541125541126
1,0.0,0.0,-0.06550218340611354,-0.22270742358078602,-0.026200873362445413,-0.4148471615720524,0.08733624454148471,-0.5327510917030568,0.2096069868995633,-0.5807860262008734,-0.048034934497816595,-0.5240174672489083,0.0611353711790393,-0.7641921397379913,0.1222707423580786,-0.8995633187772926,0.1615720524017467,-1.0,0.043668122270742356,-0.4847161572052402,0.22270742358078602,-0.74235807860262,0.33624454148471616,-0.868995633187773,0.4017467248908297,-0.9563318777292577,0.14410480349344978,-0.4148471615720524,0.3406113537117904,-0.6331877729257642,0.36681222707423583,-0.5633187772925764,0.34934497816593885,-0.4847161572052402,0.26200873362445415,-0.3231441048034934,0.4192139737991266,-0.4847161572052402,0.4104803493449782,-0.4410480349344978,0.37117903930131,-0.38427947598253276
1,0.0,0.0,-0.06787330316742081,-0.23076923076923078,-0.027149321266968326,-0.42081447963800905,0.08597285067873303,-0.5339366515837104,0.20361990950226244,-0.5882352941176471,-0.04524886877828054,-0.5248868778280543,0.06787330316742081,-0.7647058823529411,0.14027149321266968,-0.9004524886877828,0.18099547511312217,-1.0,0.04524886877828054,-0.4796380090497738,0.23529411764705882,-0.7375565610859729,0.3438914027149321,-0.8687782805429864,0.4117647058823529,-0.9592760180995475,0.1493212669683258,-0.40271493212669685,0.3393665158371041,-0.6244343891402715,0.3891402714932127,-0.5656108597285068,0.38461538461538464,-0.49321266968325794,0.26244343891402716,-0.3031674208144796,0.4072398190045249,-0.4751131221719457,0.42081447963800905,-0.4479638009049774,0.40271493212669685,-0.40271493212669685
1,0.0,0.0,-0.05069124423963134,-0.2350230414746544,0.009216589861751152,-0.41935483870967744,0.14746543778801843,-0.5207373271889401,0.28110599078341014,-0.5576036866359447,-0.027649769585253458,-0.5299539170506913,0.09216589861751152,-0.7603686635944701,0.17050691244239632,-0.8986175115207373,0.21658986175115208,-1.0,0.055299539170506916,-0.4838709677419355,0.25806451612903225,-0.7373271889400922,0.3778801843317972,-0.8663594470046083,0.45161290322580644,-0.9631336405529954,0.15207373271889402,-0.4055299539170507,0.37327188940092165,-0.6267281105990783,0.4792626728110599,-0.5990783410138248,0.5253456221198156,-0.5529953917050692,0.2626728110599078,-0.30414746543778803,0.42857142857142855,-0.46543778801843316,0.46543778801843316,-0.4470046082949309,0.46543778801843316,-0.41013824884792627
1,0.0,0.0,-0.05092592592592592,-0.22685185185185186,0.004629629629629629,-0.4212962962962963,0.12962962962962962,-0.5138888888888888,0.25462962962962965,-0.5462962962962963,-0.013888888888888888,-0.5370370370370371,0.10185185185185185,-0.7592592592592593,0.1712962962962963,-0.8935185185185185,0.2222222222222222,-1.0,0.0787037037037037,-0.49537037037037035,0.25925925925925924,-0.7314814814814815,0.375,-0.8564814814814815,0.4537037037037037,-0.9537037037037037,0.17592592592592593,-0.4166666666666667,0.37037037037037035,-0.6064814814814815,0.375,-0.5277777777777778,0.33796296296296297,-0.4537037037037037,0.2824074074074074,-0.3148148148148148,0.4398148148148148,-0.4583333333333333,0.42592592592592593,-0.41203703703703703,0.37962962962962965,-0.35648148148148145
1,0.0,0.0,-0.05581395348837209,-0.22325581395348837,0.0,-0.4186046511627907,0.12558139534883722,-0.5209302325581395,0.25116279069767444,-0.5581395348837209,-0.013953488372093023,-0.5209302325581395,0.11627906976744186,-0.7581395348837209,0.19069767441860466,-0.8976744186046511,0.24186046511627907,-1.0,0.06976744186046512,-0.4744186046511628,0.2651162790697674,-0.7209302325581395,0.39069767441860465,-0.8511627906976744,0.4697674418604651,-0.9441860465116279,0.17209302325581396,-0.4,0.3767441860465116,-0.6,0.413953488372093,-0.5488372093023256,0.4,-0.4790697674418605,0.27906976744186046,-0.29767441860465116,0.44651162790697674,-0.4511627906976744,0.4511627906976744,-0.413953488372093,0.413953488372093,-0.3627906976744186
1,0.0,0.0,-0.047619047619047616,-0.23333333333333334,0.014285714285714285,-0.42857142857142855,0.14761904761904762,-0.5333333333333333,0.2761904761904762,-0.5761904761904761,-0.004761904761904762,-0.5285714285714286,0.1380952380952381,-0.7666666666666667,0.21904761904761905,-0.9,0.2714285714285714,-1.0,0.07142857142857142,-0.47619047619047616,0.2857142857142857,-0.7238095238095238,0.4142857142857143,-0.8523809523809524,0.49047619047619045,-0.9380952380952381,0.16666666666666666,-0.3952380952380952,0.3952380952380952,-0.6,0.47619047619047616,-0.5714285714285714,0.49047619047619045,-0.5190476190476191,0.2714285714285714,-0.29523809523809524,0.45714285714285713,-0.44285714285714284,0.47619047619047616,-0.4095238095238095,0.44285714285714284,-0.35714285714285715
1,0.0,0.0,-0.046948356807511735,-0.22535211267605634,0.009389671361502348,-0.4225352112676056,0.1267605633802817,-0.5258215962441315,0.2535211267605634,-0.5727699530516432,0.0,-0.5258215962441315,0.14084507042253522,-0.755868544600939,0.22065727699530516,-0.892018779342723,0.27230046948356806,-1.0,0.07981220657276995,-0.47417840375586856,0.28169014084507044,-0.7230046948356808,0.4084507042253521,-0.8450704225352113,0.48826291079812206,-0.9389671361502347,0.16901408450704225,-0.39436619718309857,0.38967136150234744,-0.5868544600938967,0.4225352112676056,-0.5117370892018779,0.39436619718309857,-0.43661971830985913,0.2676056338028169,-0.29107981220657275,0.460093896713615,-0.43661971830985913,0.4694835680751174,-0.38967136150234744,0.4272300469483568,-0.3333333333333333
1,0.0,0.0,-0.004878048780487805,-0.23414634146341465,0.05853658536585366,-0.4195121951219512,0.17073170731707318,-0.5317073170731708,0.28780487804878047,-0.5756097560975609,0.03414634146341464,-0.5365853658536586,0.1951219512195122,-0.7658536585365854,0.28780487804878047,-0.8926829268292683,0.34146341463414637,-1.0,0.09268292682926829,-0.4878048780487805,0.32195121951219513,-0.7365853658536585,0.4585365853658537,-0.8634146341463415,0.5414634146341464,-0.9560975609756097,0.16585365853658537,-0.40487804878048783,0.4097560975609756,-0.6,0.45365853658536587,-0.5024390243902439,0.44390243902439025,-0.40487804878048783,0.25365853658536586,-0.2975609756097561,0.4585365853658537,-0.44390243902439025,0.4926829268292683,-0.3804878048780488,0.47804878048780486,-0.3073170731707317
1,0.0,0.0,0.019801980198019802,-0.23267326732673269,0.09405940594059406,-0.4306930693069307,0.21287128712871287,-0.5495049504950495,0.32673267326732675,-0.6138613861386139,0.039603960396039604,-0.5495049504950495,0.2079207920792079,-0.7673267326732673,0.3069306930693069,-0.8960396039603961,0.36633663366336633,-1.0,0.07920792079207921,-0.49504950495049505,0.3118811881188119,-0.7326732673267327,0.45544554455445546,-0.8564356435643564,0.5396039603960396,-0.9504950495049505,0.14356435643564355,-0.40594059405940597,0.40594059405940597,-0.6039603960396039,0.4752475247524752,-0.504950495049505,0.4801980198019802,-0.4158415841584158,0.23267326732673269,-0.30198019801980197,0.45544554455445546,-0.43564356435643564,0.5,-0.3712871287128713,0.4900990099009901,-0.30198019801980197
1,0.0,0.0,0.05472636815920398,-0.21890547263681592,0.12935323383084577,-0.4079601990049751,0.23880597014925373,-0.527363184079602,0.34328358208955223,-0.5870646766169154,0.05970149253731343,-0.5572139303482587,0.22885572139303484,-0.7711442786069652,0.3283582089552239,-0.900497512437811,0.39303482587064675,-1.0,0.08955223880597014,-0.4975124378109453,0.31840796019900497,-0.736318407960199,0.4626865671641791,-0.8656716417910447,0.5572139303482587,-0.9552238805970149,0.14427860696517414,-0.4079601990049751,0.40298507462686567,-0.5920398009950248,0.4626865671641791,-0.48258706467661694,0.4527363184079602,-0.3880597014925373,0.22388059701492538,-0.29850746268656714,0.44776119402985076,-0.4427860696517413,0.4925373134328358,-0.3781094527363184,0.47761194029850745,-0.30845771144278605
1,0.0,0.0,0.06467661691542288,-0.208955223880597,0.13432835820895522,-0.39800995024875624,0.24378109452736318,-0.527363184079602,0.3482587064676617,-0.5920398009950248,0.05472636815920398,-0.5522388059701493,0.22388059701492538,-0.7661691542288557,0.32338308457711445,-0.8955223880597015,0.3880597014925373,-1.0,0.0845771144278607,-0.48756218905472637,0.30845771144278605,-0.7263681592039801,0.4527363184079602,-0.8557213930348259,0.5472636815920398,-0.9502487562189055,0.13432835820895522,-0.39800995024875624,0.39800995024875624,-0.5870646766169154,0.4577114427860697,-0.48258706467661694,0.4527363184079602,-0.39303482587064675,0.21890547263681592,-0.2885572139303483,0.44776119402985076,-0.43283582089552236,0.4925373134328358,-0.373134328358209,0.48258706467661694,-0.30845771144278605
1,0.0,0.0,0.10152284263959391,-0.20304568527918782,0.19289340101522842,-0.38578680203045684,0.3096446700507614,-0.5025380710659898,0.4213197969543147,-0.5583756345177665,0.08629441624365482,-0.5634517766497462,0.25380710659898476,-0.7715736040609137,0.3553299492385787,-0.8984771573604061,0.4213197969543147,-1.0,0.10152284263959391,-0.5025380710659898,0.3248730964467005,-0.7309644670050761,0.47715736040609136,-0.8578680203045685,0.5786802030456852,-0.9543147208121827,0.14720812182741116,-0.40609137055837563,0.41116751269035534,-0.5888324873096447,0.49238578680203043,-0.4873096446700508,0.49746192893401014,-0.39593908629441626,0.2182741116751269,-0.2893401015228426,0.4467005076142132,-0.43147208121827413,0.5076142131979695,-0.38071065989847713,0.5076142131979695,-0.3147208121827411
1,0.0,0.0,0.14285714285714285,-0.17346938775510204,0.25,-0.336734693877551,0.39285714285714285,-0.4336734693877551,0.5051020408163265,-0.4642857142857143,0.10204081632653061,-0.5612244897959183,0.27040816326530615,-0.7704081632653061,0.37244897959183676,-0.8928571428571429,0.4387755102040816,-1.0,0.10714285714285714,-0.5051020408163265,0.33163265306122447,-0.7295918367346939,0.4846938775510204,-0.8520408163265306,0.5867346938775511,-0.9438775510204082,0.14795918367346939,-0.4030612244897959,0.413265306122449,-0.5918367346938775,0.4897959183673469,-0.4846938775510204,0.4846938775510204,-0.39285714285714285,0.2193877551020408,-0.2857142857142857,0.4489795918367347,-0.42346938775510207,0.5051020408163265,-0.3622448979591837,0.49489795918367346,-0.29591836734693877
1,0.0,0.0,0.1282051282051282,-0.18461538461538463,0.23076923076923078,-0.3641025641025641,0.358974358974359,-0.47692307692307695,0.4717948717948718,-0.5282051282051282,0.10256410256410256,-0.558974358974359,0.2717948717948718,-0.764102564102564,0.37948717948717947,-0.8923076923076924,0.4512820512820513,-1.0,0.1076923076923077,-0.49743589743589745,0.3384615384615385,-0.7333333333333333,0.49743589743589745,-0.8564102564102564,0.5948717948717949,-0.9487179487179487,0.14871794871794872,-0.39487179487179486,0.4205128205128205,-0.5897435897435898,0.49743589743589745,-0.48717948717948717,0.49230769230769234,-0.38974358974358975,0.2205128205128205,-0.27692307692307694,0.4512820512820513,-0.4205128205128205,0.5025641025641026,-0.3641025641025641,0.49743589743589745,-0.2923076923076923
1,0.0,0.0,0.14136125654450263,-0.17801047120418848,0.24083769633507854,-0.3507853403141361,0.3717277486910995,-0.46596858638743455,0.47643979057591623,-0.4973821989528796,0.09947643979057591,-0.5654450261780105,0.27225130890052357,-0.7696335078534031,0.38219895287958117,-0.8952879581151832,0.45549738219895286,-1.0,0.10471204188481675,-0.4973821989528796,0.33507853403141363,-0.7329842931937173,0.49214659685863876,-0.8534031413612565,0.5968586387434555,-0.9424083769633508,0.14659685863874344,-0.39790575916230364,0.41361256544502617,-0.5759162303664922,0.4869109947643979,-0.46596858638743455,0.4869109947643979,-0.3717277486910995,0.2198952879581152,-0.2774869109947644,0.44502617801047123,-0.41361256544502617,0.4973821989528796,-0.3507853403141361,0.4973821989528796,-0.2774869109947644
1,0.0,0.0,0.21025641025641026,-0.13333333333333333,0.31794871794871793,-0.28205128205128205,0.441025641025641,-0.38974358974358975,0.5282051282051282,-0.41025641025641024,0.11794871794871795,-0.5794871794871795,0.28205128205128205,-0.7692307692307693,0.38974358974358975,-0.8923076923076924,0.46153846153846156,-1.0,0.09743589743589744,-0.5230769230769231,0.3230769230769231,-0.7487179487179487,0.47692307692307695,-0.8615384615384616,0.5743589743589743,-0.958974358974359,0.1282051282051282,-0.4205128205128205,0.4,-0.6,0.48205128205128206,-0.48717948717948717,0.4666666666666667,-0.38461538461538464,0.19487179487179487,-0.3076923076923077,0.4256410256410256,-0.4307692307692308,0.48205128205128206,-0.3641025641025641,0.4666666666666667,-0.2923076923076923
1,0.0,0.0,0.17857142857142858,-0.05357142857142857,0.3273809523809524,-0.23809523809523808,0.30357142857142855,-0.4642857142857143,0.23809523809523808,-0.6369047619047619,0.5119047619047619,-0.38095238095238093,0.6785714285714286,-0.6011904761904762,0.7678571428571429,-0.7380952380952381,0.8392857142857143,-0.8511904761904762,0.39880952380952384,-0.4642857142857143,0.5178571428571429,-0.7202380952380952,0.5773809523809523,-0.875,0.6309523809523809,-1.0,0.2619047619047619,-0.5,0.2916666666666667,-0.6845238095238095,0.23809523809523808,-0.5773809523809523,0.20833333333333334,-0.48214285714285715,0.11904761904761904,-0.5059523809523809,0.14285714285714285,-0.6547619047619048,0.11904761904761904,-0.5773809523809523,0.09523809523809523,-0.49404761904761907
1,0.0,0.0,0.15517241379310345,-0.05747126436781609,0.28160919540229884,-0.22988505747126436,0.2471264367816092,-0.4367816091954023,0.1896551724137931,-0.5977011494252874,0.46551724137931033,-0.39080459770114945,0.6149425287356322,-0.5977011494252874,0.6954022988505747,-0.735632183908046,0.7701149425287356,-0.8448275862068966,0.3563218390804598,-0.47701149425287354,0.45977011494252873,-0.7183908045977011,0.5172413793103449,-0.8793103448275862,0.5804597701149425,-1.0,0.22988505747126436,-0.5,0.25862068965517243,-0.6954022988505747,0.1724137931034483,-0.6264367816091954,0.11494252873563218,-0.5402298850574713,0.09770114942528736,-0.4942528735632184,0.10344827586206896,-0.6494252873563219,0.06321839080459771,-0.603448275862069,0.034482758620689655,-0.5344827586206896
1,0.0,0.0,0.15428571428571428,-0.07428571428571429,0.26285714285714284,-0.25142857142857145,0.22285714285714286,-0.4514285714285714,0.16,-0.6114285714285714,0.45714285714285713,-0.38857142857142857,0.6057142857142858,-0.5942857142857143,0.6914285714285714,-0.7314285714285714,0.7657142857142857,-0.84,0.35428571428571426,-0.4742857142857143,0.46285714285714286,-0.72,0.5257142857142857,-0.88,0.5885714285714285,-1.0,0.2342857142857143,-0.5028571428571429,0.2571428571428571,-0.6971428571428572,0.17142857142857143,-0.6228571428571429,0.11428571428571428,-0.5314285714285715,0.10285714285714286,-0.5028571428571429,0.10857142857142857,-0.6628571428571428,0.06857142857142857,-0.6171428571428571,0.04,-0.5485714285714286
1,0.0,0.0,0.15204678362573099,-0.05263157894736842,0.26900584795321636,-0.21052631578947367,0.23976608187134502,-0.4093567251461988,0.18128654970760233,-0.5730994152046783,0.47953216374269003,-0.38011695906432746,0.6374269005847953,-0.5672514619883041,0.7192982456140351,-0.7017543859649122,0.8070175438596491,-0.8187134502923976,0.38596491228070173,-0.47368421052631576,0.5087719298245614,-0.7076023391812866,0.5730994152046783,-0.8771929824561403,0.6491228070175439,-1.0,0.26900584795321636,-0.5146198830409356,0.2982456140350877,-0.695906432748538,0.1871345029239766,-0.631578947368421,0.1111111111111111,-0.543859649122807,0.14035087719298245,-0.5263157894736842,0.13450292397660818,-0.6666666666666666,0.08187134502923976,-0.6198830409356725,0.04093567251461988,-0.5497076023391813
1,0.0,0.0,0.14457831325301204,-0.060240963855421686,0.25903614457831325,-0.22289156626506024,0.22289156626506024,-0.42168674698795183,0.16265060240963855,-0.5783132530120482,0.4819277108433735,-0.3795180722891566,0.6385542168674698,-0.572289156626506,0.7289156626506024,-0.7048192771084337,0.8192771084337349,-0.8192771084337349,0.39156626506024095,-0.4759036144578313,0.5180722891566265,-0.7108433734939759,0.5903614457831325,-0.8795180722891566,0.6686746987951807,-1.0,0.27710843373493976,-0.5180722891566265,0.3072289156626506,-0.7048192771084337,0.1927710843373494,-0.6445783132530121,0.1144578313253012,-0.5542168674698795,0.1566265060240964,-0.5301204819277109,0.13855421686746988,-0.6686746987951807,0.0783132530120482,-0.6265060240963856,0.04216867469879518,-0.5542168674698795
1,0.0,0.0,0.13664596273291926,-0.049689440993788817,0.2422360248447205,-0.20496894409937888,0.22981366459627328,-0.40372670807453415,0.2111801242236025,-0.5714285714285714,0.4968944099378882,-0.34782608695652173,0.6708074534161491,-0.546583850931677,0.7701863354037267,-0.6832298136645962,0.8571428571428571,-0.8074534161490683,0.40993788819875776,-0.4472049689440994,0.5527950310559007,-0.6894409937888198,0.6211180124223602,-0.8633540372670807,0.6956521739130435,-1.0,0.2981366459627329,-0.5031055900621118,0.32919254658385094,-0.6956521739130435,0.20496894409937888,-0.6459627329192547,0.11801242236024845,-0.5652173913043478,0.18012422360248448,-0.515527950310559,0.16770186335403728,-0.6645962732919255,0.09316770186335403,-0.6273291925465838,0.043478260869565216,-0.5527950310559007
1,0.0,0.0,0.12658227848101267,-0.06329113924050633,0.22151898734177214,-0.23417721518987342,0.20253164556962025,-0.4430379746835443,0.189873417721519,-0.6139240506329114,0.5,-0.37341772151898733,0.6582278481012658,-0.569620253164557,0.759493670886076,-0.7088607594936709,0.8354430379746836,-0.8227848101265823,0.3987341772151899,-0.4620253164556962,0.5379746835443038,-0.689873417721519,0.6075949367088608,-0.8670886075949367,0.6835443037974683,-1.0,0.27848101265822783,-0.4936708860759494,0.2721518987341772,-0.6772151898734177,0.15822784810126583,-0.6265822784810127,0.0949367088607595,-0.5443037974683544,0.1518987341772152,-0.4873417721518987,0.12025316455696203,-0.6329113924050633,0.056962025316455694,-0.5886075949367089,0.02531645569620253,-0.5189873417721519
1,0.0,0.0,0.0625,-0.05625,0.1125,-0.225,0.1,-0.41875,0.09375,-0.60625,0.45625,-0.35,0.58125,-0.5625,0.6625,-0.71875,0.7375,-0.85,0.36875,-0.4375,0.4875,-0.69375,0.55,-0.86875,0.61875,-1.0,0.25,-0.48125,0.21875,-0.6625,0.09375,-0.5875,0.05625,-0.50625,0.14375,-0.4875,0.08125,-0.6125,0.0125,-0.5625,-0.00625,-0.50625
1,0.0,0.0,0.05521472392638037,-0.06748466257668712,0.10429447852760736,-0.2392638036809816,0.06748466257668712,-0.44171779141104295,0.049079754601226995,-0.6196319018404908,0.4233128834355828,-0.37423312883435583,0.5398773006134969,-0.5828220858895705,0.6257668711656442,-0.7361963190184049,0.6993865030674846,-0.8588957055214724,0.34355828220858897,-0.4601226993865031,0.4601226993865031,-0.7055214723926381,0.5214723926380368,-0.8773006134969326,0.588957055214724,-1.0,0.22699386503067484,-0.49693251533742333,0.1901840490797546,-0.6625766871165644,0.08588957055214724,-0.5766871165644172,0.05521472392638037,-0.49693251533742333,0.12269938650306748,-0.49079754601226994,0.06748466257668712,-0.6134969325153374,0.012269938650306749,-0.5521472392638037,0.006134969325153374,-0.48466257668711654
1,0.0,0.0,0.012269938650306749,-0.11042944785276074,0.024539877300613498,-0.31901840490797545,0.018404907975460124,-0.5153374233128835,0.03067484662576687,-0.6625766871165644,0.3312883435582822,-0.43558282208588955,0.4233128834355828,-0.6809815950920245,0.4662576687116564,-0.852760736196319,0.5030674846625767,-1.0,0.26380368098159507,-0.4662576687116564,0.24539877300613497,-0.6748466257668712,0.19631901840490798,-0.6809815950920245,0.1901840490797546,-0.656441717791411,0.18404907975460122,-0.48466257668711654,0.1165644171779141,-0.6441717791411042,0.049079754601226995,-0.5460122699386503,0.05521472392638037,-0.4601226993865031,0.1165644171779141,-0.4723926380368098,0.03067484662576687,-0.5828220858895705,-0.018404907975460124,-0.5153374233128835,-0.024539877300613498,-0.4294478527607362
1,0.0,0.0,0.06451612903225806,-0.06451612903225806,0.08064516129032258,-0.1989247311827957,0.005376344086021506,-0.3333333333333333,-0.08064516129032258,-0.44086021505376344,0.26344086021505375,-0.43010752688172044,0.34946236559139787,-0.6236559139784946,0.3978494623655914,-0.7688172043010753,0.43548387096774194,-0.8870967741935484,0.16666666666666666,-0.478494623655914,0.20967741935483872,-0.7096774193548387,0.20967741935483872,-0.8763440860215054,0.21505376344086022,-1.0,0.06989247311827956,-0.478494623655914,0.005376344086021506,-0.6182795698924731,-0.08602150537634409,-0.5591397849462365,-0.12903225806451613,-0.478494623655914,-0.010752688172043012,-0.44623655913978494,-0.08602150537634409,-0.5483870967741935,-0.14516129032258066,-0.510752688172043,-0.1774193548387097,-0.45161290322580644
1,0.0,0.0,0.11055276381909548,-0.05527638190954774,0.16080402010050251,-0.19095477386934673,0.09045226130653267,-0.3316582914572864,0.010050251256281407,-0.4472361809045226,0.32160804020100503,-0.4120603015075377,0.4221105527638191,-0.6080402010050251,0.47738693467336685,-0.7336683417085427,0.5276381909547738,-0.8492462311557789,0.21105527638190955,-0.4824120603015075,0.2562814070351759,-0.7085427135678392,0.271356783919598,-0.8693467336683417,0.2964824120603015,-1.0,0.08542713567839195,-0.5025125628140703,0.08542713567839195,-0.6733668341708543,0.010050251256281407,-0.5577889447236181,-0.02512562814070352,-0.45226130653266333,-0.035175879396984924,-0.47738693467336685,-0.07035175879396985,-0.6030150753768844,-0.10050251256281408,-0.5326633165829145,-0.11557788944723618,-0.44221105527638194
1,0.0,0.0,0.13793103448275862,-0.04926108374384237,0.22167487684729065,-0.1724137931034483,0.15763546798029557,-0.3054187192118227,0.06403940886699508,-0.4187192118226601,0.32019704433497537,-0.42857142857142855,0.42857142857142855,-0.6157635467980296,0.4827586206896552,-0.7389162561576355,0.5320197044334976,-0.8472906403940886,0.2019704433497537,-0.5024630541871922,0.2561576354679803,-0.7192118226600985,0.270935960591133,-0.8669950738916257,0.2955665024630542,-1.0,0.07389162561576355,-0.5073891625615764,0.08374384236453201,-0.6748768472906403,0.03940886699507389,-0.5517241379310345,0.0049261083743842365,-0.43842364532019706,-0.059113300492610835,-0.47783251231527096,-0.07389162561576355,-0.6009852216748769,-0.08374384236453201,-0.5270935960591133,-0.08866995073891626,-0.43842364532019706
1,0.0,0.0,0.1619047619047619,-0.0761904761904762,0.2571428571428571,-0.20952380952380953,0.19523809523809524,-0.3523809523809524,0.10476190476190476,-0.46190476190476193,0.3333333333333333,-0.44285714285714284,0.4380952380952381,-0.6285714285714286,0.49047619047619045,-0.7476190476190476,0.5380952380952381,-0.8571428571428571,0.21428571428571427,-0.5095238095238095,0.26666666666666666,-0.7238095238095238,0.2857142857142857,-0.8714285714285714,0.3142857142857143,-1.0,0.08095238095238096,-0.5095238095238095,0.1,-0.680952380952381,0.06190476190476191,-0.5619047619047619,0.0380952380952381,-0.44761904761904764,-0.05238095238095238,-0.47619047619047616,-0.05714285714285714,-0.6047619047619047,-0.05714285714285714,-0.5285714285714286,-0.06190476190476191,-0.44285714285714284
1,0.0,0.0,0.16055045871559634,-0.0871559633027523,0.23853211009174313,-0.23394495412844038,0.1743119266055046,-0.3761467889908257,0.07339449541284404,-0.47706422018348627,0.3073394495412844,-0.4541284403669725,0.40825688073394495,-0.6284403669724771,0.463302752293578,-0.7477064220183486,0.5137614678899083,-0.8577981651376146,0.18807339449541285,-0.5137614678899083,0.23394495412844038,-0.7247706422018348,0.25688073394495414,-0.8669724770642202,0.28440366972477066,-1.0,0.05963302752293578,-0.5137614678899083,0.07339449541284404,-0.6788990825688074,0.045871559633027525,-0.5504587155963303,0.01834862385321101,-0.43119266055045874,-0.0779816513761468,-0.4724770642201835,-0.08256880733944955,-0.5963302752293578,-0.0779816513761468,-0.5091743119266054,-0.0779816513761468,-0.40825688073394495
1,0.0,0.0,0.16964285714285715,-0.08482142857142858,0.25892857142857145,-0.21875,0.20089285714285715,-0.3482142857142857,0.09821428571428571,-0.45089285714285715,0.2767857142857143,-0.47767857142857145,0.36607142857142855,-0.65625,0.40625,-0.7767857142857143,0.44642857142857145,-0.8839285714285714,0.15625,-0.5223214285714286,0.18303571428571427,-0.7366071428571429,0.19642857142857142,-0.8794642857142857,0.21428571428571427,-1.0,0.026785714285714284,-0.5089285714285714,0.03571428571428571,-0.6607142857142857,0.026785714285714284,-0.5357142857142857,0.022321428571428572,-0.41964285714285715,-0.09821428571428571,-0.45535714285714285,-0.10714285714285714,-0.5669642857142857,-0.08482142857142858,-0.47767857142857145,-0.06696428571428571,-0.3794642857142857
1,0.0,0.0,0.16517857142857142,-0.08482142857142858,0.25892857142857145,-0.21875,0.20982142857142858,-0.3482142857142857,0.11160714285714286,-0.44642857142857145,0.2767857142857143,-0.46875,0.375,-0.6473214285714286,0.42410714285714285,-0.7633928571428571,0.46875,-0.875,0.16071428571428573,-0.5178571428571429,0.19642857142857142,-0.7321428571428571,0.21875,-0.875,0.24107142857142858,-1.0,0.03571428571428571,-0.5044642857142857,0.05803571428571429,-0.6651785714285714,0.05357142857142857,-0.5357142857142857,0.049107142857142856,-0.41964285714285715,-0.09375,-0.45089285714285715,-0.09821428571428571,-0.5714285714285714,-0.07142857142857142,-0.48660714285714285,-0.05803571428571429,-0.39285714285714285
1,0.0,0.0,0.1743119266055046,-0.06880733944954129,0.28440366972477066,-0.18807339449541285,0.24311926605504589,-0.3211009174311927,0.14678899082568808,-0.42660550458715596,0.30275229357798167,-0.45871559633027525,0.40825688073394495,-0.6467889908256881,0.4541284403669725,-0.7614678899082569,0.5045871559633027,-0.8715596330275229,0.17889908256880735,-0.5137614678899083,0.22935779816513763,-0.7293577981651376,0.25229357798165136,-0.8715596330275229,0.2798165137614679,-1.0,0.05504587155963303,-0.5091743119266054,0.06880733944954129,-0.6788990825688074,0.045871559633027525,-0.5504587155963303,0.027522935779816515,-0.42660550458715596,-0.07339449541284404,-0.45871559633027525,-0.08256880733944955,-0.573394495412844,-0.07339449541284404,-0.4908256880733945,-0.06422018348623854,-0.3944954128440367
1,0.0,0.0,0.1834862385321101,-0.04128440366972477,0.3211009174311927,-0.16055045871559634,0.26605504587155965,-0.30275229357798167,0.15137614678899083,-0.39908256880733944,0.3348623853211009,-0.44495412844036697,0.46788990825688076,-0.6238532110091743,0.5412844036697247,-0.7385321100917431,0.6055045871559633,-0.8440366972477065,0.21100917431192662,-0.4954128440366973,0.2798165137614679,-0.7247706422018348,0.3302752293577982,-0.8715596330275229,0.37155963302752293,-1.0,0.08256880733944955,-0.4954128440366973,0.11926605504587157,-0.6513761467889908,0.12385321100917432,-0.5275229357798165,0.11009174311926606,-0.41284403669724773,-0.05045871559633028,-0.4541284403669725,-0.009174311926605505,-0.5688073394495413,0.013761467889908258,-0.47706422018348627,0.009174311926605505,-0.38073394495412843
1,0.0,0.0,0.19069767441860466,-0.018604651162790697,0.34418604651162793,-0.12558139534883722,0.30697674418604654,-0.26976744186046514,0.20930232558139536,-0.3813953488372093,0.3627906976744186,-0.4372093023255814,0.5023255813953489,-0.6186046511627907,0.586046511627907,-0.7348837209302326,0.6558139534883721,-0.8372093023255814,0.24186046511627907,-0.4930232558139535,0.32558139534883723,-0.7302325581395349,0.39069767441860465,-0.8744186046511628,0.4418604651162791,-1.0,0.11162790697674418,-0.4930232558139535,0.15813953488372093,-0.6558139534883721,0.16744186046511628,-0.5162790697674419,0.15348837209302327,-0.4,-0.027906976744186046,-0.44651162790697674,0.018604651162790697,-0.5581395348837209,0.05116279069767442,-0.4558139534883721,0.046511627906976744,-0.3581395348837209
1,0.0,0.0,0.21568627450980393,-0.014705882352941176,0.4019607843137255,-0.12745098039215685,0.4215686274509804,-0.27450980392156865,0.3235294117647059,-0.38235294117647056,0.46568627450980393,-0.45098039215686275,0.6421568627450981,-0.6127450980392157,0.7549019607843137,-0.7205882352941176,0.8431372549019608,-0.8186274509803921,0.3480392156862745,-0.5245098039215687,0.49019607843137253,-0.7549019607843137,0.5931372549019608,-0.8872549019607843,0.6715686274509803,-1.0,0.2107843137254902,-0.5343137254901961,0.31862745098039214,-0.7205882352941176,0.3431372549019608,-0.5686274509803921,0.3333333333333333,-0.4362745098039216,0.058823529411764705,-0.4950980392156863,0.15196078431372548,-0.6127450980392157,0.19607843137254902,-0.5,0.19117647058823528,-0.3872549019607843
1,0.0,0.0,0.22448979591836735,0.0,0.4387755102040816,-0.09693877551020408,0.4897959183673469,-0.24489795918367346,0.40816326530612246,-0.37244897959183676,0.5153061224489796,-0.4387755102040816,0.7040816326530612,-0.5918367346938775,0.8214285714285714,-0.6938775510204082,0.9132653061224489,-0.7908163265306123,0.4030612244897959,-0.5204081632653061,0.5714285714285714,-0.7602040816326531,0.6938775510204082,-0.8877551020408163,0.7806122448979592,-1.0,0.2602040816326531,-0.5357142857142857,0.37244897959183676,-0.7040816326530612,0.3979591836734694,-0.5357142857142857,0.3826530612244898,-0.4030612244897959,0.09693877551020408,-0.5051020408163265,0.20918367346938777,-0.6224489795918368,0.25,-0.49489795918367346,0.23979591836734693,-0.37244897959183676
1,0.0,0.0,0.24064171122994651,-0.0053475935828877,0.47058823529411764,-0.08021390374331551,0.5508021390374331,-0.22994652406417113,0.49732620320855614,-0.3850267379679144,0.5775401069518716,-0.44385026737967914,0.7700534759358288,-0.5989304812834224,0.8877005347593583,-0.7005347593582888,0.9946524064171123,-0.786096256684492,0.46524064171123,-0.5347593582887701,0.6470588235294118,-0.7807486631016043,0.7807486631016043,-0.9037433155080213,0.8823529411764706,-1.0,0.32085561497326204,-0.5561497326203209,0.46524064171123,-0.7219251336898396,0.48128342245989303,-0.5508021390374331,0.44385026737967914,-0.40106951871657753,0.1497326203208556,-0.5401069518716578,0.2887700534759358,-0.6631016042780749,0.32085561497326204,-0.5294117647058824,0.2994652406417112,-0.39572192513368987
1,0.0,0.0,0.23195876288659795,0.015463917525773196,0.44329896907216493,-0.05154639175257732,0.5360824742268041,-0.18041237113402062,0.5257731958762887,-0.3402061855670103,0.5670103092783505,-0.4020618556701031,0.7680412371134021,-0.5515463917525774,0.8865979381443299,-0.6494845360824743,1.0,-0.7371134020618557,0.4639175257731959,-0.4896907216494845,0.6443298969072165,-0.7216494845360825,0.7783505154639175,-0.8402061855670103,0.8814432989690721,-0.9381443298969072,0.3247422680412371,-0.5103092783505154,0.4793814432989691,-0.6804123711340206,0.4896907216494845,-0.5051546391752577,0.4587628865979381,-0.36082474226804123,0.16494845360824742,-0.4948453608247423,0.31443298969072164,-0.6082474226804123,0.34536082474226804,-0.4742268041237113,0.31443298969072164,-0.34536082474226804
1,0.0,0.0,0.23834196891191708,0.015544041450777202,0.46632124352331605,-0.05699481865284974,0.5233160621761658,-0.20725388601036268,0.46632124352331605,-0.35233160621761656,0.5647668393782384,-0.41450777202072536,0.772020725388601,-0.5647668393782384,0.8963730569948186,-0.6632124352331606,1.0,-0.7512953367875648,0.46113989637305697,-0.5025906735751295,0.6528497409326425,-0.7357512953367875,0.7875647668393783,-0.8601036269430051,0.8860103626943006,-0.9585492227979274,0.32124352331606215,-0.5284974093264249,0.47150259067357514,-0.694300518134715,0.48704663212435234,-0.538860103626943,0.46113989637305697,-0.40932642487046633,0.16062176165803108,-0.5129533678756477,0.29015544041450775,-0.6217616580310881,0.32124352331606215,-0.49222797927461137,0.29533678756476683,-0.3626943005181347
1,0.0,0.0,0.2182741116751269,0.01015228426395939,0.4213197969543147,-0.08629441624365482,0.4720812182741117,-0.22842639593908629,0.41624365482233505,-0.3756345177664975,0.5329949238578681,-0.4365482233502538,0.7360406091370558,-0.5989847715736041,0.8527918781725888,-0.700507614213198,0.9543147208121827,-0.7918781725888325,0.4213197969543147,-0.5279187817258884,0.583756345177665,-0.7563451776649747,0.6954314720812182,-0.8883248730964467,0.7817258883248731,-1.0,0.27918781725888325,-0.5532994923857868,0.4010152284263959,-0.7208121827411168,0.38071065989847713,-0.5431472081218274,0.3299492385786802,-0.4010152284263959,0.116751269035533,-0.5329949238578681,0.2233502538071066,-0.6395939086294417,0.23857868020304568,-0.5076142131979695,0.2182741116751269,-0.38071065989847713
1,0.0,0.0,0.2182741116751269,-0.005076142131979695,0.41116751269035534,-0.09644670050761421,0.4517766497461929,-0.24873096446700507,0.39086294416243655,-0.39593908629441626,0.5177664974619289,-0.43147208121827413,0.7055837563451777,-0.5939086294416244,0.817258883248731,-0.700507614213198,0.9137055837563451,-0.7969543147208121,0.4010152284263959,-0.5177664974619289,0.5532994923857868,-0.7563451776649747,0.6548223350253807,-0.8883248730964467,0.7360406091370558,-1.0,0.25380710659898476,-0.5380710659898477,0.37055837563451777,-0.6954314720812182,0.36548223350253806,-0.5279187817258884,0.3299492385786802,-0.38071065989847713,0.09137055837563451,-0.5177664974619289,0.19796954314720813,-0.6345177664974619,0.2131979695431472,-0.5076142131979695,0.19289340101522842,-0.38071065989847713
1,0.0,0.0,0.20512820512820512,0.0,0.38974358974358975,-0.09230769230769231,0.4205128205128205,-0.24615384615384617,0.35384615384615387,-0.38974358974358975,0.5076923076923077,-0.4205128205128205,0.6923076923076923,-0.5897435897435898,0.8,-0.6974358974358974,0.8974358974358975,-0.8051282051282052,0.38974358974358975,-0.5076923076923077,0.5384615384615384,-0.7435897435897436,0.6410256410256411,-0.882051282051282,0.7230769230769231,-1.0,0.24102564102564103,-0.5333333333333333,0.35384615384615387,-0.7076923076923077,0.3435897435897436,-0.5487179487179488,0.30256410256410254,-0.41025641025641024,0.07692307692307693,-0.5076923076923077,0.1641025641025641,-0.6205128205128205,0.1794871794871795,-0.49743589743589745,0.15384615384615385,-0.37948717948717947
1,0.0,0.0,0.19806763285024154,-0.01932367149758454,0.3671497584541063,-0.13043478260869565,0.36231884057971014,-0.2995169082125604,0.2753623188405797,-0.4396135265700483,0.47342995169082125,-0.42028985507246375,0.6473429951690821,-0.5845410628019324,0.7439613526570048,-0.6956521739130435,0.8309178743961353,-0.7971014492753623,0.357487922705314,-0.5120772946859904,0.4782608695652174,-0.7294685990338164,0.5603864734299517,-0.8743961352657005,0.6328502415458938,-1.0,0.21739130434782608,-0.5362318840579711,0.30434782608695654,-0.6956521739130435,0.27053140096618356,-0.5410628019323671,0.22705314009661837,-0.41545893719806765,0.06280193236714976,-0.5169082125603864,0.11594202898550725,-0.6183574879227053,0.12077294685990338,-0.5024154589371981,0.10144927536231885,-0.3961352657004831
1,0.0,0.0,0.16972477064220184,-0.009174311926605505,0.2981651376146789,-0.11009174311926606,0.24770642201834864,-0.25229357798165136,0.1559633027522936,-0.3761467889908257,0.44036697247706424,-0.39908256880733944,0.6100917431192661,-0.5642201834862385,0.7064220183486238,-0.6788990825688074,0.7935779816513762,-0.7798165137614679,0.3211009174311927,-0.4908256880733945,0.44036697247706424,-0.7155963302752294,0.5045871559633027,-0.8715596330275229,0.5688073394495413,-1.0,0.18807339449541285,-0.5137614678899083,0.24770642201834864,-0.6467889908256881,0.1834862385321101,-0.5045871559633027,0.13761467889908258,-0.38990825688073394,0.04128440366972477,-0.4908256880733945,0.06880733944954129,-0.591743119266055,0.05045871559633028,-0.4908256880733945,0.03211009174311927,-0.3944954128440367
1,0.0,0.0,0.16818181818181818,-0.022727272727272728,0.2909090909090909,-0.13636363636363635,0.23636363636363636,-0.2681818181818182,0.1409090909090909,-0.37272727272727274,0.42727272727272725,-0.41818181818181815,0.5909090909090909,-0.5772727272727273,0.6863636363636364,-0.6863636363636364,0.7681818181818182,-0.7818181818181819,0.31363636363636366,-0.5,0.41818181818181815,-0.7272727272727273,0.4818181818181818,-0.8727272727272727,0.5409090909090909,-1.0,0.17727272727272728,-0.5227272727272727,0.22727272727272727,-0.6636363636363637,0.16818181818181818,-0.5227272727272727,0.11818181818181818,-0.40454545454545454,0.03636363636363636,-0.4909090909090909,0.05454545454545454,-0.6045454545454545,0.04090909090909091,-0.509090909090909,0.01818181818181818,-0.41818181818181815
1,0.0,0.0,0.1504424778761062,-0.01327433628318584,0.252212389380531,-0.11504424778761062,0.20353982300884957,-0.24336283185840707,0.11061946902654868,-0.3672566371681416,0.4026548672566372,-0.4026548672566372,0.5530973451327433,-0.5707964601769911,0.6371681415929203,-0.6814159292035398,0.7123893805309734,-0.7920353982300885,0.28761061946902655,-0.48672566371681414,0.3805309734513274,-0.7079646017699115,0.4247787610619469,-0.8628318584070797,0.4778761061946903,-1.0,0.1504424778761062,-0.5,0.19911504424778761,-0.6548672566371682,0.13274336283185842,-0.5132743362831859,0.08849557522123894,-0.3938053097345133,0.01327433628318584,-0.4690265486725664,0.017699115044247787,-0.5752212389380531,0.0,-0.48672566371681414,-0.008849557522123894,-0.3893805309734513
1,0.0,0.0,0.1565217391304348,-0.034782608695652174,0.25217391304347825,-0.1565217391304348,0.18695652173913044,-0.27391304347826084,0.09130434782608696,-0.3782608695652174,0.3869565217391304,-0.4260869565217391,0.5304347826086957,-0.591304347826087,0.6173913043478261,-0.7086956521739131,0.691304347826087,-0.808695652173913,0.27391304347826084,-0.5043478260869565,0.36086956521739133,-0.7260869565217392,0.40869565217391307,-0.8739130434782608,0.4608695652173913,-1.0,0.1391304347826087,-0.5173913043478261,0.1782608695652174,-0.6652173913043479,0.12173913043478261,-0.5260869565217391,0.0782608695652174,-0.40869565217391307,0.004347826086956522,-0.4826086956521739,0.008695652173913044,-0.5869565217391305,-0.004347826086956522,-0.4956521739130435,-0.017391304347826087,-0.40869565217391307
1,0.0,0.0,0.1059322033898305,-0.00847457627118644,0.1694915254237288,-0.1059322033898305,0.1271186440677966,-0.2288135593220339,0.05508474576271186,-0.3601694915254237,0.3644067796610169,-0.3940677966101695,0.5,-0.5677966101694916,0.5720338983050848,-0.690677966101695,0.6398305084745762,-0.8050847457627118,0.2542372881355932,-0.4745762711864407,0.3347457627118644,-0.7033898305084746,0.3644067796610169,-0.8559322033898306,0.4110169491525424,-1.0,0.11864406779661017,-0.4957627118644068,0.13983050847457626,-0.6567796610169492,0.0635593220338983,-0.5338983050847458,0.01694915254237288,-0.4194915254237288,-0.01694915254237288,-0.4661016949152542,-0.03389830508474576,-0.576271186440678,-0.06779661016949153,-0.4957627118644068,-0.0847457627118644,-0.4025423728813559
1,0.0,0.0,0.0995850622406639,-0.024896265560165973,0.14937759336099585,-0.13692946058091288,0.1078838174273859,-0.26556016597510373,0.03734439834024896,-0.4066390041493776,0.34024896265560167,-0.4066390041493776,0.4730290456431535,-0.5767634854771784,0.5435684647302904,-0.6970954356846473,0.6141078838174274,-0.8132780082987552,0.23236514522821577,-0.48132780082987553,0.3112033195020747,-0.7053941908713693,0.34854771784232363,-0.8630705394190872,0.3900414937759336,-1.0,0.1037344398340249,-0.4979253112033195,0.11203319502074689,-0.6597510373443983,0.03319502074688797,-0.5352697095435685,-0.016597510373443983,-0.42323651452282157,-0.024896265560165973,-0.4730290456431535,-0.04979253112033195,-0.5767634854771784,-0.08298755186721991,-0.4979253112033195,-0.0954356846473029,-0.4149377593360996
1,0.0,0.0,0.10699588477366255,-0.0205761316872428,0.1646090534979424,-0.11934156378600823,0.11934156378600823,-0.24279835390946503,0.04526748971193416,-0.37448559670781895,0.3374485596707819,-0.40329218106995884,0.4732510288065844,-0.5720164609053497,0.5473251028806584,-0.6954732510288066,0.6090534979423868,-0.8065843621399177,0.23045267489711935,-0.48148148148148145,0.31275720164609055,-0.6995884773662552,0.3374485596707819,-0.8559670781893004,0.37448559670781895,-1.0,0.10699588477366255,-0.49794238683127573,0.1111111111111111,-0.6502057613168725,0.02880658436213992,-0.5349794238683128,-0.01646090534979424,-0.42386831275720166,-0.0205761316872428,-0.4691358024691358,-0.04938271604938271,-0.5720164609053497,-0.0823045267489712,-0.49382716049382713,-0.09876543209876543,-0.4074074074074074
1,0.0,0.0,0.10121457489878542,-0.024291497975708502,0.145748987854251,-0.12955465587044535,0.09716599190283401,-0.2631578947368421,0.032388663967611336,-0.3967611336032389,0.3319838056680162,-0.4008097165991903,0.46153846153846156,-0.5789473684210527,0.5303643724696356,-0.7004048582995951,0.5910931174089069,-0.8137651821862348,0.22672064777327935,-0.4817813765182186,0.30364372469635625,-0.7044534412955465,0.32793522267206476,-0.8582995951417004,0.3643724696356275,-1.0,0.10121457489878542,-0.4979757085020243,0.10931174089068826,-0.659919028340081,0.024291497975708502,-0.5384615384615384,-0.024291497975708502,-0.42105263157894735,-0.020242914979757085,-0.47368421052631576,-0.048582995951417005,-0.5789473684210527,-0.08906882591093117,-0.4979757085020243,-0.10526315789473684,-0.4089068825910931
1,0.0,0.0,0.10276679841897234,-0.039525691699604744,0.1422924901185771,-0.14624505928853754,0.08300395256916997,-0.26877470355731226,0.0,-0.383399209486166,0.30039525691699603,-0.41106719367588934,0.4150197628458498,-0.5968379446640316,0.4782608695652174,-0.7154150197628458,0.5375494071146245,-0.8260869565217391,0.18972332015810275,-0.48616600790513836,0.25296442687747034,-0.7035573122529645,0.2727272727272727,-0.8616600790513834,0.308300395256917,-1.0,0.06324110671936758,-0.4980237154150198,0.07114624505928854,-0.6521739130434783,-0.011857707509881422,-0.5375494071146245,-0.05928853754940711,-0.4268774703557312,-0.05928853754940711,-0.47035573122529645,-0.08300395256916997,-0.5810276679841897,-0.1225296442687747,-0.5019762845849802,-0.1422924901185771,-0.41106719367588934
1,0.0,0.0,0.09926470588235294,-0.0625,0.125,-0.1875,0.04044117647058824,-0.3088235294117647,-0.051470588235294115,-0.40808823529411764,0.23161764705882354,-0.44485294117647056,0.30514705882352944,-0.6470588235294118,0.34558823529411764,-0.7757352941176471,0.3786764705882353,-0.8897058823529411,0.11397058823529412,-0.4963235294117647,0.12867647058823528,-0.7205882352941176,0.11764705882352941,-0.8676470588235294,0.11764705882352941,-1.0,-0.011029411764705883,-0.4852941176470588,-0.05514705882352941,-0.6507352941176471,-0.09926470588235294,-0.5330882352941176,-0.11397058823529412,-0.4264705882352941,-0.1213235294117647,-0.4264705882352941,-0.1801470588235294,-0.5183823529411765,-0.19117647058823528,-0.4338235294117647,-0.1801470588235294,-0.3492647058823529
1,0.0,0.0,0.11524163568773234,-0.07063197026022305,0.1449814126394052,-0.20074349442379183,0.03717472118959108,-0.30111524163568776,-0.06691449814126393,-0.379182156133829,0.20817843866171004,-0.4758364312267658,0.27137546468401486,-0.6840148698884758,0.3048327137546468,-0.8141263940520446,0.3271375464684015,-0.929368029739777,0.08178438661710037,-0.516728624535316,0.08921933085501858,-0.7397769516728625,0.06319702602230483,-0.8773234200743495,0.040892193308550186,-1.0,-0.03717472118959108,-0.49814126394052044,-0.08921933085501858,-0.6654275092936803,-0.11524163568773234,-0.550185873605948,-0.12267657992565056,-0.44609665427509293,-0.1449814126394052,-0.4349442379182156,-0.20074349442379183,-0.5241635687732342,-0.20446096654275092,-0.46096654275092935,-0.18587360594795538,-0.38661710037174724
1,0.0,0.0,0.09655172413793103,-0.06206896551724138,0.0896551724137931,-0.18275862068965518,-0.041379310344827586,-0.25517241379310346,-0.15172413793103448,-0.3275862068965517,0.1413793103448276,-0.46551724137931033,0.18620689655172415,-0.6689655172413793,0.21379310344827587,-0.803448275862069,0.23448275862068965,-0.9206896551724137,0.020689655172413793,-0.49310344827586206,0.0034482758620689655,-0.7137931034482758,-0.027586206896551724,-0.8689655172413793,-0.04827586206896552,-1.0,-0.08620689655172414,-0.45517241379310347,-0.15862068965517243,-0.5896551724137931,-0.16896551724137931,-0.4793103448275862,-0.15517241379310345,-0.38620689655172413,-0.17586206896551723,-0.3758620689655172,-0.23793103448275862,-0.4206896551724138,-0.21724137931034482,-0.33793103448275863,-0.1793103448275862,-0.2689655172413793
1,0.0,0.0,0.08135593220338982,-0.05084745762711865,0.06779661016949153,-0.16610169491525423,-0.07457627118644068,-0.23389830508474577,-0.1864406779661017,-0.2983050847457627,0.1288135593220339,-0.46440677966101696,0.16610169491525423,-0.6644067796610169,0.1864406779661017,-0.8,0.2,-0.9186440677966101,0.010169491525423728,-0.4915254237288136,-0.013559322033898305,-0.7186440677966102,-0.05084745762711865,-0.864406779661017,-0.07457627118644068,-1.0,-0.09152542372881356,-0.4542372881355932,-0.1864406779661017,-0.5627118644067797,-0.22033898305084745,-0.43050847457627117,-0.2135593220338983,-0.3288135593220339,-0.1694915254237288,-0.376271186440678,-0.2576271186440678,-0.41694915254237286,-0.2576271186440678,-0.33220338983050846,-0.22033898305084745,-0.26440677966101694
1,0.0,0.0,0.08873720136518772,-0.05802047781569966,0.06484641638225255,-0.17406143344709898,-0.07849829351535836,-0.23208191126279865,-0.20136518771331058,-0.27986348122866894,0.11262798634812286,-0.46757679180887374,0.14334470989761092,-0.6655290102389079,0.16382252559726962,-0.7986348122866894,0.17406143344709898,-0.9215017064846417,-0.013651877133105802,-0.49146757679180886,-0.05802047781569966,-0.7133105802047781,-0.11604095563139932,-0.863481228668942,-0.15699658703071673,-1.0,-0.11262798634812286,-0.45051194539249145,-0.22525597269624573,-0.5358361774744027,-0.24573378839590443,-0.40955631399317405,-0.23208191126279865,-0.31399317406143346,-0.18088737201365188,-0.3651877133105802,-0.27986348122866894,-0.39590443686006827,-0.26621160409556316,-0.30716723549488056,-0.22525597269624573,-0.23208191126279865
1,0.0,0.0,0.0896551724137931,-0.04827586206896552,0.06551724137931035,-0.1482758620689655,-0.08275862068965517,-0.2103448275862069,-0.21379310344827587,-0.27241379310344827,0.1206896551724138,-0.46206896551724136,0.15517241379310345,-0.6620689655172414,0.16896551724137931,-0.7965517241379311,0.1793103448275862,-0.9206896551724137,-0.006896551724137931,-0.4896551724137931,-0.06896551724137931,-0.7137931034482758,-0.13448275862068965,-0.8620689655172413,-0.18275862068965518,-1.0,-0.1103448275862069,-0.4517241379310345,-0.22758620689655173,-0.5413793103448276,-0.24482758620689654,-0.40344827586206894,-0.22413793103448276,-0.30344827586206896,-0.18275862068965518,-0.36551724137931035,-0.2827586206896552,-0.4,-0.27586206896551724,-0.3103448275862069,-0.22758620689655173,-0.23103448275862068
1,0.0,0.0,0.0975609756097561,-0.05226480836236934,0.08362369337979095,-0.16376306620209058,-0.0627177700348432,-0.2229965156794425,-0.1916376306620209,-0.27177700348432055,0.1254355400696864,-0.46689895470383275,0.16376306620209058,-0.6655052264808362,0.18118466898954705,-0.8048780487804879,0.1916376306620209,-0.9303135888501742,-0.006968641114982578,-0.4912891986062718,-0.07665505226480836,-0.7142857142857143,-0.14982578397212543,-0.8641114982578397,-0.20557491289198607,-1.0,-0.11149825783972125,-0.445993031358885,-0.2229965156794425,-0.5365853658536586,-0.24041811846689895,-0.4076655052264808,-0.2229965156794425,-0.30313588850174217,-0.18118466898954705,-0.3588850174216028,-0.2857142857142857,-0.39372822299651566,-0.27526132404181186,-0.30662020905923343,-0.22996515679442509,-0.23344947735191637
1,0.0,0.0,0.08833922261484099,-0.0636042402826855,0.0706713780918728,-0.17314487632508835,-0.07420494699646643,-0.2226148409893993,-0.21201413427561838,-0.27208480565371024,0.0989399293286219,-0.4876325088339223,0.13074204946996468,-0.6855123674911661,0.14840989399293286,-0.823321554770318,0.15547703180212014,-0.9469964664310954,-0.0353356890459364,-0.5017667844522968,-0.10954063604240283,-0.7243816254416962,-0.1872791519434629,-0.8657243816254417,-0.24381625441696114,-1.0,-0.13780918727915195,-0.45229681978798586,-0.254416961130742,-0.5371024734982333,-0.254416961130742,-0.4028268551236749,-0.22614840989399293,-0.303886925795053,-0.2049469964664311,-0.3568904593639576,-0.303886925795053,-0.37809187279151946,-0.2826855123674912,-0.28975265017667845,-0.22968197879858657,-0.21908127208480566
1,0.0,0.0,0.08118081180811808,-0.0959409594095941,0.055350553505535055,-0.23616236162361623,-0.1033210332103321,-0.2988929889298893,-0.23616236162361623,-0.36162361623616235,0.05166051660516605,-0.5202952029520295,0.06273062730627306,-0.7343173431734318,0.06273062730627306,-0.8782287822878229,0.05904059040590406,-1.0,-0.08118081180811808,-0.5166051660516605,-0.18450184501845018,-0.7343173431734318,-0.2730627306273063,-0.8634686346863468,-0.34317343173431736,-0.974169741697417,-0.17712177121771217,-0.45018450184501846,-0.2915129151291513,-0.5276752767527675,-0.23247232472324722,-0.42066420664206644,-0.16974169741697417,-0.34686346863468637,-0.23985239852398524,-0.35424354243542433,-0.3025830258302583,-0.36162361623616235,-0.23985239852398524,-0.28413284132841327,-0.17343173431734318,-0.23616236162361623
1,0.0,0.0,0.08914728682170543,-0.1124031007751938,0.06201550387596899,-0.2558139534883721,-0.08139534883720931,-0.28294573643410853,-0.2248062015503876,-0.2868217054263566,-0.01937984496124031,-0.5426356589147286,-0.04263565891472868,-0.751937984496124,-0.05813953488372093,-0.8875968992248062,-0.08527131782945736,-1.0,-0.1511627906976744,-0.5116279069767442,-0.27906976744186046,-0.7054263565891473,-0.3798449612403101,-0.8178294573643411,-0.46511627906976744,-0.9186046511627907,-0.2364341085271318,-0.43023255813953487,-0.36046511627906974,-0.5193798449612403,-0.2868217054263566,-0.41472868217054265,-0.22093023255813954,-0.3372093023255814,-0.2868217054263566,-0.32170542635658916,-0.3372093023255814,-0.3333333333333333,-0.26744186046511625,-0.26744186046511625,-0.1937984496124031,-0.21705426356589147
1,0.0,0.0,0.07086614173228346,-0.11023622047244094,0.027559055118110236,-0.24015748031496062,-0.1220472440944882,-0.2755905511811024,-0.2637795275590551,-0.2992125984251969,-0.03543307086614173,-0.547244094488189,-0.07086614173228346,-0.7519685039370079,-0.09448818897637795,-0.8858267716535433,-0.12598425196850394,-1.0,-0.16929133858267717,-0.515748031496063,-0.3031496062992126,-0.7007874015748031,-0.4094488188976378,-0.8110236220472441,-0.5,-0.9094488188976378,-0.25196850393700787,-0.43700787401574803,-0.3858267716535433,-0.5118110236220472,-0.31496062992125984,-0.4015748031496063,-0.24015748031496062,-0.3228346456692913,-0.2952755905511811,-0.32677165354330706,-0.3700787401574803,-0.3464566929133858,-0.3110236220472441,-0.2795275590551181,-0.23228346456692914,-0.2283464566929134
1,0.0,0.0,0.07874015748031496,-0.1220472440944882,0.027559055118110236,-0.25984251968503935,-0.13385826771653545,-0.2874015748031496,-0.27165354330708663,-0.3031496062992126,-0.04330708661417323,-0.5433070866141733,-0.07480314960629922,-0.7559055118110236,-0.0984251968503937,-0.8858267716535433,-0.12992125984251968,-1.0,-0.1732283464566929,-0.5118110236220472,-0.31496062992125984,-0.6968503937007874,-0.421259842519685,-0.8070866141732284,-0.5118110236220472,-0.9015748031496063,-0.2559055118110236,-0.42913385826771655,-0.38976377952755903,-0.5039370078740157,-0.30708661417322836,-0.4015748031496063,-0.23228346456692914,-0.32677165354330706,-0.2952755905511811,-0.3188976377952756,-0.37401574803149606,-0.35039370078740156,-0.30708661417322836,-0.28346456692913385,-0.2283464566929134,-0.23622047244094488
1,0.0,0.0,0.07142857142857142,-0.11507936507936507,0.015873015873015872,-0.2619047619047619,-0.14285714285714285,-0.2896825396825397,-0.2857142857142857,-0.2976190476190476,-0.051587301587301584,-0.5396825396825397,-0.08333333333333333,-0.75,-0.10714285714285714,-0.8849206349206349,-0.14285714285714285,-1.0,-0.18253968253968253,-0.5079365079365079,-0.3253968253968254,-0.6984126984126984,-0.42857142857142855,-0.8095238095238095,-0.5277777777777778,-0.9047619047619048,-0.26587301587301587,-0.42857142857142855,-0.40476190476190477,-0.5119047619047619,-0.32936507936507936,-0.4087301587301587,-0.25793650793650796,-0.3253968253968254,-0.30952380952380953,-0.31746031746031744,-0.3968253968253968,-0.34523809523809523,-0.3373015873015873,-0.28174603174603174,-0.26587301587301587,-0.23412698412698413
1,0.0,0.0,0.07661290322580645,-0.11290322580645161,0.036290322580645164,-0.2540322580645161,-0.12903225806451613,-0.2782258064516129,-0.2782258064516129,-0.2862903225806452,-0.05241935483870968,-0.5362903225806451,-0.08064516129032258,-0.75,-0.10887096774193548,-0.8870967741935484,-0.14112903225806453,-1.0,-0.18548387096774194,-0.5040322580645161,-0.32661290322580644,-0.6975806451612904,-0.43548387096774194,-0.8104838709677419,-0.5282258064516129,-0.9032258064516129,-0.2701612903225806,-0.42338709677419356,-0.40725806451612906,-0.49193548387096775,-0.33064516129032256,-0.3951612903225806,-0.25806451612903225,-0.3185483870967742,-0.31048387096774194,-0.31048387096774194,-0.3951612903225806,-0.33064516129032256,-0.33064516129032256,-0.2661290322580645,-0.25806451612903225,-0.21370967741935484
1,0.0,0.0,0.076,-0.124,0.024,-0.26,-0.132,-0.296,-0.28,-0.304,-0.052,-0.54,-0.088,-0.756,-0.112,-0.892,-0.148,-1.0,-0.184,-0.504,-0.324,-0.696,-0.428,-0.808,-0.524,-0.9,-0.268,-0.424,-0.408,-0.512,-0.328,-0.412,-0.252,-0.332,-0.312,-0.308,-0.4,-0.352,-0.34,-0.292,-0.264,-0.244
1,0.0,0.0,0.072,-0.12,0.016,-0.264,-0.144,-0.292,-0.288,-0.3,-0.044,-0.54,-0.08,-0.752,-0.108,-0.884,-0.144,-1.0,-0.176,-0.508,-0.316,-0.7,-0.424,-0.812,-0.516,-0.908,-0.26,-0.424,-0.404,-0.508,-0.336,-0.404,-0.264,-0.324,-0.3,-0.316,-0.384,-0.34,-0.328,-0.272,-0.256,-0.22
1,0.0,0.0,0.072,-0.116,0.016,-0.268,-0.14,-0.304,-0.28,-0.32,-0.044,-0.544,-0.076,-0.752,-0.104,-0.888,-0.136,-1.0,-0.172,-0.512,-0.312,-0.704,-0.416,-0.82,-0.504,-0.912,-0.256,-0.432,-0.396,-0.508,-0.328,-0.412,-0.26,-0.332,-0.3,-0.324,-0.38,-0.348,-0.32,-0.28,-0.256,-0.228
1,0.0,0.0,0.08943089430894309,-0.12601626016260162,0.06097560975609756,-0.2764227642276423,-0.06910569105691057,-0.3252032520325203,-0.2032520325203252,-0.34552845528455284,0.016260162601626018,-0.5447154471544715,0.008130081300813009,-0.7601626016260162,0.0,-0.8943089430894309,-0.02032520325203252,-1.0,-0.10569105691056911,-0.516260162601626,-0.23170731707317074,-0.7357723577235772,-0.3170731707317073,-0.8536585365853658,-0.3902439024390244,-0.943089430894309,-0.18699186991869918,-0.4349593495934959,-0.2764227642276423,-0.4959349593495935,-0.1910569105691057,-0.4024390243902439,-0.12195121951219512,-0.34146341463414637,-0.23577235772357724,-0.32926829268292684,-0.2682926829268293,-0.34552845528455284,-0.1951219512195122,-0.2764227642276423,-0.13008130081300814,-0.23577235772357724
1,0.0,0.0,0.12987012987012986,-0.08658008658008658,0.17316017316017315,-0.21212121212121213,0.08225108225108226,-0.2813852813852814,-0.03463203463203463,-0.329004329004329,0.1341991341991342,-0.5238095238095238,0.17316017316017315,-0.7316017316017316,0.19047619047619047,-0.8658008658008658,0.19913419913419914,-0.9826839826839827,-0.004329004329004329,-0.5238095238095238,-0.06926406926406926,-0.7445887445887446,-0.12554112554112554,-0.8787878787878788,-0.17316017316017315,-1.0,-0.10822510822510822,-0.4588744588744589,-0.1774891774891775,-0.5757575757575758,-0.11255411255411256,-0.4458874458874459,-0.06493506493506493,-0.33766233766233766,-0.18614718614718614,-0.35064935064935066,-0.2077922077922078,-0.4155844155844156,-0.1471861471861472,-0.3246753246753247,-0.09523809523809523,-0.24242424242424243
1,0.0,0.0,0.13025210084033614,-0.08823529411764706,0.1722689075630252,-0.2184873949579832,0.09243697478991597,-0.27310924369747897,-0.008403361344537815,-0.3235294117647059,0.14285714285714285,-0.5210084033613446,0.19327731092436976,-0.7184873949579832,0.2184873949579832,-0.8403361344537815,0.22268907563025211,-0.9537815126050421,0.012605042016806723,-0.5210084033613446,-0.03361344537815126,-0.7352941176470589,-0.07983193277310924,-0.8739495798319328,-0.12184873949579832,-1.0,-0.09663865546218488,-0.46218487394957986,-0.15126050420168066,-0.5714285714285714,-0.08403361344537816,-0.42436974789915966,-0.029411764705882353,-0.31932773109243695,-0.17647058823529413,-0.35294117647058826,-0.18907563025210083,-0.40756302521008403,-0.12605042016806722,-0.31512605042016806,-0.07563025210084033,-0.24369747899159663
1,0.0,0.0,0.14814814814814814,-0.0823045267489712,0.20164609053497942,-0.20987654320987653,0.12345679012345678,-0.2716049382716049,0.01646090534979424,-0.32510288065843623,0.16872427983539096,-0.522633744855967,0.2139917695473251,-0.720164609053498,0.23868312757201646,-0.8477366255144033,0.24691358024691357,-0.9588477366255144,0.03292181069958848,-0.522633744855967,-0.01646090534979424,-0.7366255144032922,-0.053497942386831275,-0.8765432098765432,-0.09465020576131687,-1.0,-0.07818930041152264,-0.4567901234567901,-0.12757201646090535,-0.5720164609053497,-0.05761316872427984,-0.42386831275720166,-0.00411522633744856,-0.3168724279835391,-0.16049382716049382,-0.3497942386831276,-0.1646090534979424,-0.411522633744856,-0.09876543209876543,-0.3168724279835391,-0.04938271604938271,-0.23868312757201646
1,0.0,0.0,0.14112903225806453,-0.0846774193548387,0.1975806451612903,-0.2217741935483871,0.12903225806451613,-0.2903225806451613,0.036290322580645164,-0.3467741935483871,0.17338709677419356,-0.5282258064516129,0.21774193548387097,-0.7217741935483871,0.24596774193548387,-0.842741935483871,0.25806451612903225,-0.9516129032258065,0.04032258064516129,-0.5282258064516129,-0.016129032258064516,-0.7459677419354839,-0.05241935483870968,-0.8830645161290323,-0.09274193548387097,-1.0,-0.06854838709677419,-0.4637096774193548,-0.11693548387096774,-0.5806451612903226,-0.05241935483870968,-0.4475806451612903,-0.008064516129032258,-0.34274193548387094,-0.14919354838709678,-0.3588709677419355,-0.14919354838709678,-0.42338709677419356,-0.08870967741935484,-0.33064516129032256,-0.04032258064516129,-0.2540322580645161
2,0.0,0.0,-0.0975609756097561,-0.1902439024390244,-0.15609756097560976,-0.3853658536585366,-0.18536585365853658,-0.5317073170731708,-0.24390243902439024,-0.6341463414634146,0.03902439024390244,-0.551219512195122,0.17073170731707318,-0.775609756097561,0.25365853658536586,-0.9073170731707317,0.32195121951219513,-1.0,0.13658536585365855,-0.5121951219512195,0.36097560975609755,-0.5951219512195122,0.3463414634146341,-0.4975609756097561,0.2975609756097561,-0.43414634146341463,0.24390243902439024,-0.4146341463414634,0.4292682926829268,-0.4975609756097561,0.4195121951219512,-0.4146341463414634,0.37073170731707317,-0.36097560975609755,0.34146341463414637,-0.28780487804878047,0.5121951219512195,-0.4292682926829268,0.6292682926829268,-0.4878048780487805,0.7219512195121951,-0.5463414634146342
2,0.0,0.0,-0.10628019323671498,-0.18357487922705315,-0.15942028985507245,-0.37681159420289856,-0.1932367149758454,-0.5265700483091788,-0.2463768115942029,-0.6280193236714976,0.033816425120772944,-0.5603864734299517,0.16908212560386474,-0.782608695652174,0.25120772946859904,-0.9082125603864735,0.3188405797101449,-1.0,0.14009661835748793,-0.5265700483091788,0.36231884057971014,-0.5990338164251208,0.3526570048309179,-0.4927536231884058,0.2995169082125604,-0.43478260869565216,0.2463768115942029,-0.42995169082125606,0.4396135265700483,-0.5024154589371981,0.4251207729468599,-0.4106280193236715,0.3671497584541063,-0.3526570048309179,0.34782608695652173,-0.30917874396135264,0.5217391304347826,-0.4444444444444444,0.6376811594202898,-0.4975845410628019,0.7342995169082126,-0.5555555555555556
2,0.0,0.0,-0.10047846889952153,-0.18660287081339713,-0.15789473684210525,-0.37799043062200954,-0.18660287081339713,-0.5263157894736842,-0.24401913875598086,-0.6267942583732058,0.03349282296650718,-0.5502392344497608,0.1674641148325359,-0.7751196172248804,0.24880382775119617,-0.9043062200956937,0.32057416267942584,-1.0,0.1291866028708134,-0.5119617224880383,0.3492822966507177,-0.5933014354066986,0.3349282296650718,-0.49282296650717705,0.28708133971291866,-0.4354066985645933,0.23923444976076555,-0.41626794258373206,0.430622009569378,-0.49760765550239233,0.42105263157894735,-0.41148325358851673,0.37320574162679426,-0.35406698564593303,0.3397129186602871,-0.2966507177033493,0.5119617224880383,-0.4354066985645933,0.6220095693779905,-0.4880382775119617,0.7177033492822966,-0.5502392344497608
2,0.0,0.0,-0.10526315789473684,-0.18660287081339713,-0.16267942583732056,-0.3827751196172249,-0.19617224880382775,-0.5311004784688995,-0.2535885167464115,-0.6363636363636364,0.023923444976076555,-0.5454545454545454,0.15789473684210525,-0.7751196172248804,0.23923444976076555,-0.9090909090909091,0.31100478468899523,-1.0,0.12440191387559808,-0.507177033492823,0.3492822966507177,-0.6028708133971292,0.3349282296650718,-0.49760765550239233,0.2822966507177033,-0.4354066985645933,0.22966507177033493,-0.41148325358851673,0.4258373205741627,-0.5023923444976076,0.40669856459330145,-0.41626794258373206,0.3588516746411483,-0.35406698564593303,0.3253588516746411,-0.291866028708134,0.5023923444976076,-0.4354066985645933,0.6220095693779905,-0.49282296650717705,0.722488038277512,-0.5502392344497608
2,0.0,0.0,-0.10576923076923077,-0.1778846153846154,-0.16826923076923078,-0.3701923076923077,-0.20192307692307693,-0.5240384615384616,-0.2644230769230769,-0.6298076923076923,0.02403846153846154,-0.5480769230769231,0.15865384615384615,-0.7740384615384616,0.2403846153846154,-0.9038461538461539,0.3076923076923077,-1.0,0.125,-0.5096153846153846,0.3269230769230769,-0.5913461538461539,0.3125,-0.49038461538461536,0.25961538461538464,-0.42788461538461536,0.23076923076923078,-0.4182692307692308,0.41346153846153844,-0.5,0.3942307692307692,-0.41346153846153844,0.34134615384615385,-0.35096153846153844,0.33653846153846156,-0.2980769230769231,0.5,-0.42788461538461536,0.6153846153846154,-0.4807692307692308,0.7067307692307693,-0.5384615384615384
2,0.0,0.0,-0.10377358490566038,-0.18396226415094338,-0.1650943396226415,-0.37735849056603776,-0.19811320754716982,-0.5283018867924528,-0.25471698113207547,-0.6273584905660378,0.02358490566037736,-0.5471698113207547,0.15566037735849056,-0.7783018867924528,0.2358490566037736,-0.9056603773584906,0.30660377358490565,-1.0,0.12264150943396226,-0.5094339622641509,0.33962264150943394,-0.6037735849056604,0.32547169811320753,-0.5,0.2783018867924528,-0.44339622641509435,0.23113207547169812,-0.41509433962264153,0.419811320754717,-0.5094339622641509,0.41037735849056606,-0.42452830188679247,0.3632075471698113,-0.3632075471698113,0.330188679245283,-0.2971698113207547,0.49528301886792453,-0.4339622641509434,0.6084905660377359,-0.49528301886792453,0.7028301886792453,-0.5566037735849056
2,0.0,0.0,-0.11057692307692307,-0.1778846153846154,-0.1778846153846154,-0.3701923076923077,-0.21153846153846154,-0.5240384615384616,-0.2692307692307692,-0.6298076923076923,0.014423076923076924,-0.5480769230769231,0.14903846153846154,-0.7788461538461539,0.23076923076923078,-0.9038461538461539,0.2932692307692308,-1.0,0.1201923076923077,-0.5048076923076923,0.34615384615384615,-0.6009615384615384,0.3269230769230769,-0.5,0.27403846153846156,-0.4375,0.23076923076923078,-0.41346153846153844,0.4326923076923077,-0.5096153846153846,0.40865384615384615,-0.4182692307692308,0.3557692307692308,-0.3605769230769231,0.3317307692307692,-0.2980769230769231,0.5048076923076923,-0.4326923076923077,0.6201923076923077,-0.4951923076923077,0.7163461538461539,-0.5625
2,0.0,0.0,-0.11320754716981132,-0.17452830188679244,-0.18396226415094338,-0.3632075471698113,-0.22169811320754718,-0.5141509433962265,-0.28773584905660377,-0.6132075471698113,0.0047169811320754715,-0.5424528301886793,0.12735849056603774,-0.7735849056603774,0.20754716981132076,-0.9009433962264151,0.2688679245283019,-1.0,0.10849056603773585,-0.5094339622641509,0.3018867924528302,-0.5943396226415094,0.28773584905660377,-0.49528301886792453,0.24056603773584906,-0.4339622641509434,0.22169811320754718,-0.42452830188679247,0.39622641509433965,-0.5141509433962265,0.38207547169811323,-0.42452830188679247,0.330188679245283,-0.3632075471698113,0.32547169811320753,-0.3160377358490566,0.49056603773584906,-0.4528301886792453,0.5990566037735849,-0.5141509433962265,0.6839622641509434,-0.5849056603773585
2,0.0,0.0,-0.1267605633802817,-0.1596244131455399,-0.2112676056338028,-0.352112676056338,-0.24882629107981222,-0.5023474178403756,-0.323943661971831,-0.5915492957746479,-0.023474178403755867,-0.5352112676056338,0.10328638497652583,-0.7699530516431925,0.1784037558685446,-0.9014084507042254,0.2347417840375587,-1.0,0.09389671361502347,-0.5023474178403756,0.28169014084507044,-0.6009389671361502,0.2676056338028169,-0.49765258215962443,0.22065727699530516,-0.431924882629108,0.2112676056338028,-0.4225352112676056,0.38497652582159625,-0.5164319248826291,0.36619718309859156,-0.4272300469483568,0.3145539906103286,-0.36619718309859156,0.323943661971831,-0.3192488262910798,0.4788732394366197,-0.460093896713615,0.5821596244131455,-0.5352112676056338,0.6713615023474179,-0.6103286384976526
2,0.0,0.0,-0.13679245283018868,-0.15566037735849056,-0.22169811320754718,-0.33962264150943394,-0.2688679245283019,-0.4858490566037736,-0.33962264150943394,-0.5754716981132075,-0.02830188679245283,-0.5377358490566038,0.08490566037735849,-0.7688679245283019,0.16037735849056603,-0.9009433962264151,0.22169811320754718,-1.0,0.08962264150943396,-0.5047169811320755,0.2688679245283019,-0.589622641509434,0.24528301886792453,-0.49056603773584906,0.19811320754716982,-0.42452830188679247,0.20754716981132076,-0.42452830188679247,0.37264150943396224,-0.5141509433962265,0.3443396226415094,-0.42452830188679247,0.29245283018867924,-0.35377358490566035,0.32547169811320753,-0.32075471698113206,0.47641509433962265,-0.45754716981132076,0.5801886792452831,-0.5330188679245284,0.6650943396226415,-0.6084905660377359
2,0.0,0.0,-0.1527777777777778,-0.1527777777777778,-0.25,-0.3287037037037037,-0.3055555555555556,-0.4722222222222222,-0.38425925925925924,-0.5555555555555556,-0.05555555555555555,-0.5324074074074074,0.05092592592592592,-0.7638888888888888,0.11574074074074074,-0.8981481481481481,0.16666666666666666,-1.0,0.06944444444444445,-0.5092592592592593,0.22685185185185186,-0.5972222222222222,0.20833333333333334,-0.49537037037037035,0.16203703703703703,-0.42592592592592593,0.19907407407407407,-0.4351851851851852,0.33796296296296297,-0.5231481481481481,0.3148148148148148,-0.4351851851851852,0.26851851851851855,-0.37037037037037035,0.3194444444444444,-0.3333333333333333,0.4583333333333333,-0.48148148148148145,0.5509259259259259,-0.5555555555555556,0.6203703703703703,-0.6342592592592593
2,0.0,0.0,-0.18552036199095023,-0.13574660633484162,-0.3076923076923077,-0.29411764705882354,-0.38461538461538464,-0.4253393665158371,-0.47058823529411764,-0.502262443438914,-0.11312217194570136,-0.5203619909502263,-0.04524886877828054,-0.755656108597285,0.004524886877828055,-0.8914027149321267,0.04072398190045249,-1.0,0.01809954751131222,-0.5158371040723982,0.13574660633484162,-0.6063348416289592,0.12669683257918551,-0.5067873303167421,0.09049773755656108,-0.4298642533936652,0.15384615384615385,-0.45248868778280543,0.25339366515837103,-0.5475113122171946,0.24434389140271492,-0.46153846153846156,0.21266968325791855,-0.3936651583710407,0.28054298642533937,-0.36199095022624433,0.3936651583710407,-0.5339366515837104,0.46153846153846156,-0.6153846153846154,0.5113122171945701,-0.7013574660633484
2,0.0,0.0,-0.2,-0.11818181818181818,-0.33636363636363636,-0.2636363636363636,-0.42727272727272725,-0.39090909090909093,-0.5181818181818182,-0.45454545454545453,-0.16818181818181818,-0.5181818181818182,-0.10909090909090909,-0.7545454545454545,-0.07727272727272727,-0.8954545454545455,-0.05,-1.0,-0.031818181818181815,-0.5272727272727272,0.07727272727272727,-0.6136363636363636,0.08181818181818182,-0.5181818181818182,0.05909090909090909,-0.4409090909090909,0.10909090909090909,-0.4818181818181818,0.19545454545454546,-0.5636363636363636,0.19545454545454546,-0.4772727272727273,0.16818181818181818,-0.41363636363636364,0.24545454545454545,-0.4090909090909091,0.33181818181818185,-0.5909090909090909,0.38181818181818183,-0.6818181818181818,0.41363636363636364,-0.7681818181818182
2,0.0,0.0,-0.2112676056338028,-0.10328638497652583,-0.3615023474178404,-0.2347417840375587,-0.460093896713615,-0.3474178403755869,-0.5586854460093896,-0.40375586854460094,-0.2112676056338028,-0.5117370892018779,-0.16901408450704225,-0.7464788732394366,-0.14084507042253522,-0.892018779342723,-0.11737089201877934,-1.0,-0.07511737089201878,-0.5352112676056338,0.04225352112676056,-0.6103286384976526,0.051643192488262914,-0.5117370892018779,0.028169014084507043,-0.431924882629108,0.07042253521126761,-0.5023474178403756,0.16901408450704225,-0.5727699530516432,0.17370892018779344,-0.47417840375586856,0.14553990610328638,-0.4131455399061033,0.22065727699530516,-0.4460093896713615,0.2863849765258216,-0.6338028169014085,0.3333333333333333,-0.7323943661971831,0.3568075117370892,-0.8215962441314554
2,0.0,0.0,-0.21359223300970873,-0.0825242718446602,-0.36893203883495146,-0.2087378640776699,-0.46601941747572817,-0.32038834951456313,-0.5631067961165048,-0.3592233009708738,-0.23300970873786409,-0.5194174757281553,-0.19902912621359223,-0.7475728155339806,-0.1796116504854369,-0.8932038834951457,-0.16019417475728157,-1.0,-0.10194174757281553,-0.558252427184466,0.014563106796116505,-0.6067961165048543,0.024271844660194174,-0.5097087378640777,0.0048543689320388345,-0.4320388349514563,0.04854368932038835,-0.5339805825242718,0.1262135922330097,-0.587378640776699,0.13592233009708737,-0.49514563106796117,0.11165048543689321,-0.42718446601941745,0.20388349514563106,-0.48058252427184467,0.2524271844660194,-0.6650485436893204,0.28640776699029125,-0.7621359223300971,0.3106796116504854,-0.8446601941747572
2,0.0,0.0,-0.20202020202020202,-0.08080808080808081,-0.3484848484848485,-0.20202020202020202,-0.4393939393939394,-0.30808080808080807,-0.5303030303030303,-0.3484848484848485,-0.21717171717171718,-0.5202020202020202,-0.17676767676767677,-0.7525252525252525,-0.15151515151515152,-0.8939393939393939,-0.13636363636363635,-1.0,-0.09090909090909091,-0.5606060606060606,0.050505050505050504,-0.6111111111111112,0.06565656565656566,-0.51010101010101,0.04040404040404041,-0.4393939393939394,0.06060606060606061,-0.5353535353535354,0.15656565656565657,-0.5959595959595959,0.1717171717171717,-0.5,0.14646464646464646,-0.4393939393939394,0.21212121212121213,-0.4898989898989899,0.2727272727272727,-0.6868686868686869,0.31313131313131315,-0.7929292929292929,0.3383838383838384,-0.8787878787878788
2,0.0,0.0,-0.15425531914893617,-0.09042553191489362,-0.23404255319148937,-0.19148936170212766,-0.2925531914893617,-0.2712765957446808,-0.3723404255319149,-0.3191489361702128,-0.17553191489361702,-0.5106382978723404,-0.10638297872340426,-0.7393617021276596,-0.06382978723404255,-0.8882978723404256,-0.031914893617021274,-1.0,-0.0797872340425532,-0.5585106382978723,0.1702127659574468,-0.5851063829787234,0.22872340425531915,-0.4734042553191489,0.21808510638297873,-0.3882978723404255,0.05319148936170213,-0.5531914893617021,0.2712765957446808,-0.5797872340425532,0.3351063829787234,-0.4627659574468085,0.3404255319148936,-0.39361702127659576,0.19680851063829788,-0.526595744680851,0.2978723404255319,-0.7287234042553191,0.3617021276595745,-0.8351063829787234,0.4148936170212766,-0.925531914893617
2,0.0,0.0,-0.056818181818181816,-0.19886363636363635,-0.022727272727272728,-0.3977272727272727,0.08522727272727272,-0.5170454545454546,0.19886363636363635,-0.5795454545454546,-0.10227272727272728,-0.5397727272727273,0.022727272727272728,-0.7443181818181818,0.08522727272727272,-0.8522727272727273,0.11363636363636363,-0.9375,-0.05113636363636364,-0.5511363636363636,0.25,-0.6193181818181818,0.3181818181818182,-0.4602272727272727,0.3068181818181818,-0.32954545454545453,0.03977272727272727,-0.5454545454545454,0.3125,-0.6079545454545454,0.375,-0.44886363636363635,0.36363636363636365,-0.32954545454545453,0.14204545454545456,-0.5340909090909091,0.23295454545454544,-0.7556818181818182,0.2897727272727273,-0.8920454545454546,0.3409090909090909,-1.0
2,0.0,0.0,0.03571428571428571,-0.15476190476190477,0.047619047619047616,-0.3869047619047619,0.10119047619047619,-0.5595238095238095,0.125,-0.6726190476190477,-0.1130952380952381,-0.5535714285714286,0.08928571428571429,-0.6726190476190477,0.20833333333333334,-0.6428571428571429,0.2619047619047619,-0.6011904761904762,-0.07738095238095238,-0.5535714285714286,0.20238095238095238,-0.6309523809523809,0.27976190476190477,-0.4583333333333333,0.27976190476190477,-0.3273809523809524,-0.017857142857142856,-0.5476190476190477,0.2261904761904762,-0.6309523809523809,0.2916666666666667,-0.4642857142857143,0.2857142857142857,-0.3392857142857143,0.05952380952380952,-0.5357142857142857,0.13690476190476192,-0.7559523809523809,0.18452380952380953,-0.8928571428571429,0.2261904761904762,-1.0
2,0.0,0.0,0.041916167664670656,-0.1497005988023952,0.05389221556886228,-0.3473053892215569,0.10778443113772455,-0.47305389221556887,0.1437125748502994,-0.5568862275449101,-0.03592814371257485,-0.5329341317365269,0.20958083832335328,-0.6047904191616766,0.33532934131736525,-0.5029940119760479,0.38323353293413176,-0.38922155688622756,-0.011976047904191617,-0.5449101796407185,0.2934131736526946,-0.592814371257485,0.3592814371257485,-0.4251497005988024,0.3473053892215569,-0.2934131736526946,0.029940119760479042,-0.5508982035928144,0.30538922155688625,-0.6287425149700598,0.3592814371257485,-0.46107784431137727,0.33532934131736525,-0.32934131736526945,0.07784431137724551,-0.5508982035928144,0.16167664670658682,-0.7604790419161677,0.2215568862275449,-0.8922155688622755,0.2694610778443114,-1.0
2,0.0,0.0,0.11560693641618497,-0.14450867052023122,0.13872832369942195,-0.3352601156069364,0.18497109826589594,-0.4624277456647399,0.20809248554913296,-0.5433526011560693,-0.023121387283236993,-0.5433526011560693,0.2138728323699422,-0.6184971098265896,0.3063583815028902,-0.49710982658959535,0.3179190751445087,-0.3699421965317919,-0.028901734104046242,-0.5491329479768786,0.27167630057803466,-0.6127167630057804,0.3352601156069364,-0.4508670520231214,0.3236994219653179,-0.3179190751445087,0.0,-0.5491329479768786,0.28901734104046245,-0.6358381502890174,0.34104046242774566,-0.47398843930635837,0.3179190751445087,-0.34104046242774566,0.046242774566473986,-0.5375722543352601,0.15028901734104047,-0.7514450867052023,0.20809248554913296,-0.8901734104046243,0.26011560693641617,-1.0
2,0.0,0.0,0.21301775147928995,-0.03550295857988166,0.3076923076923077,-0.17751479289940827,0.3609467455621302,-0.25443786982248523,0.3668639053254438,-0.33727810650887574,0.13609467455621302,-0.48520710059171596,0.14792899408284024,-0.6982248520710059,0.1893491124260355,-0.8224852071005917,0.22485207100591717,-0.9171597633136095,0.09467455621301775,-0.514792899408284,0.2781065088757396,-0.5976331360946746,0.33727810650887574,-0.44970414201183434,0.3136094674556213,-0.31952662721893493,0.05325443786982249,-0.5502958579881657,0.26627218934911245,-0.6331360946745562,0.33136094674556216,-0.47928994082840237,0.3076923076923077,-0.3609467455621302,0.0,-0.5798816568047337,0.05917159763313609,-0.7869822485207101,0.10650887573964497,-0.8994082840236687,0.13609467455621302,-1.0
2,0.0,0.0,0.20786516853932585,-0.011235955056179775,0.37640449438202245,-0.11797752808988764,0.48314606741573035,-0.20224719101123595,0.5393258426966292,-0.25280898876404495,0.24157303370786518,-0.46629213483146065,0.2808988764044944,-0.6741573033707865,0.3146067415730337,-0.8089887640449438,0.34269662921348315,-0.9269662921348315,0.1404494382022472,-0.5,0.21910112359550563,-0.6741573033707865,0.2640449438202247,-0.550561797752809,0.25842696629213485,-0.4101123595505618,0.033707865168539325,-0.5224719101123596,0.11235955056179775,-0.6966292134831461,0.17415730337078653,-0.550561797752809,0.17415730337078653,-0.4101123595505618,-0.08426966292134831,-0.5280898876404494,-0.09550561797752809,-0.7471910112359551,-0.06179775280898876,-0.8764044943820225,-0.028089887640449437,-1.0
2,0.0,0.0,0.2192513368983957,-0.0106951871657754,0.43315508021390375,-0.11229946524064172,0.5882352941176471,-0.18716577540106952,0.6951871657754011,-0.2192513368983957,0.3315508021390374,-0.47593582887700536,0.4117647058823529,-0.679144385026738,0.44919786096256686,-0.8074866310160428,0.47593582887700536,-0.9358288770053476,0.20320855614973263,-0.5187165775401069,0.27807486631016043,-0.7005347593582888,0.27807486631016043,-0.5508021390374331,0.25133689839572193,-0.40106951871657753,0.06417112299465241,-0.5454545454545454,0.11764705882352941,-0.7165775401069518,0.13368983957219252,-0.5561497326203209,0.12299465240641712,-0.41711229946524064,-0.0748663101604278,-0.5454545454545454,-0.0855614973262032,-0.7593582887700535,-0.06951871657754011,-0.8770053475935828,-0.053475935828877004,-1.0
2,0.0,0.0,0.27717391304347827,-0.03804347826086957,0.5163043478260869,-0.11413043478260869,0.7119565217391305,-0.1793478260869565,0.8532608695652174,-0.21195652173913043,0.42391304347826086,-0.5163043478260869,0.5108695652173914,-0.7282608695652174,0.5489130434782609,-0.8586956521739131,0.5760869565217391,-0.9782608695652174,0.2608695652173913,-0.5652173913043478,0.29347826086956524,-0.7391304347826086,0.2608695652173913,-0.5652173913043478,0.23369565217391305,-0.41847826086956524,0.10869565217391304,-0.5760869565217391,0.11956521739130435,-0.7282608695652174,0.10869565217391304,-0.5489130434782609,0.10869565217391304,-0.42934782608695654,-0.043478260869565216,-0.5706521739130435,-0.04891304347826087,-0.7663043478260869,-0.04891304347826087,-0.875,-0.03260869565217391,-1.0
2,0.0,0.0,0.25806451612903225,-0.005376344086021506,0.5268817204301075,-0.07526881720430108,0.7311827956989247,-0.12903225806451613,0.8817204301075269,-0.13978494623655913,0.46774193548387094,-0.489247311827957,0.5752688172043011,-0.6935483870967742,0.6236559139784946,-0.8279569892473119,0.6612903225806451,-0.946236559139785,0.3064516129032258,-0.5483870967741935,0.3172043010752688,-0.7096774193548387,0.25806451612903225,-0.5376344086021505,0.21505376344086022,-0.3924731182795699,0.15053763440860216,-0.5698924731182796,0.13440860215053763,-0.6989247311827957,0.10752688172043011,-0.5268817204301075,0.0967741935483871,-0.4032258064516129,0.0,-0.5645161290322581,0.005376344086021506,-0.7580645161290323,0.010752688172043012,-0.8709677419354839,0.03225806451612903,-1.0
2,0.0,0.0,0.2620320855614973,-0.016042780748663103,0.5240641711229946,-0.08021390374331551,0.732620320855615,-0.13368983957219252,0.893048128342246,-0.13368983957219252,0.47058823529411764,-0.48663101604278075,0.5775401069518716,-0.7005347593582888,0.6310160427807486,-0.839572192513369,0.6684491978609626,-0.9625668449197861,0.3155080213903743,-0.5454545454545454,0.32620320855614976,-0.7058823529411765,0.26737967914438504,-0.5240641711229946,0.22994652406417113,-0.37433155080213903,0.16042780748663102,-0.5614973262032086,0.15508021390374332,-0.6951871657754011,0.12299465240641712,-0.5133689839572193,0.10695187165775401,-0.39037433155080214,0.0106951871657754,-0.5614973262032086,0.0213903743315508,-0.7593582887700535,0.0213903743315508,-0.8716577540106952,0.0427807486631016,-1.0
2,0.0,0.0,0.25405405405405407,0.005405405405405406,0.518918918918919,-0.05405405405405406,0.7297297297297297,-0.10810810810810811,0.8864864864864865,-0.10810810810810811,0.4810810810810811,-0.4648648648648649,0.6054054054054054,-0.6756756756756757,0.6648648648648648,-0.8216216216216217,0.7135135135135136,-0.9459459459459459,0.32972972972972975,-0.5297297297297298,0.34054054054054056,-0.6864864864864865,0.2648648648648649,-0.5081081081081081,0.22162162162162163,-0.3621621621621622,0.1783783783783784,-0.5513513513513514,0.15675675675675677,-0.6810810810810811,0.11891891891891893,-0.5081081081081081,0.10270270270270271,-0.3891891891891892,0.02702702702702703,-0.5567567567567567,0.03783783783783784,-0.7567567567567568,0.043243243243243246,-0.8702702702702703,0.06486486486486487,-1.0
2,0.0,0.0,0.24022346368715083,0.027932960893854747,0.5195530726256983,-0.027932960893854747,0.7318435754189944,-0.07262569832402235,0.8938547486033519,-0.061452513966480445,0.5083798882681564,-0.44692737430167595,0.6368715083798883,-0.6480446927374302,0.7094972067039106,-0.7877094972067039,0.770949720670391,-0.9050279329608939,0.3575418994413408,-0.5195530726256983,0.3854748603351955,-0.6759776536312849,0.29608938547486036,-0.5083798882681564,0.22905027932960895,-0.3687150837988827,0.20670391061452514,-0.5586592178770949,0.19553072625698323,-0.6759776536312849,0.1452513966480447,-0.5083798882681564,0.11731843575418995,-0.3854748603351955,0.055865921787709494,-0.5698324022346368,0.07262569832402235,-0.7653631284916201,0.08379888268156424,-0.8715083798882681,0.11173184357541899,-1.0
2,0.0,0.0,0.24,0.03428571428571429,0.5142857142857142,-0.005714285714285714,0.7314285714285714,-0.045714285714285714,0.9028571428571428,-0.03428571428571429,0.52,-0.42857142857142855,0.6685714285714286,-0.6228571428571429,0.7485714285714286,-0.7657142857142857,0.8171428571428572,-0.8857142857142857,0.37142857142857144,-0.5085714285714286,0.4057142857142857,-0.6685714285714286,0.30857142857142855,-0.49714285714285716,0.2342857142857143,-0.3485714285714286,0.21714285714285714,-0.5485714285714286,0.22285714285714286,-0.68,0.16,-0.5085714285714286,0.13142857142857142,-0.38857142857142857,0.06857142857142857,-0.5771428571428572,0.09714285714285714,-0.7657142857142857,0.11428571428571428,-0.8742857142857143,0.15428571428571428,-1.0
2,0.0,0.0,0.22988505747126436,0.04597701149425287,0.5,0.017241379310344827,0.7183908045977011,-0.011494252873563218,0.8850574712643678,0.005747126436781609,0.5172413793103449,-0.41379310344827586,0.6666666666666666,-0.6206896551724138,0.7528735632183908,-0.764367816091954,0.8218390804597702,-0.8908045977011494,0.3735632183908046,-0.4942528735632184,0.39080459770114945,-0.6494252873563219,0.28735632183908044,-0.47701149425287354,0.21264367816091953,-0.3275862068965517,0.21839080459770116,-0.5402298850574713,0.19540229885057472,-0.6551724137931034,0.13793103448275862,-0.4885057471264368,0.10919540229885058,-0.3620689655172414,0.06896551724137931,-0.5632183908045977,0.08045977011494253,-0.7528735632183908,0.07471264367816093,-0.867816091954023,0.08620689655172414,-1.0
2,0.0,0.0,0.2254335260115607,0.04046242774566474,0.4913294797687861,0.017341040462427744,0.7109826589595376,0.005780346820809248,0.8786127167630058,0.028901734104046242,0.5144508670520231,-0.42196531791907516,0.6589595375722543,-0.630057803468208,0.7456647398843931,-0.7687861271676301,0.815028901734104,-0.8901734104046243,0.3699421965317919,-0.5086705202312138,0.3699421965317919,-0.6473988439306358,0.2658959537572254,-0.47398843930635837,0.1907514450867052,-0.32947976878612717,0.2138728323699422,-0.5491329479768786,0.17341040462427745,-0.6589595375722543,0.11560693641618497,-0.5028901734104047,0.09248554913294797,-0.37572254335260113,0.06936416184971098,-0.5664739884393064,0.08092485549132948,-0.7572254335260116,0.07514450867052024,-0.8728323699421965,0.08670520231213873,-1.0
2,0.0,0.0,0.21052631578947367,0.04678362573099415,0.4678362573099415,0.04093567251461988,0.6842105263157895,0.05847953216374269,0.8421052631578947,0.09941520467836257,0.5146198830409356,-0.4093567251461988,0.6666666666666666,-0.6198830409356725,0.7543859649122807,-0.7660818713450293,0.8245614035087719,-0.8947368421052632,0.3742690058479532,-0.49707602339181284,0.36257309941520466,-0.6257309941520468,0.24561403508771928,-0.4502923976608187,0.15789473684210525,-0.30409356725146197,0.2222222222222222,-0.543859649122807,0.17543859649122806,-0.6549707602339181,0.09941520467836257,-0.47953216374269003,0.05847953216374269,-0.3508771929824561,0.07017543859649122,-0.5672514619883041,0.06432748538011696,-0.7602339181286549,0.05263157894736842,-0.8771929824561403,0.05263157894736842,-1.0
2,0.0,0.0,0.21839080459770116,0.040229885057471264,0.46551724137931033,0.034482758620689655,0.6781609195402298,0.06896551724137931,0.8448275862068966,0.14367816091954022,0.5229885057471264,-0.4367816091954023,0.6781609195402298,-0.6379310344827587,0.7701149425287356,-0.7701149425287356,0.8505747126436781,-0.8850574712643678,0.3793103448275862,-0.5229885057471264,0.3563218390804598,-0.6494252873563219,0.23563218390804597,-0.47701149425287354,0.14367816091954022,-0.3275862068965517,0.21839080459770116,-0.5632183908045977,0.15517241379310345,-0.6609195402298851,0.07471264367816093,-0.4885057471264368,0.034482758620689655,-0.3505747126436782,0.06321839080459771,-0.5747126436781609,0.04597701149425287,-0.7701149425287356,0.022988505747126436,-0.8793103448275862,0.017241379310344827,-1.0
2,0.0,0.0,0.21468926553672316,0.03954802259887006,0.4576271186440678,0.03389830508474576,0.6610169491525424,0.07344632768361582,0.8248587570621468,0.15254237288135594,0.5141242937853108,-0.4350282485875706,0.6610169491525424,-0.632768361581921,0.751412429378531,-0.768361581920904,0.8248587570621468,-0.8813559322033898,0.3672316384180791,-0.519774011299435,0.3502824858757062,-0.6497175141242938,0.23728813559322035,-0.4745762711864407,0.15819209039548024,-0.3220338983050847,0.20903954802259886,-0.5536723163841808,0.14689265536723164,-0.6666666666666666,0.07909604519774012,-0.4971751412429379,0.03954802259887006,-0.3672316384180791,0.05649717514124294,-0.5649717514124294,0.03389830508474576,-0.7570621468926554,0.005649717514124294,-0.8700564971751412,0.0,-1.0
2,0.0,0.0,0.22404371584699453,0.0273224043715847,0.47540983606557374,0.02185792349726776,0.6721311475409836,0.03825136612021858,0.819672131147541,0.09289617486338798,0.48633879781420764,-0.4644808743169399,0.6338797814207651,-0.6666666666666666,0.7213114754098361,-0.8087431693989071,0.7923497267759563,-0.9344262295081968,0.3333333333333333,-0.5409836065573771,0.31693989071038253,-0.6612021857923497,0.22950819672131148,-0.46994535519125685,0.16393442622950818,-0.31693989071038253,0.16939890710382513,-0.5683060109289617,0.11475409836065574,-0.6612021857923497,0.07103825136612021,-0.4808743169398907,0.04918032786885246,-0.3551912568306011,0.01639344262295082,-0.5737704918032787,-0.01092896174863388,-0.7704918032786885,-0.03278688524590164,-0.8743169398907104,-0.03825136612021858,-1.0
2,0.0,0.0,0.23809523809523808,0.021164021164021163,0.5026455026455027,0.0,0.6984126984126984,0.010582010582010581,0.8306878306878307,0.047619047619047616,0.4973544973544973,-0.4603174603174603,0.6349206349206349,-0.6666666666666666,0.7142857142857143,-0.798941798941799,0.7777777777777778,-0.9206349206349206,0.3386243386243386,-0.5343915343915344,0.328042328042328,-0.6666666666666666,0.25925925925925924,-0.4708994708994709,0.21164021164021163,-0.32275132275132273,0.17989417989417988,-0.5608465608465608,0.13227513227513227,-0.671957671957672,0.10052910052910052,-0.48677248677248675,0.08994708994708994,-0.35978835978835977,0.026455026455026454,-0.5608465608465608,0.0,-0.7566137566137566,-0.026455026455026454,-0.8677248677248677,-0.031746031746031744,-1.0
2,0.0,0.0,0.23902439024390243,0.014634146341463415,0.48292682926829267,-0.014634146341463415,0.6780487804878049,-0.01951219512195122,0.824390243902439,0.004878048780487805,0.47317073170731705,-0.4634146341463415,0.6097560975609756,-0.6682926829268293,0.6829268292682927,-0.8097560975609757,0.7365853658536585,-0.9317073170731708,0.3170731707317073,-0.526829268292683,0.3024390243902439,-0.6585365853658537,0.24390243902439024,-0.47317073170731705,0.2,-0.32195121951219513,0.15609756097560976,-0.5560975609756098,0.1073170731707317,-0.6682926829268293,0.09268292682926829,-0.4926829268292683,0.09268292682926829,-0.36097560975609755,0.00975609756097561,-0.5560975609756098,-0.02926829268292683,-0.7560975609756098,-0.05853658536585366,-0.8682926829268293,-0.06829268292682927,-1.0
2,0.0,0.0,0.23557692307692307,0.014423076923076924,0.4807692307692308,-0.004807692307692308,0.6875,-0.014423076923076924,0.8365384615384616,0.004807692307692308,0.46634615384615385,-0.4567307692307692,0.5913461538461539,-0.6730769230769231,0.6634615384615384,-0.8221153846153846,0.7115384615384616,-0.9567307692307693,0.30288461538461536,-0.5240384615384616,0.28365384615384615,-0.6538461538461539,0.22115384615384615,-0.4567307692307692,0.18269230769230768,-0.30288461538461536,0.14423076923076922,-0.5528846153846154,0.08173076923076923,-0.6682692307692307,0.0673076923076923,-0.4855769230769231,0.07211538461538461,-0.35096153846153844,-0.004807692307692308,-0.5528846153846154,-0.04807692307692308,-0.7548076923076923,-0.08173076923076923,-0.8653846153846154,-0.10096153846153846,-1.0
2,0.0,0.0,0.23394495412844038,0.0045871559633027525,0.47706422018348627,-0.03211009174311927,0.6788990825688074,-0.05045871559633028,0.8211009174311926,-0.027522935779816515,0.44495412844036697,-0.463302752293578,0.5596330275229358,-0.6926605504587156,0.6192660550458715,-0.8394495412844036,0.6605504587155964,-0.9724770642201835,0.28440366972477066,-0.5229357798165137,0.24311926605504589,-0.6467889908256881,0.1834862385321101,-0.44036697247706424,0.1559633027522936,-0.29357798165137616,0.12844036697247707,-0.5458715596330275,0.045871559633027525,-0.6513761467889908,0.027522935779816515,-0.44954128440366975,0.04128440366972477,-0.3119266055045872,-0.027522935779816515,-0.5504587155963303,-0.07339449541284404,-0.7477064220183486,-0.11467889908256881,-0.8623853211009175,-0.13302752293577982,-1.0
2,0.0,0.0,0.23008849557522124,-0.004424778761061947,0.47345132743362833,-0.061946902654867256,0.672566371681416,-0.08849557522123894,0.827433628318584,-0.06637168141592921,0.4247787610619469,-0.4911504424778761,0.5221238938053098,-0.7168141592920354,0.5752212389380531,-0.8672566371681416,0.6150442477876106,-1.0,0.2610619469026549,-0.5398230088495575,0.2079646017699115,-0.6548672566371682,0.1504424778761062,-0.43805309734513276,0.13274336283185842,-0.2920353982300885,0.10176991150442478,-0.5530973451327433,0.008849557522123894,-0.6504424778761062,0.0,-0.4557522123893805,0.017699115044247787,-0.3185840707964602,-0.05752212389380531,-0.5442477876106194,-0.11061946902654868,-0.7389380530973452,-0.15486725663716813,-0.8539823008849557,-0.17699115044247787,-0.995575221238938
2,0.0,0.0,0.22707423580786026,-0.004366812227074236,0.47161572052401746,-0.056768558951965066,0.6768558951965066,-0.08733624454148471,0.8253275109170306,-0.06550218340611354,0.4148471615720524,-0.48034934497816595,0.5152838427947598,-0.7117903930131004,0.5720524017467249,-0.8646288209606987,0.611353711790393,-1.0,0.25327510917030566,-0.5327510917030568,0.20087336244541484,-0.6462882096069869,0.14847161572052403,-0.43231441048034935,0.12663755458515283,-0.2838427947598253,0.09170305676855896,-0.5458515283842795,0.004366812227074236,-0.6419213973799127,-0.004366812227074236,-0.44541484716157204,0.013100436681222707,-0.31004366812227074,-0.06550218340611354,-0.537117903930131,-0.11790393013100436,-0.7379912663755459,-0.1615720524017467,-0.8558951965065502,-0.19213973799126638,-1.0
2,0.0,0.0,0.22406639004149378,-0.029045643153526972,0.44813278008298757,-0.0954356846473029,0.6224066390041494,-0.12448132780082988,0.7551867219917012,-0.14107883817427386,0.3775933609958506,-0.4896265560165975,0.46887966804979253,-0.7178423236514523,0.5186721991701245,-0.8672199170124482,0.5477178423236515,-1.0,0.2157676348547718,-0.5311203319502075,0.1908713692946058,-0.6307053941908713,0.15352697095435686,-0.4066390041493776,0.14522821576763487,-0.2697095435684647,0.05394190871369295,-0.5352697095435685,-0.004149377593360996,-0.6307053941908713,0.008298755186721992,-0.42323651452282157,0.029045643153526972,-0.29045643153526973,-0.0995850622406639,-0.5228215767634855,-0.16182572614107885,-0.7136929460580913,-0.1991701244813278,-0.8132780082987552,-0.22406639004149378,-0.9543568464730291
2,0.0,0.0,0.13559322033898305,-0.15932203389830507,0.2,-0.3389830508474576,0.2542372881355932,-0.4576271186440678,0.3016949152542373,-0.559322033898305,0.013559322033898305,-0.535593220338983,0.020338983050847456,-0.7457627118644068,0.006779661016949152,-0.8813559322033898,-0.003389830508474576,-1.0,-0.0711864406779661,-0.49491525423728816,0.09152542372881356,-0.5389830508474577,0.13898305084745763,-0.4,0.13559322033898305,-0.3254237288135593,-0.12542372881355932,-0.4135593220338983,0.04406779661016949,-0.4406779661016949,0.1152542372881356,-0.29491525423728815,0.12542372881355932,-0.22033898305084745,-0.15593220338983052,-0.31864406779661014,-0.17288135593220338,-0.43728813559322033,-0.18983050847457628,-0.5220338983050847,-0.20677966101694914,-0.6169491525423729
2,0.0,0.0,0.13043478260869565,-0.19732441471571907,0.1605351170568562,-0.3745819397993311,0.17725752508361203,-0.49498327759197325,0.21070234113712374,-0.6020066889632107,-0.0903010033444816,-0.5250836120401338,-0.023411371237458192,-0.7324414715719063,-0.023411371237458192,-0.8729096989966555,-0.033444816053511704,-1.0,-0.16722408026755853,-0.47157190635451507,0.09364548494983277,-0.5150501672240803,0.15384615384615385,-0.3779264214046823,0.14381270903010032,-0.30434782608695654,-0.1806020066889632,-0.3779264214046823,0.08695652173913043,-0.41471571906354515,0.15719063545150502,-0.2809364548494983,0.1505016722408027,-0.21739130434782608,-0.14715719063545152,-0.2709030100334448,-0.08361204013377926,-0.3745819397993311,-0.056856187290969896,-0.4414715719063545,-0.04013377926421405,-0.5250836120401338
2,0.0,0.0,0.14006514657980457,-0.20846905537459284,0.16612377850162866,-0.3778501628664495,0.1791530944625407,-0.49185667752442996,0.20195439739413681,-0.6058631921824105,-0.0781758957654723,-0.5374592833876222,-0.006514657980456026,-0.7361563517915309,-0.003257328990228013,-0.8729641693811075,-0.013029315960912053,-1.0,-0.1498371335504886,-0.4820846905537459,0.11400651465798045,-0.5211726384364821,0.16938110749185667,-0.38762214983713356,0.16938110749185667,-0.30618892508143325,-0.1563517915309446,-0.38436482084690554,0.11074918566775244,-0.4234527687296417,0.16612377850162866,-0.2931596091205212,0.15960912052117263,-0.2280130293159609,-0.12052117263843648,-0.28013029315960913,-0.03908794788273615,-0.3745928338762215,-0.003257328990228013,-0.43973941368078173,0.029315960912052116,-0.5244299674267101
2,0.0,0.0,0.13915857605177995,-0.20711974110032363,0.1650485436893204,-0.3786407766990291,0.1715210355987055,-0.49514563106796117,0.18122977346278318,-0.6084142394822006,-0.06472491909385113,-0.5339805825242718,-0.009708737864077669,-0.7378640776699029,-0.003236245954692557,-0.8770226537216829,-0.009708737864077669,-1.0,-0.13915857605177995,-0.48220064724919093,0.11003236245954692,-0.517799352750809,0.16181229773462782,-0.3851132686084142,0.16181229773462782,-0.30097087378640774,-0.1553398058252427,-0.3851132686084142,0.10032362459546926,-0.42394822006472493,0.14563106796116504,-0.2912621359223301,0.13592233009708737,-0.22330097087378642,-0.12944983818770225,-0.284789644012945,-0.019417475728155338,-0.3851132686084142,0.032362459546925564,-0.44983818770226536,0.08090614886731391,-0.5275080906148867
2,0.0,0.0,0.1465798045602606,-0.20521172638436483,0.17263843648208468,-0.3745928338762215,0.1791530944625407,-0.4820846905537459,0.1791530944625407,-0.5928338762214984,-0.06514657980456026,-0.5407166123778502,-0.003257328990228013,-0.742671009771987,0.006514657980456026,-0.8827361563517915,0.0,-1.0,-0.13029315960912052,-0.4820846905537459,0.1270358306188925,-0.5309446254071661,0.17263843648208468,-0.4006514657980456,0.15960912052117263,-0.32247557003257327,-0.14006514657980457,-0.38762214983713356,0.12052117263843648,-0.42996742671009774,0.1563517915309446,-0.30293159609120524,0.13680781758957655,-0.23778501628664495,-0.10749185667752444,-0.28338762214983715,0.006514657980456026,-0.3811074918566775,0.05863192182410423,-0.4495114006514658,0.10423452768729642,-0.5309446254071661
2,0.0,0.0,0.1605351170568562,-0.22742474916387959,0.1806020066889632,-0.4180602006688963,0.16722408026755853,-0.5585284280936454,0.13043478260869565,-0.6187290969899666,-0.05351170568561873,-0.5451505016722408,-0.006688963210702341,-0.7391304347826086,0.010033444816053512,-0.8795986622073578,0.016722408026755852,-1.0,-0.12040133779264214,-0.49498327759197325,0.14381270903010032,-0.5384615384615384,0.21739130434782608,-0.3979933110367893,0.21739130434782608,-0.3076923076923077,-0.13043478260869565,-0.4080267558528428,0.14715719063545152,-0.4414715719063545,0.19063545150501673,-0.32441471571906355,0.17725752508361203,-0.2508361204013378,-0.09364548494983277,-0.31438127090301005,0.0802675585284281,-0.38461538461538464,0.13712374581939799,-0.35451505016722407,0.16387959866220736,-0.3311036789297659
2,0.0,0.0,0.14878892733564014,-0.19377162629757785,0.21453287197231835,-0.3494809688581315,0.2837370242214533,-0.4359861591695502,0.3460207612456747,-0.49480968858131485,-0.020761245674740483,-0.5397923875432526,0.04152249134948097,-0.7439446366782007,0.06228373702422145,-0.8788927335640139,0.07612456747404844,-1.0,-0.05536332179930796,-0.4809688581314879,0.25259515570934254,-0.5363321799307958,0.2698961937716263,-0.4186851211072664,0.21453287197231835,-0.3633217993079585,-0.03806228373702422,-0.3806228373702422,0.2698961937716263,-0.42560553633217996,0.2664359861591695,-0.32525951557093424,0.1972318339100346,-0.2768166089965398,0.02422145328719723,-0.2698961937716263,0.21453287197231835,-0.3494809688581315,0.28027681660899656,-0.35986159169550175,0.3079584775086505,-0.370242214532872
2,0.0,0.0,0.059027777777777776,-0.19444444444444445,0.1111111111111111,-0.375,0.2152777777777778,-0.46875,0.3125,-0.5173611111111112,-0.024305555555555556,-0.5243055555555556,0.06944444444444445,-0.7361111111111112,0.10416666666666667,-0.875,0.125,-1.0,-0.013888888888888888,-0.4548611111111111,0.2777777777777778,-0.5486111111111112,0.2881944444444444,-0.4340277777777778,0.22916666666666666,-0.375,0.041666666666666664,-0.3472222222222222,0.3159722222222222,-0.4479166666666667,0.3055555555555556,-0.3472222222222222,0.23958333333333334,-0.2951388888888889,0.125,-0.23958333333333334,0.2951388888888889,-0.3715277777777778,0.3888888888888889,-0.4444444444444444,0.4618055555555556,-0.5243055555555556
2,0.0,0.0,0.045454545454545456,-0.1958041958041958,0.09090909090909091,-0.3881118881118881,0.19230769230769232,-0.48951048951048953,0.2937062937062937,-0.5454545454545454,-0.04195804195804196,-0.5174825174825175,0.04895104895104895,-0.7342657342657343,0.08741258741258741,-0.8776223776223776,0.11538461538461539,-1.0,-0.027972027972027972,-0.44405594405594406,0.26573426573426573,-0.541958041958042,0.27972027972027974,-0.43006993006993005,0.22727272727272727,-0.3706293706293706,0.03146853146853147,-0.3356643356643357,0.3111888111888112,-0.44405594405594406,0.2972027972027972,-0.34265734265734266,0.23076923076923078,-0.2902097902097902,0.11888111888111888,-0.22727272727272727,0.2937062937062937,-0.36713286713286714,0.3881118881118881,-0.44755244755244755,0.46503496503496505,-0.527972027972028
2,0.0,0.0,-0.020134228187919462,-0.19463087248322147,-0.020134228187919462,-0.3959731543624161,0.04697986577181208,-0.5134228187919463,0.12751677852348994,-0.5671140939597316,-0.07046979865771812,-0.5067114093959731,0.016778523489932886,-0.738255033557047,0.05704697986577181,-0.8791946308724832,0.08053691275167785,-1.0,-0.03355704697986577,-0.4429530201342282,0.23825503355704697,-0.5637583892617449,0.26174496644295303,-0.4597315436241611,0.21140939597315436,-0.40604026845637586,0.0436241610738255,-0.348993288590604,0.29194630872483224,-0.4798657718120805,0.2953020134228188,-0.38926174496644295,0.23825503355704697,-0.33221476510067116,0.14429530201342283,-0.2516778523489933,0.30201342281879195,-0.41946308724832215,0.3959731543624161,-0.5,0.47315436241610737,-0.5838926174496645
2,0.0,0.0,-0.03389830508474576,-0.19322033898305085,-0.04067796610169491,-0.39661016949152544,0.02711864406779661,-0.5152542372881356,0.11186440677966102,-0.5627118644067797,-0.0847457627118644,-0.5084745762711864,0.003389830508474576,-0.7389830508474576,0.04406779661016949,-0.8813559322033898,0.06779661016949153,-1.0,-0.04745762711864407,-0.44745762711864406,0.2271186440677966,-0.5661016949152542,0.25084745762711863,-0.4576271186440678,0.2,-0.4067796610169492,0.03389830508474576,-0.3559322033898305,0.288135593220339,-0.48135593220338985,0.2847457627118644,-0.3864406779661017,0.22372881355932203,-0.33220338983050846,0.13898305084745763,-0.26440677966101694,0.3050847457627119,-0.43050847457627117,0.4,-0.5084745762711864,0.47796610169491527,-0.5932203389830508
2,0.0,0.0,-0.0436241610738255,-0.18456375838926176,-0.07046979865771812,-0.3859060402684564,-0.0436241610738255,-0.5167785234899329,-0.003355704697986577,-0.5906040268456376,-0.08389261744966443,-0.5033557046979866,0.0,-0.738255033557047,0.03691275167785235,-0.8791946308724832,0.053691275167785234,-1.0,-0.040268456375838924,-0.4463087248322148,0.2181208053691275,-0.5704697986577181,0.24161073825503357,-0.4664429530201342,0.1912751677852349,-0.41946308724832215,0.0436241610738255,-0.3624161073825503,0.28187919463087246,-0.49328859060402686,0.28187919463087246,-0.40268456375838924,0.22483221476510068,-0.3523489932885906,0.1476510067114094,-0.2751677852348993,0.30201342281879195,-0.44966442953020136,0.3926174496644295,-0.5302013422818792,0.4697986577181208,-0.6140939597315436
2,0.0,0.0,-0.0625,-0.16776315789473684,-0.11842105263157894,-0.3618421052631579,-0.13486842105263158,-0.506578947368421,-0.16776315789473684,-0.5986842105263158,-0.10197368421052631,-0.48026315789473684,-0.03618421052631579,-0.7302631578947368,-0.006578947368421052,-0.8782894736842105,0.006578947368421052,-1.0,-0.049342105263157895,-0.4407894736842105,0.1875,-0.5756578947368421,0.20723684210526316,-0.47039473684210525,0.15789473684210525,-0.41776315789473684,0.046052631578947366,-0.375,0.2631578947368421,-0.4967105263157895,0.26644736842105265,-0.41118421052631576,0.21052631578947367,-0.35855263157894735,0.15789473684210525,-0.3026315789473684,0.3026315789473684,-0.47368421052631576,0.3881578947368421,-0.5493421052631579,0.45394736842105265,-0.625
2,0.0,0.0,-0.08053691275167785,-0.15100671140939598,-0.15771812080536912,-0.3422818791946309,-0.17785234899328858,-0.4865771812080537,-0.21476510067114093,-0.5838926174496645,-0.1174496644295302,-0.47651006711409394,-0.053691275167785234,-0.7315436241610739,-0.026845637583892617,-0.8791946308724832,-0.016778523489932886,-1.0,-0.05704697986577181,-0.436241610738255,0.18456375838926176,-0.5738255033557047,0.20134228187919462,-0.4664429530201342,0.15436241610738255,-0.4161073825503356,0.040268456375838924,-0.3724832214765101,0.2684563758389262,-0.4966442953020134,0.2684563758389262,-0.412751677852349,0.21476510067114093,-0.35906040268456374,0.15771812080536912,-0.3053691275167785,0.3087248322147651,-0.4798657718120805,0.3959731543624161,-0.5604026845637584,0.4664429530201342,-0.6442953020134228
2,0.0,0.0,-0.09302325581395349,-0.1461794019933555,-0.17940199335548174,-0.3289036544850498,-0.2026578073089701,-0.4750830564784053,-0.24916943521594684,-0.5647840531561462,-0.11960132890365449,-0.4717607973421927,-0.059800664451827246,-0.7275747508305648,-0.03322259136212625,-0.8770764119601329,-0.019933554817275746,-1.0,-0.04983388704318937,-0.4418604651162791,0.17275747508305647,-0.5681063122923588,0.18604651162790697,-0.46179401993355484,0.1362126245847176,-0.4053156146179402,0.053156146179401995,-0.3853820598006645,0.2724252491694352,-0.5016611295681063,0.26578073089701,-0.4152823920265781,0.20930232558139536,-0.36212624584717606,0.1760797342192691,-0.3222591362126246,0.3222591362126246,-0.49169435215946844,0.40863787375415284,-0.5681063122923588,0.48172757475083056,-0.6478405315614618
2,0.0,0.0,-0.10367892976588629,-0.12709030100334448,-0.22408026755852842,-0.3110367892976589,-0.26421404682274247,-0.45484949832775917,-0.3210702341137124,-0.5317725752508361,-0.13377926421404682,-0.46153846153846156,-0.0903010033444816,-0.7190635451505016,-0.06354515050167224,-0.8762541806020067,-0.046822742474916385,-1.0,-0.046822742474916385,-0.4414715719063545,0.1505016722408027,-0.5785953177257525,0.1605351170568562,-0.45819397993311034,0.11371237458193979,-0.39464882943143814,0.06688963210702341,-0.391304347826087,0.2608695652173913,-0.5016722408026756,0.25752508361204013,-0.4080267558528428,0.20735785953177258,-0.34448160535117056,0.1939799331103679,-0.3377926421404682,0.3177257525083612,-0.5083612040133779,0.4013377926421405,-0.5819397993311036,0.4682274247491639,-0.6622073578595318
2,0.0,0.0,-0.13732394366197184,-0.13028169014084506,-0.25704225352112675,-0.2992957746478873,-0.30985915492957744,-0.426056338028169,-0.3732394366197183,-0.5070422535211268,-0.1443661971830986,-0.4647887323943662,-0.11267605633802817,-0.7288732394366197,-0.0880281690140845,-0.8802816901408451,-0.06690140845070422,-1.0,-0.0528169014084507,-0.45422535211267606,0.13028169014084506,-0.573943661971831,0.13380281690140844,-0.47183098591549294,0.09154929577464789,-0.4084507042253521,0.06690140845070422,-0.4084507042253521,0.24295774647887325,-0.5105633802816901,0.23591549295774647,-0.426056338028169,0.18661971830985916,-0.3732394366197183,0.2007042253521127,-0.3485915492957746,0.323943661971831,-0.5246478873239436,0.40492957746478875,-0.6056338028169014,0.4647887323943662,-0.6866197183098591
2,0.0,0.0,-0.1596958174904943,-0.12167300380228137,-0.2889733840304182,-0.26996197718631176,-0.3612167300380228,-0.3916349809885932,-0.43346007604562736,-0.4752851711026616,-0.155893536121673,-0.4752851711026616,-0.11406844106463879,-0.7300380228136882,-0.08365019011406843,-0.8821292775665399,-0.060836501901140684,-1.0,-0.045627376425855515,-0.4790874524714829,0.10646387832699619,-0.5855513307984791,0.11026615969581749,-0.49049429657794674,0.07604562737642585,-0.42585551330798477,0.08745247148288973,-0.4372623574144487,0.22433460076045628,-0.5285171102661597,0.22053231939163498,-0.44866920152091255,0.18250950570342206,-0.38783269961977185,0.22433460076045628,-0.3726235741444867,0.3269961977186312,-0.5437262357414449,0.39923954372623577,-0.6273764258555133,0.44866920152091255,-0.6996197718631179
2,0.0,0.0,-0.1626984126984127,-0.0992063492063492,-0.30158730158730157,-0.25,-0.373015873015873,-0.38095238095238093,-0.44841269841269843,-0.4603174603174603,-0.15079365079365079,-0.46825396825396826,-0.10317460317460317,-0.7222222222222222,-0.07142857142857142,-0.8809523809523809,-0.047619047619047616,-1.0,-0.03571428571428571,-0.47619047619047616,0.11904761904761904,-0.5634920634920635,0.11507936507936507,-0.4603174603174603,0.07936507936507936,-0.3888888888888889,0.09523809523809523,-0.4365079365079365,0.23809523809523808,-0.503968253968254,0.23412698412698413,-0.42063492063492064,0.19444444444444445,-0.3531746031746032,0.23412698412698413,-0.376984126984127,0.3412698412698413,-0.5436507936507936,0.4166666666666667,-0.6190476190476191,0.4722222222222222,-0.6944444444444444
2,0.0,0.0,-0.17408906882591094,-0.10121457489878542,-0.3117408906882591,-0.24696356275303644,-0.38461538461538464,-0.3765182186234818,-0.46558704453441296,-0.4574898785425101,-0.16194331983805668,-0.46963562753036436,-0.10931174089068826,-0.728744939271255,-0.07692307692307693,-0.8825910931174089,-0.05263157894736842,-1.0,-0.04048582995951417,-0.4817813765182186,0.10931174089068826,-0.5668016194331984,0.10526315789473684,-0.47368421052631576,0.0728744939271255,-0.3967611336032389,0.09716599190283401,-0.43724696356275305,0.23076923076923078,-0.5101214574898786,0.22672064777327935,-0.4291497975708502,0.1862348178137652,-0.3603238866396761,0.2388663967611336,-0.3805668016194332,0.340080971659919,-0.5465587044534413,0.41295546558704455,-0.6234817813765182,0.46558704453441296,-0.6963562753036437
2,0.0,0.0,-0.18930041152263374,-0.10699588477366255,-0.3168724279835391,-0.23868312757201646,-0.40329218106995884,-0.35802469135802467,-0.4773662551440329,-0.4403292181069959,-0.16872427983539096,-0.48148148148148145,-0.12345679012345678,-0.7283950617283951,-0.09876543209876543,-0.8847736625514403,-0.07407407407407407,-1.0,-0.04526748971193416,-0.49794238683127573,0.07818930041152264,-0.5802469135802469,0.0823045267489712,-0.49382716049382713,0.06172839506172839,-0.41975308641975306,0.09053497942386832,-0.45267489711934156,0.1934156378600823,-0.522633744855967,0.1934156378600823,-0.448559670781893,0.1646090534979424,-0.39094650205761317,0.22633744855967078,-0.39094650205761317,0.32098765432098764,-0.5555555555555556,0.3868312757201646,-0.6378600823045267,0.43621399176954734,-0.7119341563786008
2,0.0,0.0,-0.17167381974248927,-0.0815450643776824,-0.3090128755364807,-0.20600858369098712,-0.3948497854077253,-0.3218884120171674,-0.47639484978540775,-0.39914163090128757,-0.1888412017167382,-0.4721030042918455,-0.1630901287553648,-0.721030042918455,-0.1459227467811159,-0.8798283261802575,-0.13304721030042918,-1.0,-0.07296137339055794,-0.49356223175965663,0.0815450643776824,-0.5836909871244635,0.09871244635193133,-0.48068669527896996,0.06866952789699571,-0.41201716738197425,0.06437768240343347,-0.45493562231759654,0.20600858369098712,-0.5236051502145923,0.21030042918454936,-0.44635193133047213,0.17167381974248927,-0.3776824034334764,0.20600858369098712,-0.39914163090128757,0.30472103004291845,-0.5708154506437768,0.3776824034334764,-0.6609442060085837,0.4248927038626609,-0.7424892703862661
2,0.0,0.0,-0.18396226415094338,-0.0660377358490566,-0.32547169811320753,-0.16981132075471697,-0.41037735849056606,-0.27358490566037735,-0.4858490566037736,-0.3443396226415094,-0.2169811320754717,-0.47641509433962265,-0.21226415094339623,-0.7216981132075472,-0.21226415094339623,-0.8773584905660378,-0.20754716981132076,-1.0,-0.09905660377358491,-0.5094339622641509,0.06132075471698113,-0.5943396226415094,0.08490566037735849,-0.49056603773584906,0.05660377358490566,-0.41509433962264153,0.04245283018867924,-0.4811320754716981,0.18396226415094338,-0.5471698113207547,0.19811320754716982,-0.4528301886792453,0.16037735849056603,-0.38207547169811323,0.18867924528301888,-0.42924528301886794,0.28773584905660377,-0.6132075471698113,0.35377358490566035,-0.7075471698113207,0.39622641509433965,-0.7924528301886793
2,0.0,0.0,-0.20398009950248755,-0.06467661691542288,-0.3333333333333333,-0.15920398009950248,-0.417910447761194,-0.2537313432835821,-0.4925373134328358,-0.31840796019900497,-0.23383084577114427,-0.47761194029850745,-0.24378109452736318,-0.7263681592039801,-0.24875621890547264,-0.8756218905472637,-0.24875621890547264,-1.0,-0.12437810945273632,-0.5323383084577115,0.03980099502487562,-0.5870646766169154,0.06965174129353234,-0.48756218905472637,0.04477611940298507,-0.4079601990049751,0.01990049751243781,-0.5124378109452736,0.15920398009950248,-0.5572139303482587,0.1791044776119403,-0.4577114427860697,0.14925373134328357,-0.3880597014925373,0.1691542288557214,-0.46766169154228854,0.263681592039801,-0.6517412935323383,0.32338308457711445,-0.7512437810945274,0.3681592039800995,-0.8407960199004975
2,0.0,0.0,-0.2094240837696335,-0.05235602094240838,-0.34554973821989526,-0.14136125654450263,-0.43455497382198954,-0.2356020942408377,-0.518324607329843,-0.3036649214659686,-0.2513089005235602,-0.4869109947643979,-0.25654450261780104,-0.7225130890052356,-0.2617801047120419,-0.8743455497382199,-0.25654450261780104,-1.0,-0.13089005235602094,-0.5392670157068062,0.020942408376963352,-0.5863874345549738,0.041884816753926704,-0.47643979057591623,0.02617801047120419,-0.4031413612565445,0.020942408376963352,-0.518324607329843,0.14659685863874344,-0.5549738219895288,0.16753926701570682,-0.45549738219895286,0.1518324607329843,-0.387434554973822,0.17277486910994763,-0.47643979057591623,0.2617801047120419,-0.6544502617801047,0.3193717277486911,-0.7539267015706806,0.35602094240837695,-0.8429319371727748
2,0.0,0.0,-0.2074468085106383,-0.047872340425531915,-0.35106382978723405,-0.13829787234042554,-0.44680851063829785,-0.23404255319148937,-0.5212765957446809,-0.30319148936170215,-0.2553191489361702,-0.4734042553191489,-0.26595744680851063,-0.723404255319149,-0.26595744680851063,-0.8776595744680851,-0.26595744680851063,-1.0,-0.13829787234042554,-0.5319148936170213,0.005319148936170213,-0.5904255319148937,0.026595744680851064,-0.48936170212765956,0.010638297872340425,-0.4095744680851064,0.005319148936170213,-0.5212765957446809,0.1276595744680851,-0.5691489361702128,0.14893617021276595,-0.46808510638297873,0.1276595744680851,-0.39893617021276595,0.16489361702127658,-0.4787234042553192,0.2553191489361702,-0.6595744680851063,0.30851063829787234,-0.7606382978723404,0.35106382978723405,-0.8457446808510638
2,0.0,0.0,-0.21505376344086022,-0.04838709677419355,-0.3709677419354839,-0.13440860215053763,-0.478494623655914,-0.23118279569892472,-0.5698924731182796,-0.3010752688172043,-0.27419354838709675,-0.46774193548387094,-0.2849462365591398,-0.7204301075268817,-0.2903225806451613,-0.8763440860215054,-0.2956989247311828,-1.0,-0.15591397849462366,-0.5268817204301075,-0.016129032258064516,-0.5913978494623656,0.005376344086021506,-0.4946236559139785,-0.005376344086021506,-0.41935483870967744,-0.005376344086021506,-0.5161290322580645,0.11290322580645161,-0.5645161290322581,0.13440860215053763,-0.46774193548387094,0.11290322580645161,-0.3978494623655914,0.15591397849462366,-0.4731182795698925,0.23118279569892472,-0.6612903225806451,0.27956989247311825,-0.7580645161290323,0.3172043010752688,-0.8440860215053764
2,0.0,0.0,-0.23655913978494625,-0.053763440860215055,-0.3978494623655914,-0.13978494623655913,-0.510752688172043,-0.23655913978494625,-0.6075268817204301,-0.3010752688172043,-0.2849462365591398,-0.46236559139784944,-0.3064516129032258,-0.7150537634408602,-0.3118279569892473,-0.8763440860215054,-0.3172043010752688,-1.0,-0.16129032258064516,-0.521505376344086,-0.05913978494623656,-0.6021505376344086,-0.03763440860215054,-0.510752688172043,-0.043010752688172046,-0.43010752688172044,-0.005376344086021506,-0.510752688172043,0.07526881720430108,-0.5752688172043011,0.0913978494623656,-0.4838709677419355,0.06989247311827956,-0.40860215053763443,0.15053763440860216,-0.4731182795698925,0.21505376344086022,-0.6612903225806451,0.25268817204301075,-0.7634408602150538,0.27956989247311825,-0.8440860215053764
2,0.0,0.0,-0.24022346368715083,-0.03910614525139665,-0.4134078212290503,-0.11731843575418995,-0.5418994413407822,-0.2122905027932961,-0.6424581005586593,-0.27932960893854747,-0.31843575418994413,-0.46368715083798884,-0.33519553072625696,-0.7150837988826816,-0.3407821229050279,-0.8770949720670391,-0.3407821229050279,-1.0,-0.19553072625698323,-0.5418994413407822,-0.0893854748603352,-0.5865921787709497,-0.0670391061452514,-0.4860335195530726,-0.07262569832402235,-0.40782122905027934,-0.0335195530726257,-0.5418994413407822,0.0446927374301676,-0.5754189944134078,0.061452513966480445,-0.4748603351955307,0.0446927374301676,-0.39664804469273746,0.1340782122905028,-0.5139664804469274,0.1787709497206704,-0.7094972067039106,0.2122905027932961,-0.8100558659217877,0.22905027932960895,-0.888268156424581
2,0.0,0.0,-0.25139664804469275,-0.03910614525139665,-0.4245810055865922,-0.12290502793296089,-0.553072625698324,-0.21787709497206703,-0.659217877094972,-0.2849162011173184,-0.3128491620111732,-0.46368715083798884,-0.329608938547486,-0.7206703910614525,-0.3407821229050279,-0.8770949720670391,-0.3407821229050279,-1.0,-0.18994413407821228,-0.5363128491620112,-0.08379888268156424,-0.5810055865921788,-0.07262569832402235,-0.4748603351955307,-0.08379888268156424,-0.3854748603351955,-0.0335195530726257,-0.5363128491620112,0.0335195530726257,-0.5586592178770949,0.03910614525139665,-0.45251396648044695,0.0223463687150838,-0.3743016759776536,0.12849162011173185,-0.5083798882681564,0.17318435754189945,-0.7039106145251397,0.2011173184357542,-0.8044692737430168,0.20670391061452514,-0.8938547486033519
2,0.0,0.0,-0.25806451612903225,-0.05913978494623656,-0.44086021505376344,-0.15591397849462366,-0.5860215053763441,-0.25268817204301075,-0.7096774193548387,-0.3225806451612903,-0.2956989247311828,-0.46236559139784944,-0.3064516129032258,-0.7150537634408602,-0.3118279569892473,-0.8709677419354839,-0.3118279569892473,-1.0,-0.16129032258064516,-0.510752688172043,-0.0913978494623656,-0.5913978494623656,-0.08064516129032258,-0.5,-0.08064516129032258,-0.41935483870967744,-0.005376344086021506,-0.5053763440860215,0.043010752688172046,-0.5591397849462365,0.053763440860215055,-0.46774193548387094,0.03763440860215054,-0.3924731182795699,0.15591397849462366,-0.46236559139784944,0.1989247311827957,-0.6559139784946236,0.22043010752688172,-0.7526881720430108,0.22580645161290322,-0.8387096774193549
2,0.0,0.0,-0.24537037037037038,-0.08333333333333333,-0.4074074074074074,-0.19907407407407407,-0.5648148148148148,-0.2962962962962963,-0.6712962962962963,-0.36574074074074076,-0.24074074074074073,-0.48148148148148145,-0.2638888888888889,-0.7268518518518519,-0.26851851851851855,-0.8796296296296297,-0.2638888888888889,-1.0,-0.08796296296296297,-0.5277777777777778,-0.12962962962962962,-0.5787037037037037,-0.1527777777777778,-0.5,-0.14351851851851852,-0.4166666666666667,0.046296296296296294,-0.49537037037037035,-0.023148148148148147,-0.5231481481481481,-0.037037037037037035,-0.4444444444444444,-0.032407407407407406,-0.375,0.16666666666666666,-0.4351851851851852,0.18518518518518517,-0.6064814814814815,0.19907407407407407,-0.6944444444444444,0.2037037037037037,-0.7685185185185185
2,0.0,0.0,-0.24311926605504589,-0.08256880733944955,-0.40825688073394495,-0.2018348623853211,-0.5688073394495413,-0.2981651376146789,-0.6788990825688074,-0.37155963302752293,-0.23394495412844038,-0.48623853211009177,-0.26146788990825687,-0.7293577981651376,-0.26605504587155965,-0.8807339449541285,-0.26605504587155965,-1.0,-0.08256880733944955,-0.5275229357798165,-0.14678899082568808,-0.5825688073394495,-0.1743119266055046,-0.5045871559633027,-0.1651376146788991,-0.41743119266055045,0.05045871559633028,-0.4954128440366973,-0.03669724770642202,-0.5321100917431193,-0.05504587155963303,-0.4541284403669725,-0.045871559633027525,-0.3761467889908257,0.16055045871559634,-0.44036697247706424,0.16972477064220184,-0.6100917431192661,0.17889908256880735,-0.6972477064220184,0.1834862385321101,-0.7706422018348624
2,0.0,0.0,-0.2409090909090909,-0.08181818181818182,-0.4,-0.2,-0.5590909090909091,-0.29545454545454547,-0.6636363636363637,-0.36363636363636365,-0.22727272727272727,-0.4772727272727273,-0.2590909090909091,-0.7181818181818181,-0.2636363636363636,-0.8727272727272727,-0.2590909090909091,-1.0,-0.08181818181818182,-0.5181818181818182,-0.1409090909090909,-0.5636363636363636,-0.16363636363636364,-0.4909090909090909,-0.15,-0.4090909090909091,0.045454545454545456,-0.4863636363636364,-0.03636363636363636,-0.5136363636363637,-0.05454545454545454,-0.43636363636363634,-0.05,-0.36363636363636365,0.15454545454545454,-0.4318181818181818,0.16818181818181818,-0.6,0.17727272727272728,-0.6863636363636364,0.18636363636363637,-0.7545454545454545
2,0.0,0.0,-0.24528301886792453,-0.07547169811320754,-0.41509433962264153,-0.19339622641509435,-0.5754716981132075,-0.2971698113207547,-0.6839622641509434,-0.3632075471698113,-0.2358490566037736,-0.4858490566037736,-0.2688679245283019,-0.7311320754716981,-0.2783018867924528,-0.8820754716981132,-0.2783018867924528,-1.0,-0.08018867924528301,-0.5283018867924528,-0.14622641509433962,-0.5849056603773585,-0.1792452830188679,-0.5141509433962265,-0.16981132075471697,-0.4386792452830189,0.05188679245283019,-0.49528301886792453,-0.0330188679245283,-0.5471698113207547,-0.04716981132075472,-0.4811320754716981,-0.0330188679245283,-0.41037735849056606,0.16037735849056603,-0.4528301886792453,0.14150943396226415,-0.5801886792452831,0.14150943396226415,-0.6132075471698113,0.1509433962264151,-0.6367924528301887
2,0.0,0.0,-0.25870646766169153,-0.07462686567164178,-0.43781094527363185,-0.1890547263681592,-0.6019900497512438,-0.2885572139303483,-0.7164179104477612,-0.35323383084577115,-0.25870646766169153,-0.4925373134328358,-0.2885572139303483,-0.7313432835820896,-0.2935323383084577,-0.8805970149253731,-0.2935323383084577,-1.0,-0.09950248756218906,-0.5422885572139303,-0.14925373134328357,-0.5621890547263682,-0.16417910447761194,-0.472636815920398,-0.15422885572139303,-0.39303482587064675,0.04975124378109453,-0.5074626865671642,-0.024875621890547265,-0.5074626865671642,-0.029850746268656716,-0.417910447761194,-0.024875621890547265,-0.3482587064676617,0.1791044776119403,-0.4577114427860697,0.1890547263681592,-0.6218905472636815,0.19402985074626866,-0.7114427860696517,0.19402985074626866,-0.7860696517412935
2,0.0,0.0,-0.2613065326633166,-0.07537688442211055,-0.4321608040201005,-0.19597989949748743,-0.5879396984924623,-0.2964824120603015,-0.6984924623115578,-0.36683417085427134,-0.25125628140703515,-0.49748743718592964,-0.2814070351758794,-0.7286432160804021,-0.2864321608040201,-0.8793969849246231,-0.2814070351758794,-1.0,-0.10050251256281408,-0.5527638190954773,-0.135678391959799,-0.5628140703517588,-0.1457286432160804,-0.4824120603015075,-0.1306532663316583,-0.4020100502512563,0.05025125628140704,-0.5175879396984925,-0.010050251256281407,-0.5276381909547738,-0.020100502512562814,-0.4371859296482412,-0.01507537688442211,-0.36683417085427134,0.18090452261306533,-0.457286432160804,0.18592964824120603,-0.6331658291457286,0.19095477386934673,-0.7236180904522613,0.18592964824120603,-0.7989949748743719
2,0.0,0.0,-0.2578947368421053,-0.07894736842105263,-0.43157894736842106,-0.19473684210526315,-0.5736842105263158,-0.30526315789473685,-0.6842105263157895,-0.38421052631578945,-0.24736842105263157,-0.5052631578947369,-0.2578947368421053,-0.7315789473684211,-0.25263157894736843,-0.8842105263157894,-0.24210526315789474,-1.0,-0.1,-0.5526315789473685,-0.1,-0.5578947368421052,-0.11052631578947368,-0.47368421052631576,-0.10526315789473684,-0.38421052631578945,0.05263157894736842,-0.5210526315789473,0.015789473684210527,-0.5157894736842106,0.005263157894736842,-0.42105263157894735,0.005263157894736842,-0.3473684210526316,0.18947368421052632,-0.4631578947368421,0.22105263157894736,-0.631578947368421,0.23684210526315788,-0.7263157894736842,0.24736842105263157,-0.8052631578947368
2,0.0,0.0,-0.24736842105263157,-0.08421052631578947,-0.4105263157894737,-0.20526315789473684,-0.5421052631578948,-0.3157894736842105,-0.6473684210526316,-0.38421052631578945,-0.23684210526315788,-0.48947368421052634,-0.23157894736842105,-0.7263157894736842,-0.22105263157894736,-0.8789473684210526,-0.21052631578947367,-1.0,-0.1,-0.5263157894736842,-0.05263157894736842,-0.5842105263157895,-0.05263157894736842,-0.49473684210526314,-0.05789473684210526,-0.4105263157894737,0.04736842105263158,-0.49473684210526314,0.06842105263157895,-0.5421052631578948,0.06842105263157895,-0.4473684210526316,0.05789473684210526,-0.3736842105263158,0.18947368421052632,-0.4421052631578947,0.24736842105263157,-0.6263157894736842,0.2789473684210526,-0.7210526315789474,0.2894736842105263,-0.8052631578947368
2,0.0,0.0,-0.24479166666666666,-0.08333333333333333,-0.4114583333333333,-0.203125,-0.5364583333333334,-0.3177083333333333,-0.6458333333333334,-0.390625,-0.23958333333333334,-0.5052083333333334,-0.22395833333333334,-0.734375,-0.21875,-0.8802083333333334,-0.20833333333333334,-1.0,-0.09895833333333333,-0.546875,-0.046875,-0.5677083333333334,-0.052083333333333336,-0.4739583333333333,-0.052083333333333336,-0.390625,0.046875,-0.515625,0.06770833333333333,-0.5260416666666666,0.0625,-0.4270833333333333,0.046875,-0.359375,0.18229166666666666,-0.453125,0.24479166666666666,-0.6302083333333334,0.2760416666666667,-0.7239583333333334,0.2864583333333333,-0.8072916666666666
2,0.0,0.0,-0.24064171122994651,-0.08021390374331551,-0.42245989304812837,-0.18716577540106952,-0.5561497326203209,-0.2887700534759358,-0.6684491978609626,-0.34759358288770054,-0.2620320855614973,-0.47593582887700536,-0.25133689839572193,-0.7272727272727273,-0.24064171122994651,-0.8823529411764706,-0.22994652406417113,-1.0,-0.12834224598930483,-0.5187165775401069,-0.0481283422459893,-0.5828877005347594,-0.0374331550802139,-0.4919786096256685,-0.0481283422459893,-0.4117647058823529,0.026737967914438502,-0.4919786096256685,0.08021390374331551,-0.5347593582887701,0.0855614973262032,-0.44385026737967914,0.06951871657754011,-0.37433155080213903,0.17647058823529413,-0.4385026737967914,0.23529411764705882,-0.6310160427807486,0.26737967914438504,-0.7272727272727273,0.28342245989304815,-0.8128342245989305
2,0.0,0.0,-0.2541436464088398,-0.0718232044198895,-0.425414364640884,-0.1712707182320442,-0.569060773480663,-0.27071823204419887,-0.6795580110497238,-0.3425414364640884,-0.2596685082872928,-0.4972375690607735,-0.24861878453038674,-0.7292817679558011,-0.2430939226519337,-0.8839779005524862,-0.2265193370165746,-1.0,-0.12154696132596685,-0.5469613259668509,-0.04419889502762431,-0.5524861878453039,-0.055248618784530384,-0.4530386740331492,-0.0718232044198895,-0.3701657458563536,0.03314917127071823,-0.5193370165745856,0.0718232044198895,-0.5193370165745856,0.06077348066298342,-0.4198895027624309,0.03867403314917127,-0.34806629834254144,0.1878453038674033,-0.4585635359116022,0.2596685082872928,-0.6353591160220995,0.292817679558011,-0.7348066298342542,0.30939226519337015,-0.8121546961325967
2,0.0,0.0,-0.2393617021276596,-0.09042553191489362,-0.39893617021276595,-0.19680851063829788,-0.5212765957446809,-0.2978723404255319,-0.601063829787234,-0.3829787234042553,-0.2393617021276596,-0.5,-0.2127659574468085,-0.7340425531914894,-0.20212765957446807,-0.8829787234042553,-0.19148936170212766,-1.0,-0.10106382978723404,-0.5425531914893617,-0.031914893617021274,-0.5691489361702128,-0.031914893617021274,-0.4787234042553192,-0.047872340425531915,-0.40425531914893614,0.047872340425531915,-0.5106382978723404,0.0797872340425532,-0.5212765957446809,0.07446808510638298,-0.4308510638297872,0.05319148936170213,-0.3617021276595745,0.19148936170212766,-0.4521276595744681,0.2553191489361702,-0.6223404255319149,0.2978723404255319,-0.7180851063829787,0.3191489361702128,-0.7978723404255319
2,0.0,0.0,-0.2391304347826087,-0.08695652173913043,-0.4076086956521739,-0.18478260869565216,-0.5217391304347826,-0.28804347826086957,-0.5815217391304348,-0.3804347826086957,-0.2391304347826087,-0.483695652173913,-0.20652173913043478,-0.7282608695652174,-0.1956521739130435,-0.8804347826086957,-0.1793478260869565,-1.0,-0.10869565217391304,-0.5271739130434783,-0.005434782608695652,-0.5706521739130435,0.0,-0.4782608695652174,-0.016304347826086956,-0.40217391304347827,0.043478260869565216,-0.4945652173913043,0.11413043478260869,-0.5271739130434783,0.11413043478260869,-0.43478260869565216,0.08695652173913043,-0.3695652173913043,0.1956521739130435,-0.44021739130434784,0.266304347826087,-0.6195652173913043,0.31521739130434784,-0.7119565217391305,0.3423913043478261,-0.7880434782608695
2,0.0,0.0,-0.22162162162162163,-0.08648648648648649,-0.3837837837837838,-0.1945945945945946,-0.4972972972972973,-0.2972972972972973,-0.5837837837837838,-0.3837837837837838,-0.22702702702702704,-0.4918918918918919,-0.1945945945945946,-0.7297297297297297,-0.1783783783783784,-0.8810810810810811,-0.16216216216216217,-1.0,-0.0972972972972973,-0.5297297297297298,0.016216216216216217,-0.5675675675675675,0.010810810810810811,-0.4702702702702703,-0.010810810810810811,-0.3945945945945946,0.05405405405405406,-0.4972972972972973,0.12972972972972974,-0.5243243243243243,0.12432432432432433,-0.42162162162162165,0.0918918918918919,-0.3567567567567568,0.20540540540540542,-0.43243243243243246,0.2756756756756757,-0.6162162162162163,0.32432432432432434,-0.7081081081081081,0.34594594594594597,-0.7891891891891892
2,0.0,0.0,-0.22702702702702704,-0.0918918918918919,-0.3837837837837838,-0.2,-0.4972972972972973,-0.3081081081081081,-0.5891891891891892,-0.3891891891891892,-0.22702702702702704,-0.4972972972972973,-0.1945945945945946,-0.7351351351351352,-0.1783783783783784,-0.8810810810810811,-0.16216216216216217,-1.0,-0.0972972972972973,-0.5297297297297298,0.0,-0.572972972972973,0.005405405405405406,-0.4810810810810811,-0.010810810810810811,-0.40540540540540543,0.05405405405405406,-0.4972972972972973,0.11891891891891893,-0.5297297297297298,0.11891891891891893,-0.43783783783783786,0.08648648648648649,-0.3783783783783784,0.20540540540540542,-0.43783783783783786,0.2756756756756757,-0.6162162162162163,0.31891891891891894,-0.7135135135135136,0.34594594594594597,-0.7945945945945946
2,0.0,0.0,-0.22826086956521738,-0.08695652173913043,-0.391304347826087,-0.1956521739130435,-0.5108695652173914,-0.30434782608695654,-0.6032608695652174,-0.3858695652173913,-0.2391304347826087,-0.4891304347826087,-0.20652173913043478,-0.7282608695652174,-0.19021739130434784,-0.8804347826086957,-0.17391304347826086,-1.0,-0.10869565217391304,-0.5217391304347826,0.0,-0.5652173913043478,0.0,-0.47282608695652173,-0.02717391304347826,-0.3967391304347826,0.043478260869565216,-0.4945652173913043,0.11413043478260869,-0.5217391304347826,0.10869565217391304,-0.42934782608695654,0.07608695652173914,-0.3641304347826087,0.1956521739130435,-0.43478260869565216,0.2717391304347826,-0.6195652173913043,0.31521739130434784,-0.717391304347826,0.33695652173913043,-0.7989130434782609
2,0.0,0.0,-0.23497267759562843,-0.08743169398907104,-0.3879781420765027,-0.19672131147540983,-0.5027322404371585,-0.3114754098360656,-0.5956284153005464,-0.3989071038251366,-0.22404371584699453,-0.4918032786885246,-0.1912568306010929,-0.73224043715847,-0.17486338797814208,-0.8852459016393442,-0.15846994535519127,-1.0,-0.09289617486338798,-0.5245901639344263,0.01092896174863388,-0.5628415300546448,0.01092896174863388,-0.4644808743169399,-0.01092896174863388,-0.39344262295081966,0.0546448087431694,-0.4918032786885246,0.12568306010928962,-0.5191256830601093,0.12021857923497267,-0.4262295081967213,0.08743169398907104,-0.36065573770491804,0.20765027322404372,-0.43169398907103823,0.2786885245901639,-0.6120218579234973,0.32786885245901637,-0.7049180327868853,0.34972677595628415,-0.7868852459016393
2,0.0,0.0,-0.21739130434782608,-0.09782608695652174,-0.3695652173913043,-0.21195652173913043,-0.4782608695652174,-0.32065217391304346,-0.5652173913043478,-0.40217391304347827,-0.21195652173913043,-0.5,-0.17391304347826086,-0.7336956521739131,-0.15217391304347827,-0.8804347826086957,-0.1358695652173913,-1.0,-0.07608695652173914,-0.5271739130434783,0.02717391304347826,-0.5652173913043478,0.021739130434782608,-0.47282608695652173,-0.005434782608695652,-0.3967391304347826,0.07065217391304347,-0.4891304347826087,0.14130434782608695,-0.5163043478260869,0.125,-0.41847826086956524,0.09239130434782608,-0.3532608695652174,0.21739130434782608,-0.42934782608695654,0.29347826086956524,-0.6032608695652174,0.3423913043478261,-0.7010869565217391,0.3695652173913043,-0.7771739130434783
2,0.0,0.0,-0.2127659574468085,-0.10106382978723404,-0.35106382978723405,-0.22872340425531915,-0.4521276595744681,-0.3404255319148936,-0.5372340425531915,-0.425531914893617,-0.19680851063829788,-0.5,-0.15425531914893617,-0.7340425531914894,-0.1276595744680851,-0.8829787234042553,-0.10638297872340426,-1.0,-0.06382978723404255,-0.5212765957446809,0.031914893617021274,-0.5797872340425532,0.031914893617021274,-0.48936170212765956,0.010638297872340425,-0.4148936170212766,0.0797872340425532,-0.4787234042553192,0.14361702127659576,-0.526595744680851,0.13829787234042554,-0.43617021276595747,0.10638297872340426,-0.3723404255319149,0.22340425531914893,-0.4148936170212766,0.2978723404255319,-0.5957446808510638,0.34574468085106386,-0.6861702127659575,0.3776595744680851,-0.7659574468085106
2,0.0,0.0,-0.1925133689839572,-0.11229946524064172,-0.32620320855614976,-0.24598930481283424,-0.4117647058823529,-0.3582887700534759,-0.48128342245989303,-0.44385026737967914,-0.1657754010695187,-0.5026737967914439,-0.11229946524064172,-0.7379679144385026,-0.0748663101604278,-0.8823529411764706,-0.0481283422459893,-1.0,-0.0374331550802139,-0.5133689839572193,0.0962566844919786,-0.5668449197860963,0.0962566844919786,-0.47058823529411764,0.06417112299465241,-0.40106951871657753,0.10160427807486631,-0.47058823529411764,0.20855614973262032,-0.5133689839572193,0.19786096256684493,-0.42245989304812837,0.16042780748663102,-0.3582887700534759,0.24598930481283424,-0.40106951871657753,0.33689839572192515,-0.5775401069518716,0.39572192513368987,-0.6737967914438503,0.43315508021390375,-0.7593582887700535
2,0.0,0.0,-0.17647058823529413,-0.12299465240641712,-0.2887700534759358,-0.2620320855614973,-0.36363636363636365,-0.37433155080213903,-0.43315508021390375,-0.44919786096256686,-0.1443850267379679,-0.5080213903743316,-0.09090909090909091,-0.7433155080213903,-0.053475935828877004,-0.8877005347593583,-0.026737967914438502,-1.0,-0.026737967914438502,-0.5240641711229946,0.11764705882352941,-0.5775401069518716,0.11764705882352941,-0.48128342245989303,0.0855614973262032,-0.41711229946524064,0.10695187165775401,-0.48128342245989303,0.22459893048128343,-0.5240641711229946,0.20855614973262032,-0.43315508021390375,0.1657754010695187,-0.3689839572192513,0.24598930481283424,-0.4117647058823529,0.3422459893048128,-0.5882352941176471,0.40641711229946526,-0.6844919786096256,0.45454545454545453,-0.7700534759358288
2,0.0,0.0,-0.13043478260869565,-0.13043478260869565,-0.22282608695652173,-0.27717391304347827,-0.2554347826086957,-0.391304347826087,-0.266304347826087,-0.47282608695652173,-0.10869565217391304,-0.5,-0.021739130434782608,-0.7391304347826086,0.03260869565217391,-0.8858695652173914,0.07608695652173914,-1.0,-0.010869565217391304,-0.5,0.20108695652173914,-0.5652173913043478,0.21739130434782608,-0.45652173913043476,0.17391304347826086,-0.3858695652173913,0.10869565217391304,-0.45108695652173914,0.29347826086956524,-0.5108695652173914,0.30434782608695654,-0.4076086956521739,0.2554347826086957,-0.34782608695652173,0.24456521739130435,-0.391304347826087,0.3641304347826087,-0.5706521739130435,0.43478260869565216,-0.6684782608695652,0.4945652173913043,-0.7554347826086957
2,0.0,0.0,-0.12299465240641712,-0.13903743315508021,-0.20320855614973263,-0.28342245989304815,-0.22994652406417113,-0.40106951871657753,-0.23529411764705882,-0.48128342245989303,-0.10160427807486631,-0.5026737967914439,-0.0053475935828877,-0.7433155080213903,0.053475935828877004,-0.8877005347593583,0.0962566844919786,-1.0,-0.0106951871657754,-0.5080213903743316,0.19786096256684493,-0.5561497326203209,0.21390374331550802,-0.44919786096256686,0.1657754010695187,-0.37967914438502676,0.11229946524064172,-0.47058823529411764,0.29411764705882354,-0.5133689839572193,0.2994652406417112,-0.40641711229946526,0.25133689839572193,-0.34759358288770054,0.24598930481283424,-0.40641711229946526,0.37433155080213903,-0.5828877005347594,0.44919786096256686,-0.6737967914438503,0.5026737967914439,-0.7540106951871658
2,0.0,0.0,-0.10526315789473684,-0.15263157894736842,-0.1736842105263158,-0.30526315789473685,-0.2,-0.41578947368421054,-0.20526315789473684,-0.5,-0.08421052631578947,-0.5105263157894737,0.021052631578947368,-0.7473684210526316,0.08421052631578947,-0.8894736842105263,0.12631578947368421,-1.0,-0.010526315789473684,-0.49473684210526314,0.23157894736842105,-0.5684210526315789,0.2578947368421053,-0.45263157894736844,0.21578947368421053,-0.3736842105263158,0.09473684210526316,-0.4421052631578947,0.3157894736842105,-0.5105263157894737,0.3263157894736842,-0.39473684210526316,0.28421052631578947,-0.32105263157894737,0.22105263157894736,-0.3736842105263158,0.3631578947368421,-0.5526315789473685,0.4473684210526316,-0.6473684210526316,0.5105263157894737,-0.7368421052631579
2,0.0,0.0,-0.02072538860103627,-0.19170984455958548,0.04145077720207254,-0.36787564766839376,0.17098445595854922,-0.45595854922279794,0.31088082901554404,-0.48186528497409326,-0.031088082901554404,-0.5129533678756477,0.11398963730569948,-0.7409326424870466,0.19170984455958548,-0.8860103626943006,0.24870466321243523,-1.0,0.031088082901554404,-0.5025906735751295,0.31088082901554404,-0.5544041450777202,0.3471502590673575,-0.43005181347150256,0.31088082901554404,-0.35233160621761656,0.12953367875647667,-0.45077720207253885,0.37823834196891193,-0.5129533678756477,0.39896373056994816,-0.37823834196891193,0.35233160621761656,-0.30569948186528495,0.23834196891191708,-0.38860103626943004,0.38341968911917096,-0.5595854922279793,0.47150259067357514,-0.6476683937823834,0.538860103626943,-0.7253886010362695
2,0.0,0.0,0.20666666666666667,-0.20666666666666667,0.38666666666666666,-0.35333333333333333,0.5533333333333333,-0.4,0.6933333333333334,-0.38666666666666666,0.38666666666666666,-0.58,0.6933333333333334,-0.7266666666666667,0.8666666666666667,-0.8133333333333334,1.0,-0.88,0.36666666666666664,-0.49333333333333335,0.7266666666666667,-0.38666666666666666,0.68,-0.24666666666666667,0.5933333333333334,-0.20666666666666667,0.35333333333333333,-0.3333333333333333,0.7066666666666667,-0.25333333333333335,0.6466666666666666,-0.15333333333333332,0.5466666666666666,-0.12,0.36666666666666664,-0.16666666666666666,0.6333333333333333,-0.2,0.7933333333333333,-0.23333333333333334,0.9333333333333333,-0.2733333333333333
2,0.0,0.0,0.16891891891891891,-0.13513513513513514,0.36486486486486486,-0.22972972972972974,0.5337837837837838,-0.22297297297297297,0.6216216216216216,-0.18243243243243243,0.4189189189189189,-0.36486486486486486,0.668918918918919,-0.3918918918918919,0.8581081081081081,-0.42567567567567566,1.0,-0.4527027027027027,0.35135135135135137,-0.30405405405405406,0.6554054054054054,-0.060810810810810814,0.5608108108108109,0.033783783783783786,0.47297297297297297,0.013513513513513514,0.2702702702702703,-0.18243243243243243,0.5608108108108109,0.0472972972972973,0.47297297297297297,0.0945945945945946,0.38513513513513514,0.06756756756756757,0.19594594594594594,-0.02027027027027027,0.41216216216216217,0.12837837837837837,0.527027027027027,0.19594594594594594,0.6216216216216216,0.22972972972972974
2,0.0,0.0,0.17901234567901234,-0.1728395061728395,0.3765432098765432,-0.2839506172839506,0.5246913580246914,-0.29012345679012347,0.6296296296296297,-0.25925925925925924,0.4382716049382716,-0.43209876543209874,0.7098765432098766,-0.4691358024691358,0.8641975308641975,-0.49382716049382713,1.0,-0.5061728395061729,0.38271604938271603,-0.35185185185185186,0.6790123456790124,-0.14814814814814814,0.6049382716049383,-0.07407407407407407,0.5185185185185185,-0.08024691358024691,0.3271604938271605,-0.2222222222222222,0.5925925925925926,-0.043209876543209874,0.5123456790123457,0.006172839506172839,0.43209876543209874,-0.006172839506172839,0.2777777777777778,-0.08024691358024691,0.4876543209876543,0.018518518518518517,0.5740740740740741,0.07407407407407407,0.6481481481481481,0.1111111111111111
2,0.0,0.0,0.1949685534591195,-0.16352201257861634,0.41509433962264153,-0.31446540880503143,0.5849056603773585,-0.4088050314465409,0.7044025157232704,-0.5094339622641509,0.44025157232704404,-0.4088050314465409,0.710691823899371,-0.4276729559748428,0.8679245283018868,-0.4528301886792453,1.0,-0.4716981132075472,0.3836477987421384,-0.3333333333333333,0.6729559748427673,-0.12578616352201258,0.5974842767295597,-0.050314465408805034,0.5094339622641509,-0.050314465408805034,0.31446540880503143,-0.20754716981132076,0.5786163522012578,-0.018867924528301886,0.5031446540880503,0.025157232704402517,0.42138364779874216,0.012578616352201259,0.2389937106918239,-0.06289308176100629,0.44025157232704404,0.031446540880503145,0.5345911949685535,0.10062893081761007,0.6163522012578616,0.15723270440251572
2,0.0,0.0,0.1986754966887417,-0.15894039735099338,0.41721854304635764,-0.31125827814569534,0.6026490066225165,-0.4105960264900662,0.7284768211920529,-0.5033112582781457,0.44370860927152317,-0.423841059602649,0.7086092715231788,-0.4370860927152318,0.8741721854304636,-0.46357615894039733,1.0,-0.4900662251655629,0.37748344370860926,-0.3576158940397351,0.6754966887417219,-0.12582781456953643,0.5894039735099338,-0.052980132450331126,0.4966887417218543,-0.059602649006622516,0.2980132450331126,-0.23178807947019867,0.5695364238410596,-0.019867549668874173,0.48344370860927155,0.013245033112582781,0.3973509933774834,-0.006622516556291391,0.2185430463576159,-0.07947019867549669,0.423841059602649,0.039735099337748346,0.5231788079470199,0.10596026490066225,0.6158940397350994,0.1456953642384106
2,0.0,0.0,0.20512820512820512,-0.17307692307692307,0.42948717948717946,-0.32051282051282054,0.6089743589743589,-0.4230769230769231,0.7435897435897436,-0.5256410256410257,0.44871794871794873,-0.3974358974358974,0.7115384615384616,-0.40384615384615385,0.8717948717948718,-0.42948717948717946,1.0,-0.44871794871794873,0.3782051282051282,-0.3269230769230769,0.6794871794871795,-0.08333333333333333,0.6089743589743589,-0.019230769230769232,0.532051282051282,-0.019230769230769232,0.30128205128205127,-0.1987179487179487,0.5705128205128205,0.02564102564102564,0.5128205128205128,0.0641025641025641,0.4358974358974359,0.057692307692307696,0.23076923076923078,-0.04487179487179487,0.42948717948717946,0.0641025641025641,0.532051282051282,0.1346153846153846,0.6089743589743589,0.19230769230769232
2,0.0,0.0,0.21875,-0.1125,0.50625,-0.1875,0.69375,-0.25625,0.84375,-0.325,0.525,-0.125,0.7625,-0.01875,0.8875,0.0375,1.0,0.0875,0.45,-0.025,0.6625,0.23125,0.58125,0.2125,0.51875,0.1375,0.36875,0.1,0.55625,0.325,0.49375,0.30625,0.4375,0.2375,0.275,0.20625,0.4375,0.4,0.49375,0.4875,0.53125,0.54375
2,0.0,0.0,0.23376623376623376,-0.09090909090909091,0.5324675324675324,-0.12987012987012986,0.7532467532467533,-0.17532467532467533,0.9155844155844156,-0.23376623376623376,0.525974025974026,0.0,0.7662337662337663,0.2012987012987013,0.8961038961038961,0.3181818181818182,1.0,0.4155844155844156,0.42857142857142855,0.11038961038961038,0.6168831168831169,0.42207792207792205,0.525974025974026,0.37662337662337664,0.4675324675324675,0.2597402597402597,0.2987012987012987,0.22727272727272727,0.461038961038961,0.512987012987013,0.38961038961038963,0.4675324675324675,0.33116883116883117,0.36363636363636365,0.15584415584415584,0.33116883116883117,0.2922077922077922,0.577922077922078,0.34415584415584416,0.7272727272727273,0.4025974025974026,0.8441558441558441
2,0.0,0.0,0.24305555555555555,-0.08333333333333333,0.5833333333333334,-0.11805555555555555,0.8194444444444444,-0.1597222222222222,1.0,-0.2222222222222222,0.5555555555555556,0.013888888888888888,0.7777777777777778,0.22916666666666666,0.8958333333333334,0.3472222222222222,0.9861111111111112,0.4444444444444444,0.4305555555555556,0.1388888888888889,0.6319444444444444,0.4930555555555556,0.5625,0.4305555555555556,0.5,0.3055555555555556,0.2916666666666667,0.2569444444444444,0.4652777777777778,0.5763888888888888,0.4097222222222222,0.5069444444444444,0.3541666666666667,0.3888888888888889,0.1388888888888889,0.3611111111111111,0.2569444444444444,0.6319444444444444,0.3125,0.7916666666666666,0.3680555555555556,0.9236111111111112
2,0.0,0.0,0.24647887323943662,-0.07042253521126761,0.5704225352112676,-0.09859154929577464,0.8169014084507042,-0.14084507042253522,1.0,-0.19718309859154928,0.5211267605633803,0.014084507042253521,0.7323943661971831,0.2323943661971831,0.8591549295774648,0.36619718309859156,0.9577464788732394,0.47183098591549294,0.3873239436619718,0.14084507042253522,0.6056338028169014,0.5,0.5352112676056338,0.4507042253521127,0.4647887323943662,0.323943661971831,0.24647887323943662,0.2676056338028169,0.4295774647887324,0.5915492957746479,0.3732394366197183,0.5352112676056338,0.30985915492957744,0.4225352112676056,0.09859154929577464,0.38028169014084506,0.22535211267605634,0.6690140845070423,0.28169014084507044,0.8309859154929577,0.3380281690140845,0.9647887323943662
2,0.0,0.0,0.2413793103448276,-0.06896551724137931,0.5724137931034483,-0.0896551724137931,0.8137931034482758,-0.1310344827586207,1.0,-0.19310344827586207,0.5103448275862069,0.034482758620689655,0.7379310344827587,0.2482758620689655,0.8620689655172413,0.36551724137931035,0.9586206896551724,0.46206896551724136,0.3793103448275862,0.15172413793103448,0.5793103448275863,0.5172413793103449,0.5103448275862069,0.46206896551724136,0.4482758620689655,0.3448275862068966,0.23448275862068965,0.2689655172413793,0.41379310344827586,0.6,0.35172413793103446,0.5448275862068965,0.296551724137931,0.43448275862068964,0.0896551724137931,0.36551724137931035,0.2,0.6482758620689655,0.2482758620689655,0.8137931034482758,0.30344827586206896,0.9517241379310345
2,0.0,0.0,0.23870967741935484,-0.09032258064516129,0.535483870967742,-0.13548387096774195,0.7612903225806451,-0.1870967741935484,0.9354838709677419,-0.22580645161290322,0.5225806451612903,0.01935483870967742,0.7612903225806451,0.24516129032258063,0.8903225806451613,0.36129032258064514,1.0,0.4645161290322581,0.4064516129032258,0.15483870967741936,0.6129032258064516,0.45806451612903226,0.5483870967741935,0.4064516129032258,0.4838709677419355,0.3096774193548387,0.27741935483870966,0.27741935483870966,0.45161290322580644,0.5548387096774193,0.4,0.4967741935483871,0.3419354838709677,0.4064516129032258,0.14193548387096774,0.38064516129032255,0.2709677419354839,0.6258064516129033,0.32903225806451614,0.7806451612903226,0.38064516129032255,0.9161290322580645
2,0.0,0.0,0.2645161290322581,-0.06451612903225806,0.567741935483871,-0.06451612903225806,0.7870967741935484,-0.07741935483870968,0.967741935483871,-0.10967741935483871,0.5161290322580645,0.16129032258064516,0.7290322580645161,0.44516129032258067,0.8451612903225807,0.5935483870967742,0.9354838709677419,0.7225806451612903,0.3741935483870968,0.2903225806451613,0.5419354838709678,0.567741935483871,0.5032258064516129,0.4838709677419355,0.45161290322580644,0.3870967741935484,0.22580645161290322,0.3870967741935484,0.36129032258064514,0.6258064516129033,0.32903225806451614,0.5612903225806452,0.2709677419354839,0.47096774193548385,0.08387096774193549,0.45806451612903226,0.1870967741935484,0.7096774193548387,0.21935483870967742,0.864516129032258,0.25161290322580643,1.0
2,0.0,0.0,0.2721518987341772,-0.03164556962025317,0.5632911392405063,-0.006329113924050633,0.7784810126582279,-0.02531645569620253,0.9556962025316456,-0.03164556962025317,0.5,0.22784810126582278,0.6582278481012658,0.5126582278481012,0.759493670886076,0.6708860759493671,0.8291139240506329,0.8037974683544303,0.34177215189873417,0.34177215189873417,0.4810126582278481,0.620253164556962,0.45569620253164556,0.5443037974683544,0.41139240506329117,0.44936708860759494,0.18354430379746836,0.4177215189873418,0.2974683544303797,0.6455696202531646,0.2848101265822785,0.5886075949367089,0.2468354430379747,0.5,0.04430379746835443,0.46835443037974683,0.12025316455696203,0.7278481012658228,0.14556962025316456,0.8734177215189873,0.15822784810126583,1.0
2,0.0,0.0,0.2625,-0.00625,0.5375,0.025,0.74375,0.025,0.90625,0.0375,0.45625,0.26875,0.6,0.575,0.68125,0.7375,0.74375,0.88125,0.29375,0.38125,0.425,0.6625,0.40625,0.575,0.3625,0.475,0.14375,0.45,0.25625,0.675,0.24375,0.6125,0.2,0.525,0.0,0.49375,0.06875,0.74375,0.075,0.8875,0.075,1.0
2,0.0,0.0,0.25301204819277107,0.024096385542168676,0.5060240963855421,0.07228915662650602,0.7108433734939759,0.09036144578313253,0.8734939759036144,0.10240963855421686,0.40963855421686746,0.3192771084337349,0.536144578313253,0.6385542168674698,0.5963855421686747,0.7951807228915663,0.6445783132530121,0.9216867469879518,0.24096385542168675,0.40963855421686746,0.35542168674698793,0.6927710843373494,0.3614457831325301,0.6445783132530121,0.3373493975903614,0.572289156626506,0.0963855421686747,0.463855421686747,0.19879518072289157,0.7048192771084337,0.21084337349397592,0.6626506024096386,0.1927710843373494,0.5783132530120482,-0.030120481927710843,0.5,0.024096385542168676,0.7530120481927711,0.030120481927710843,0.891566265060241,0.030120481927710843,1.0
2,0.0,0.0,0.24848484848484848,0.01818181818181818,0.503030303030303,0.07878787878787878,0.703030303030303,0.10303030303030303,0.8666666666666667,0.12727272727272726,0.36363636363636365,0.3393939393939394,0.47878787878787876,0.6606060606060606,0.5454545454545454,0.8363636363636363,0.593939393939394,0.9696969696969697,0.19393939393939394,0.41818181818181815,0.2909090909090909,0.703030303030303,0.2909090909090909,0.6363636363636364,0.26666666666666666,0.5393939393939394,0.04242424242424243,0.46060606060606063,0.14545454545454545,0.7272727272727273,0.14545454545454545,0.6727272727272727,0.11515151515151516,0.5878787878787879,-0.07272727272727272,0.47878787878787876,-0.01818181818181818,0.7454545454545455,-0.012121212121212121,0.8909090909090909,-0.024242424242424242,1.0
2,0.0,0.0,0.2441860465116279,0.05232558139534884,0.47093023255813954,0.13953488372093023,0.6686046511627907,0.16279069767441862,0.8313953488372093,0.1686046511627907,0.31976744186046513,0.38372093023255816,0.43023255813953487,0.6918604651162791,0.48255813953488375,0.8546511627906976,0.5174418604651163,0.9941860465116279,0.1569767441860465,0.45930232558139533,0.26744186046511625,0.7267441860465116,0.29651162790697677,0.6453488372093024,0.26744186046511625,0.5523255813953488,0.01744186046511628,0.4941860465116279,0.13372093023255813,0.7267441860465116,0.1569767441860465,0.6569767441860465,0.13372093023255813,0.5755813953488372,-0.08139534883720931,0.5,-0.046511627906976744,0.7558139534883721,-0.040697674418604654,0.8837209302325582,-0.046511627906976744,1.0
2,0.0,0.0,0.24404761904761904,0.041666666666666664,0.4583333333333333,0.1130952380952381,0.6547619047619048,0.14285714285714285,0.8095238095238095,0.1488095238095238,0.27380952380952384,0.3869047619047619,0.36904761904761907,0.6964285714285714,0.4107142857142857,0.8571428571428571,0.44047619047619047,0.9880952380952381,0.09523809523809523,0.4583333333333333,0.23809523809523808,0.7261904761904762,0.27976190476190477,0.6666666666666666,0.26785714285714285,0.5833333333333334,-0.041666666666666664,0.4880952380952381,0.08928571428571429,0.7261904761904762,0.13690476190476192,0.6726190476190477,0.13690476190476192,0.5952380952380952,-0.125,0.5,-0.10119047619047619,0.7440476190476191,-0.09523809523809523,0.8809523809523809,-0.10119047619047619,1.0
2,0.0,0.0,0.24096385542168675,0.04216867469879518,0.45180722891566266,0.1144578313253012,0.6385542168674698,0.1566265060240964,0.7951807228915663,0.1746987951807229,0.24096385542168675,0.37349397590361444,0.3192771084337349,0.6927710843373494,0.35542168674698793,0.8614457831325302,0.3795180722891566,1.0,0.06626506024096386,0.4457831325301205,0.1927710843373494,0.7289156626506024,0.26506024096385544,0.7048192771084337,0.28313253012048195,0.6445783132530121,-0.07228915662650602,0.4759036144578313,0.05421686746987952,0.7469879518072289,0.1566265060240964,0.7530120481927711,0.20481927710843373,0.7168674698795181,-0.1566265060240964,0.4879518072289157,-0.13855421686746988,0.7289156626506024,-0.12650602409638553,0.8674698795180723,-0.13253012048192772,0.9879518072289156
2,0.0,0.0,0.19540229885057472,0.04597701149425287,0.3850574712643678,0.13793103448275862,0.5574712643678161,0.1896551724137931,0.6896551724137931,0.2413793103448276,0.22988505747126436,0.3620689655172414,0.20689655172413793,0.6896551724137931,0.19540229885057472,0.8620689655172413,0.16666666666666666,1.0,0.05172413793103448,0.40229885057471265,0.10344827586206896,0.7126436781609196,0.14942528735632185,0.632183908045977,0.14942528735632185,0.5287356321839081,-0.09195402298850575,0.42528735632183906,-0.05172413793103448,0.7011494252873564,-0.011494252873563218,0.632183908045977,-0.005747126436781609,0.5402298850574713,-0.19540229885057472,0.43103448275862066,-0.22413793103448276,0.6724137931034483,-0.2413793103448276,0.7988505747126436,-0.27011494252873564,0.9080459770114943
2,0.0,0.0,0.19672131147540983,0.06557377049180328,0.3333333333333333,0.16393442622950818,0.47540983606557374,0.22404371584699453,0.6065573770491803,0.26229508196721313,0.12568306010928962,0.3825136612021858,0.1092896174863388,0.6939890710382514,0.09836065573770492,0.8579234972677595,0.08196721311475409,1.0,-0.04371584699453552,0.4207650273224044,0.0,0.7103825136612022,0.04918032786885246,0.6338797814207651,0.06557377049180328,0.5519125683060109,-0.16393442622950818,0.4262295081967213,-0.1092896174863388,0.6939890710382514,-0.060109289617486336,0.6338797814207651,-0.04371584699453552,0.5519125683060109,-0.22950819672131148,0.4207650273224044,-0.2677595628415301,0.6557377049180327,-0.28415300546448086,0.7759562841530054,-0.3114754098360656,0.8743169398907104
2,0.0,0.0,0.1989247311827957,0.06451612903225806,0.3279569892473118,0.16129032258064516,0.46236559139784944,0.24731182795698925,0.5752688172043011,0.3010752688172043,0.07526881720430108,0.3924731182795699,0.053763440860215055,0.6881720430107527,0.03763440860215054,0.8548387096774194,0.010752688172043012,1.0,-0.08602150537634409,0.41935483870967744,-0.026881720430107527,0.6881720430107527,0.03763440860215054,0.6021505376344086,0.053763440860215055,0.5268817204301075,-0.1989247311827957,0.41935483870967744,-0.13440860215053763,0.6720430107526881,-0.06451612903225806,0.6075268817204301,-0.043010752688172046,0.5268817204301075,-0.25268817204301075,0.41935483870967744,-0.2956989247311828,0.6451612903225806,-0.3064516129032258,0.7688172043010753,-0.3333333333333333,0.8655913978494624
2,0.0,0.0,0.1836734693877551,0.07142857142857142,0.29591836734693877,0.17857142857142858,0.40816326530612246,0.2653061224489796,0.49489795918367346,0.336734693877551,0.04591836734693878,0.40816326530612246,0.00510204081632653,0.6989795918367347,-0.025510204081632654,0.8622448979591837,-0.05102040816326531,1.0,-0.11224489795918367,0.41836734693877553,-0.05612244897959184,0.6530612244897959,-0.00510204081632653,0.5918367346938775,0.01020408163265306,0.5204081632653061,-0.21428571428571427,0.4030612244897959,-0.15306122448979592,0.6275510204081632,-0.09693877551020408,0.576530612244898,-0.07653061224489796,0.5102040816326531,-0.27040816326530615,0.3979591836734694,-0.3163265306122449,0.6122448979591837,-0.336734693877551,0.7193877551020408,-0.35714285714285715,0.8061224489795918
2,0.0,0.0,0.18719211822660098,0.07389162561576355,0.2955665024630542,0.17733990147783252,0.39901477832512317,0.26108374384236455,0.46798029556650245,0.33004926108374383,0.024630541871921183,0.4088669950738916,-0.0049261083743842365,0.7044334975369458,-0.029556650246305417,0.8669950738916257,-0.059113300492610835,1.0,-0.12807881773399016,0.4187192118226601,-0.06403940886699508,0.645320197044335,-0.009852216748768473,0.5812807881773399,0.0049261083743842365,0.5073891625615764,-0.22167487684729065,0.4039408866995074,-0.1477832512315271,0.6108374384236454,-0.09359605911330049,0.5615763546798029,-0.07881773399014778,0.4975369458128079,-0.270935960591133,0.39408866995073893,-0.3103448275862069,0.5960591133004927,-0.3251231527093596,0.6945812807881774,-0.3497536945812808,0.7733990147783252
2,0.0,0.0,0.1761904761904762,0.0761904761904762,0.2904761904761905,0.19047619047619047,0.4,0.28095238095238095,0.4666666666666667,0.36666666666666664,0.0380952380952381,0.4095238095238095,0.009523809523809525,0.7,-0.014285714285714285,0.861904761904762,-0.0380952380952381,1.0,-0.11428571428571428,0.41904761904761906,-0.047619047619047616,0.6428571428571429,0.004761904761904762,0.580952380952381,0.014285714285714285,0.5142857142857142,-0.20952380952380953,0.40476190476190477,-0.1380952380952381,0.6095238095238096,-0.09047619047619047,0.5619047619047619,-0.07142857142857142,0.5,-0.2571428571428571,0.4,-0.2904761904761905,0.5952380952380952,-0.30952380952380953,0.6904761904761905,-0.32857142857142857,0.7619047619047619
2,0.0,0.0,0.17703349282296652,0.07655502392344497,0.291866028708134,0.18660287081339713,0.3923444976076555,0.27751196172248804,0.46411483253588515,0.36363636363636365,0.03827751196172249,0.41148325358851673,0.009569377990430622,0.7033492822966507,-0.014354066985645933,0.8660287081339713,-0.03349282296650718,1.0,-0.11961722488038277,0.42105263157894735,-0.05263157894736842,0.6555023923444976,0.004784688995215311,0.5885167464114832,0.014354066985645933,0.5167464114832536,-0.215311004784689,0.40669856459330145,-0.13875598086124402,0.6172248803827751,-0.0861244019138756,0.569377990430622,-0.06698564593301436,0.5023923444976076,-0.2679425837320574,0.4019138755980861,-0.2966507177033493,0.5980861244019139,-0.3157894736842105,0.6889952153110048,-0.3444976076555024,0.7559808612440191
2,0.0,0.0,0.17535545023696683,0.07109004739336493,0.2890995260663507,0.18009478672985782,0.4028436018957346,0.27014218009478674,0.4786729857819905,0.35071090047393366,0.04265402843601896,0.41706161137440756,0.03317535545023697,0.7061611374407583,0.014218009478672985,0.8672985781990521,-0.004739336492890996,1.0,-0.10426540284360189,0.4312796208530806,-0.023696682464454975,0.6492890995260664,0.03317535545023697,0.5829383886255924,0.04265402843601896,0.5118483412322274,-0.2037914691943128,0.41706161137440756,-0.11848341232227488,0.6161137440758294,-0.061611374407582936,0.5639810426540285,-0.04265402843601896,0.5023696682464455,-0.25118483412322273,0.41232227488151657,-0.2796208530805687,0.6018957345971564,-0.2938388625592417,0.6919431279620853,-0.3175355450236967,0.7677725118483413
2,0.0,0.0,0.2222222222222222,0.037037037037037035,0.3862433862433862,0.12698412698412698,0.5291005291005291,0.19047619047619047,0.6402116402116402,0.24338624338624337,0.19047619047619047,0.3915343915343915,0.2275132275132275,0.6931216931216931,0.25396825396825395,0.8624338624338624,0.25925925925925924,1.0,0.026455026455026454,0.43915343915343913,0.1164021164021164,0.7037037037037037,0.15873015873015872,0.6243386243386243,0.14814814814814814,0.5343915343915344,-0.08994708994708994,0.455026455026455,0.0,0.6984126984126984,0.047619047619047616,0.6296296296296297,0.042328042328042326,0.544973544973545,-0.164021164021164,0.4603174603174603,-0.1746031746031746,0.6931216931216931,-0.1693121693121693,0.8201058201058201,-0.17989417989417988,0.9259259259259259
2,0.0,0.0,0.22988505747126436,-0.017241379310344827,0.4540229885057471,0.0,0.6436781609195402,0.0,0.7988505747126436,0.005747126436781609,0.29310344827586204,0.27586206896551724,0.46551724137931033,0.5517241379310345,0.5517241379310345,0.6954022988505747,0.6149425287356322,0.8160919540229885,0.13218390804597702,0.3850574712643678,0.3390804597701149,0.6436781609195402,0.39655172413793105,0.632183908045977,0.39080459770114945,0.5804597701149425,0.005747126436781609,0.4482758620689655,0.20114942528735633,0.7068965517241379,0.28160919540229884,0.6896551724137931,0.2988505747126437,0.6436781609195402,-0.07471264367816093,0.4885057471264368,0.028735632183908046,0.7413793103448276,0.08045977011494253,0.8850574712643678,0.10344827586206896,1.0
2,0.0,0.0,0.24666666666666667,-0.08666666666666667,0.5133333333333333,-0.13333333333333333,0.72,-0.18,0.8866666666666667,-0.2,0.38666666666666666,0.14,0.5866666666666667,0.3933333333333333,0.7,0.54,0.78,0.66,0.21333333333333335,0.3,0.47333333333333333,0.56,0.5266666666666666,0.5266666666666666,0.49333333333333335,0.4666666666666667,0.07333333333333333,0.41333333333333333,0.31333333333333335,0.64,0.36,0.5933333333333334,0.3333333333333333,0.5266666666666666,-0.02666666666666667,0.48,0.13333333333333333,0.7333333333333333,0.20666666666666667,0.88,0.25333333333333335,1.0
2,0.0,0.0,0.24161073825503357,-0.10067114093959731,0.4966442953020134,-0.1476510067114094,0.6912751677852349,-0.20134228187919462,0.8523489932885906,-0.2348993288590604,0.33557046979865773,0.10067114093959731,0.5503355704697986,0.3691275167785235,0.6644295302013423,0.5167785234899329,0.7516778523489933,0.6375838926174496,0.174496644295302,0.2684563758389262,0.44966442953020136,0.5436241610738255,0.4966442953020134,0.5033557046979866,0.4563758389261745,0.436241610738255,0.04697986577181208,0.3825503355704698,0.30201342281879195,0.6308724832214765,0.3422818791946309,0.5838926174496645,0.30201342281879195,0.5167785234899329,-0.03355704697986577,0.46308724832214765,0.12080536912751678,0.7181208053691275,0.18791946308724833,0.8657718120805369,0.2214765100671141,1.0
2,0.0,0.0,0.24,-0.10666666666666667,0.4866666666666667,-0.15333333333333332,0.6866666666666666,-0.2,0.8466666666666667,-0.23333333333333334,0.3333333333333333,0.08666666666666667,0.5466666666666666,0.35333333333333333,0.66,0.5066666666666667,0.74,0.64,0.16666666666666666,0.25333333333333335,0.4533333333333333,0.5466666666666666,0.4866666666666667,0.5,0.43333333333333335,0.41333333333333333,0.04,0.38,0.31333333333333335,0.6533333333333333,0.3466666666666667,0.6,0.3,0.52,-0.04666666666666667,0.4533333333333333,0.1,0.7133333333333334,0.17333333333333334,0.86,0.21333333333333335,1.0
2,0.0,0.0,0.23972602739726026,-0.10273972602739725,0.5,-0.14383561643835616,0.7054794520547946,-0.19863013698630136,0.8561643835616438,-0.2465753424657534,0.3356164383561644,0.0958904109589041,0.5342465753424658,0.3698630136986301,0.636986301369863,0.5273972602739726,0.7123287671232876,0.6575342465753424,0.17123287671232876,0.2534246575342466,0.4315068493150685,0.5684931506849316,0.4863013698630137,0.5753424657534246,0.4657534246575342,0.5342465753424658,0.03424657534246575,0.3767123287671233,0.2945205479452055,0.6712328767123288,0.3356164383561644,0.6438356164383562,0.2945205479452055,0.5821917808219178,-0.0547945205479452,0.4657534246575342,0.0958904109589041,0.7191780821917808,0.15753424657534246,0.8698630136986302,0.18493150684931506,1.0
2,0.0,0.0,0.23648648648648649,-0.10810810810810811,0.5,-0.16216216216216217,0.7027027027027027,-0.21621621621621623,0.8581081081081081,-0.25,0.34459459459459457,0.06756756756756757,0.5405405405405406,0.33783783783783783,0.6486486486486487,0.49324324324324326,0.7162162162162162,0.6216216216216216,0.18243243243243243,0.24324324324324326,0.4391891891891892,0.5202702702702703,0.5067567567567568,0.5675675675675675,0.5,0.5675675675675675,0.0472972972972973,0.3716216216216216,0.2905405405405405,0.6554054054054054,0.34459459459459457,0.668918918918919,0.31756756756756754,0.6418918918918919,-0.033783783783783786,0.46621621621621623,0.10135135135135136,0.7162162162162162,0.17567567567567569,0.8716216216216216,0.20945945945945946,1.0
2,0.0,0.0,0.22627737226277372,-0.11678832116788321,0.5547445255474452,-0.2116788321167883,0.8102189781021898,-0.30656934306569344,1.0,-0.3722627737226277,0.43795620437956206,-0.043795620437956206,0.708029197080292,0.15328467153284672,0.8686131386861314,0.26277372262773724,0.9927007299270073,0.35766423357664234,0.30656934306569344,0.13138686131386862,0.635036496350365,0.40875912408759124,0.635036496350365,0.4233576642335766,0.5693430656934306,0.38686131386861317,0.18248175182481752,0.2846715328467153,0.49635036496350365,0.5401459854014599,0.5182481751824818,0.5693430656934306,0.48175182481751827,0.5693430656934306,0.08029197080291971,0.40145985401459855,0.291970802919708,0.6204379562043796,0.3722627737226277,0.7591240875912408,0.41605839416058393,0.8832116788321168
2,0.0,0.0,0.22377622377622378,-0.11888111888111888,0.5454545454545454,-0.2097902097902098,0.7902097902097902,-0.3076923076923077,0.9790209790209791,-0.40559440559440557,0.45454545454545453,-0.08391608391608392,0.7202797202797203,0.11188811188811189,0.8741258741258742,0.22377622377622378,1.0,0.32867132867132864,0.32167832167832167,0.08391608391608392,0.6223776223776224,0.4125874125874126,0.5804195804195804,0.3776223776223776,0.5104895104895105,0.2867132867132867,0.20279720279720279,0.23076923076923078,0.46853146853146854,0.5314685314685315,0.42657342657342656,0.5174825174825175,0.35664335664335667,0.46853146853146854,0.1048951048951049,0.35664335664335667,0.25874125874125875,0.6013986013986014,0.34265734265734266,0.7692307692307693,0.4125874125874126,0.9230769230769231
2,0.0,0.0,0.2119205298013245,-0.10596026490066225,0.5364238410596026,-0.19205298013245034,0.7748344370860927,-0.2781456953642384,0.9536423841059603,-0.3576158940397351,0.44370860927152317,-0.13245033112582782,0.7218543046357616,0.0,0.8675496688741722,0.059602649006622516,1.0,0.10596026490066225,0.33774834437086093,0.019867549668874173,0.6490066225165563,0.32450331125827814,0.5894039735099338,0.2913907284768212,0.5033112582781457,0.1986754966887417,0.23178807947019867,0.16556291390728478,0.5165562913907285,0.44370860927152317,0.47019867549668876,0.3973509933774834,0.37748344370860926,0.31125827814569534,0.13245033112582782,0.2847682119205298,0.304635761589404,0.5099337748344371,0.39072847682119205,0.6490066225165563,0.46357615894039733,0.7682119205298014
2,0.0,0.0,0.21686746987951808,-0.1144578313253012,0.4819277108433735,-0.1927710843373494,0.6746987951807228,-0.2469879518072289,0.8072289156626506,-0.3192771084337349,0.42771084337349397,-0.18674698795180722,0.6927710843373494,-0.12048192771084337,0.8554216867469879,-0.07228915662650602,1.0,-0.04819277108433735,0.3253012048192771,-0.0783132530120482,0.6325301204819277,0.21686746987951808,0.5662650602409639,0.22289156626506024,0.4819277108433735,0.13855421686746988,0.22289156626506024,0.06626506024096386,0.5,0.3433734939759036,0.463855421686747,0.3313253012048193,0.39759036144578314,0.2469879518072289,0.12650602409638553,0.21084337349397592,0.3493975903614458,0.41566265060240964,0.4457831325301205,0.536144578313253,0.5120481927710844,0.6265060240963856
2,0.0,0.0,0.21428571428571427,-0.11904761904761904,0.47619047619047616,-0.21428571428571427,0.6726190476190477,-0.30357142857142855,0.8154761904761905,-0.4166666666666667,0.43452380952380953,-0.17261904761904762,0.7023809523809523,-0.08928571428571429,0.8630952380952381,-0.02976190476190476,1.0,0.005952380952380952,0.3333333333333333,-0.05952380952380952,0.6309523809523809,0.24404761904761904,0.5654761904761905,0.2261904761904762,0.47023809523809523,0.13690476190476192,0.23214285714285715,0.08333333333333333,0.4880952380952381,0.35714285714285715,0.4523809523809524,0.31547619047619047,0.38095238095238093,0.22023809523809523,0.13690476190476192,0.21428571428571427,0.3392857142857143,0.4166666666666667,0.43452380952380953,0.5297619047619048,0.5,0.625
2,0.0,0.0,0.1875,-0.11363636363636363,0.4602272727272727,-0.19886363636363635,0.6477272727272727,-0.2784090909090909,0.7954545454545454,-0.38636363636363635,0.4375,-0.18181818181818182,0.7102272727272727,-0.11931818181818182,0.8636363636363636,-0.07386363636363637,1.0,-0.045454545454545456,0.3522727272727273,-0.07386363636363637,0.6363636363636364,0.1875,0.5454545454545454,0.1875,0.4375,0.11363636363636363,0.26136363636363635,0.056818181818181816,0.5284090909090909,0.30113636363636365,0.4602272727272727,0.2840909090909091,0.375,0.2159090909090909,0.1590909090909091,0.18181818181818182,0.3693181818181818,0.3465909090909091,0.4602272727272727,0.44886363636363635,0.5284090909090909,0.5284090909090909
2,0.0,0.0,0.1736842105263158,-0.1368421052631579,0.41578947368421054,-0.23684210526315788,0.6,-0.3157894736842105,0.7368421052631579,-0.41578947368421054,0.4473684210526316,-0.21578947368421053,0.7157894736842105,-0.17894736842105263,0.868421052631579,-0.1631578947368421,1.0,-0.15263157894736842,0.38421052631578945,-0.12105263157894737,0.6421052631578947,0.12105263157894737,0.5421052631578948,0.1368421052631579,0.4631578947368421,0.08421052631578947,0.30526315789473685,0.005263157894736842,0.5473684210526316,0.23157894736842105,0.4631578947368421,0.22631578947368422,0.3894736842105263,0.16842105263157894,0.21578947368421053,0.13157894736842105,0.4105263157894737,0.26842105263157895,0.5052631578947369,0.35789473684210527,0.5894736842105263,0.43157894736842106
2,0.0,0.0,0.16666666666666666,-0.1414141414141414,0.398989898989899,-0.25757575757575757,0.5757575757575758,-0.3484848484848485,0.7070707070707071,-0.4494949494949495,0.43434343434343436,-0.22727272727272727,0.7171717171717171,-0.20707070707070707,0.8737373737373737,-0.1919191919191919,1.0,-0.18686868686868688,0.3787878787878788,-0.13131313131313133,0.6515151515151515,0.09090909090909091,0.5505050505050505,0.1111111111111111,0.47474747474747475,0.06060606060606061,0.31313131313131315,0.0,0.5606060606060606,0.21717171717171718,0.48484848484848486,0.21212121212121213,0.4090909090909091,0.15656565656565657,0.23232323232323232,0.13636363636363635,0.4444444444444444,0.26262626262626265,0.5454545454545454,0.35353535353535354,0.6414141414141414,0.4292929292929293
2,0.0,0.0,0.16990291262135923,-0.15048543689320387,0.38349514563106796,-0.2815533980582524,0.5388349514563107,-0.36893203883495146,0.6601941747572816,-0.47572815533980584,0.441747572815534,-0.2524271844660194,0.7135922330097088,-0.24271844660194175,0.8737864077669902,-0.24271844660194175,1.0,-0.2524271844660194,0.3932038834951456,-0.1553398058252427,0.6650485436893204,0.043689320388349516,0.558252427184466,0.07766990291262135,0.4854368932038835,0.038834951456310676,0.3300970873786408,-0.02912621359223301,0.5776699029126213,0.16019417475728157,0.49514563106796117,0.17475728155339806,0.4174757281553398,0.1262135922330097,0.2621359223300971,0.10679611650485436,0.4854368932038835,0.20388349514563106,0.5970873786407767,0.28640776699029125,0.6893203883495146,0.34951456310679613
2,0.0,0.0,0.14354066985645933,-0.15311004784688995,0.35406698564593303,-0.291866028708134,0.5167464114832536,-0.3827751196172249,0.6363636363636364,-0.4784688995215311,0.4354066985645933,-0.2631578947368421,0.7177033492822966,-0.2631578947368421,0.8755980861244019,-0.2631578947368421,1.0,-0.2679425837320574,0.39712918660287083,-0.1674641148325359,0.6698564593301436,0.03349282296650718,0.5741626794258373,0.07177033492822966,0.49282296650717705,0.028708133971291867,0.3444976076555024,-0.03349282296650718,0.5933014354066986,0.14354066985645933,0.5119617224880383,0.15789473684210525,0.4354066985645933,0.11483253588516747,0.2822966507177033,0.10047846889952153,0.507177033492823,0.19617224880382775,0.6124401913875598,0.2727272727272727,0.7129186602870813,0.3349282296650718
2,0.0,0.0,0.1380952380952381,-0.1619047619047619,0.3476190476190476,-0.30952380952380953,0.5,-0.4,0.6238095238095238,-0.49047619047619045,0.44285714285714284,-0.2857142857142857,0.7285714285714285,-0.2857142857142857,0.8761904761904762,-0.2904761904761905,1.0,-0.3,0.4095238095238095,-0.18571428571428572,0.6761904761904762,0.004761904761904762,0.5714285714285714,0.04285714285714286,0.4857142857142857,0.004761904761904762,0.35714285714285715,-0.05238095238095238,0.6047619047619047,0.11904761904761904,0.5190476190476191,0.13333333333333333,0.44285714285714284,0.09047619047619047,0.3,0.08571428571428572,0.5142857142857142,0.1619047619047619,0.6190476190476191,0.22857142857142856,0.7142857142857143,0.28095238095238095
2,0.0,0.0,0.11428571428571428,-0.17142857142857143,0.2904761904761905,-0.34285714285714286,0.43333333333333335,-0.4380952380952381,0.5428571428571428,-0.5238095238095238,0.42857142857142855,-0.3333333333333333,0.7238095238095238,-0.3619047619047619,0.8761904761904762,-0.3761904761904762,1.0,-0.4,0.4142857142857143,-0.23809523809523808,0.6619047619047619,-0.08571428571428572,0.6047619047619047,-0.009523809523809525,0.5523809523809524,-0.009523809523809525,0.38571428571428573,-0.10476190476190476,0.6285714285714286,0.02857142857142857,0.5857142857142857,0.0761904761904762,0.5238095238095238,0.0761904761904762,0.35714285714285715,0.03333333333333333,0.5761904761904761,0.08571428571428572,0.6904761904761905,0.14285714285714285,0.7904761904761904,0.18571428571428572
2,0.0,0.0,0.10476190476190476,-0.17142857142857143,0.2714285714285714,-0.3476190476190476,0.40476190476190477,-0.44761904761904764,0.5095238095238095,-0.5333333333333333,0.4238095238095238,-0.34285714285714286,0.7238095238095238,-0.3904761904761905,0.8761904761904762,-0.4142857142857143,1.0,-0.43333333333333335,0.4238095238095238,-0.24761904761904763,0.6952380952380952,-0.09523809523809523,0.6571428571428571,-0.014285714285714285,0.6142857142857143,0.009523809523809525,0.4095238095238095,-0.12380952380952381,0.6666666666666666,0.004761904761904762,0.6285714285714286,0.05714285714285714,0.5857142857142857,0.06666666666666667,0.3952380952380952,0.009523809523809525,0.6190476190476191,0.06666666666666667,0.7380952380952381,0.11904761904761904,0.8523809523809524,0.1619047619047619
2,0.0,0.0,0.102803738317757,-0.19158878504672897,0.2570093457943925,-0.37850467289719625,0.38317757009345793,-0.48598130841121495,0.48598130841121495,-0.5794392523364486,0.42990654205607476,-0.37383177570093457,0.7242990654205608,-0.4252336448598131,0.8738317757009346,-0.45794392523364486,1.0,-0.48598130841121495,0.43457943925233644,-0.2850467289719626,0.6822429906542056,-0.14953271028037382,0.616822429906542,-0.07476635514018691,0.5560747663551402,-0.07009345794392523,0.4205607476635514,-0.14953271028037382,0.6635514018691588,-0.037383177570093455,0.6214953271028038,0.02336448598130841,0.5654205607476636,0.03271028037383177,0.40186915887850466,-0.004672897196261682,0.6401869158878505,0.028037383177570093,0.7616822429906542,0.07009345794392523,0.8691588785046729,0.10747663551401869
2,0.0,0.0,0.09389671361502347,-0.20657276995305165,0.23943661971830985,-0.40375586854460094,0.3615023474178404,-0.5211267605633803,0.4647887323943662,-0.6103286384976526,0.431924882629108,-0.40375586854460094,0.7276995305164319,-0.4694835680751174,0.8826291079812206,-0.5070422535211268,1.0,-0.539906103286385,0.4413145539906103,-0.30985915492957744,0.7136150234741784,-0.19718309859154928,0.6572769953051644,-0.11267605633802817,0.596244131455399,-0.09859154929577464,0.43661971830985913,-0.1784037558685446,0.6901408450704225,-0.08450704225352113,0.6431924882629108,-0.018779342723004695,0.5774647887323944,-0.009389671361502348,0.4225352112676056,-0.028169014084507043,0.6666666666666666,-0.004694835680751174,0.7934272300469484,0.03755868544600939,0.9061032863849765,0.07042253521126761
2,0.0,0.0,0.08450704225352113,-0.215962441314554,0.22535211267605634,-0.4131455399061033,0.3427230046948357,-0.5352112676056338,0.431924882629108,-0.6338028169014085,0.4225352112676056,-0.431924882629108,0.7183098591549296,-0.5023474178403756,0.8779342723004695,-0.5446009389671361,1.0,-0.5868544600938967,0.4460093896713615,-0.3380281690140845,0.704225352112676,-0.24413145539906103,0.6291079812206573,-0.1596244131455399,0.5539906103286385,-0.15492957746478872,0.4507042253521127,-0.20187793427230047,0.6854460093896714,-0.11737089201877934,0.6197183098591549,-0.056338028169014086,0.5446009389671361,-0.051643192488262914,0.4413145539906103,-0.046948356807511735,0.6995305164319249,-0.03286384976525822,0.8262910798122066,0.0,0.9342723004694836,0.023474178403755867
2,0.0,0.0,0.06435643564356436,-0.24752475247524752,0.17326732673267325,-0.47029702970297027,0.25742574257425743,-0.6138613861386139,0.3069306930693069,-0.7326732673267327,0.41089108910891087,-0.49504950495049505,0.7178217821782178,-0.5792079207920792,0.8811881188118812,-0.6386138613861386,1.0,-0.6881188118811881,0.4504950495049505,-0.400990099009901,0.698019801980198,-0.3118811881188119,0.6089108910891089,-0.23267326732673269,0.5247524752475248,-0.21782178217821782,0.47029702970297027,-0.2524752475247525,0.698019801980198,-0.1782178217821782,0.6188118811881188,-0.11386138613861387,0.5396039603960396,-0.11386138613861387,0.4801980198019802,-0.08415841584158416,0.7425742574257426,-0.09405940594059406,0.8712871287128713,-0.06435643564356436,0.9851485148514851,-0.04950495049504951
2,0.0,0.0,0.028846153846153848,-0.25,0.11057692307692307,-0.46153846153846156,0.17307692307692307,-0.6057692307692307,0.1971153846153846,-0.7211538461538461,0.3701923076923077,-0.5432692307692307,0.6538461538461539,-0.625,0.8076923076923077,-0.6826923076923077,0.9230769230769231,-0.7403846153846154,0.42788461538461536,-0.4567307692307692,0.6586538461538461,-0.35096153846153844,0.625,-0.2692307692307692,0.5817307692307693,-0.25,0.46634615384615385,-0.30288461538461536,0.7163461538461539,-0.2403846153846154,0.7548076923076923,-0.16826923076923078,0.7692307692307693,-0.14423076923076922,0.49038461538461536,-0.13942307692307693,0.7403846153846154,-0.17307692307692307,0.875,-0.15384615384615385,1.0,-0.15384615384615385
2,0.0,0.0,-0.014423076923076924,-0.24519230769230768,0.03365384615384615,-0.4567307692307692,0.07692307692307693,-0.6057692307692307,0.08653846153846154,-0.7259615384615384,0.3076923076923077,-0.5673076923076923,0.5769230769230769,-0.6826923076923077,0.7259615384615384,-0.7548076923076923,0.8413461538461539,-0.8173076923076923,0.3894230769230769,-0.4855769230769231,0.6298076923076923,-0.39903846153846156,0.6346153846153846,-0.32211538461538464,0.6298076923076923,-0.2980769230769231,0.4519230769230769,-0.33653846153846156,0.7115384615384616,-0.3076923076923077,0.8413461538461539,-0.2644230769230769,0.9278846153846154,-0.2548076923076923,0.4855769230769231,-0.1778846153846154,0.7259615384615384,-0.22596153846153846,0.8701923076923077,-0.23557692307692307,1.0,-0.2548076923076923
2,0.0,0.0,-0.03431372549019608,-0.24019607843137256,-0.00980392156862745,-0.46078431372549017,0.014705882352941176,-0.6176470588235294,0.014705882352941176,-0.7401960784313726,0.2696078431372549,-0.5931372549019608,0.5392156862745098,-0.7303921568627451,0.6813725490196079,-0.8186274509803921,0.7892156862745098,-0.8970588235294118,0.35294117647058826,-0.5147058823529411,0.6078431372549019,-0.43137254901960786,0.6225490196078431,-0.3480392156862745,0.6225490196078431,-0.3235294117647059,0.4264705882352941,-0.36764705882352944,0.6862745098039216,-0.3284313725490196,0.7696078431372549,-0.2696078431372549,0.8186274509803921,-0.25980392156862747,0.4803921568627451,-0.2107843137254902,0.7205882352941176,-0.27450980392156865,0.8676470588235294,-0.29411764705882354,1.0,-0.3235294117647059
2,0.0,0.0,-0.045454545454545456,-0.25252525252525254,-0.030303030303030304,-0.47474747474747475,-0.005050505050505051,-0.6363636363636364,-0.010101010101010102,-0.7626262626262627,0.23232323232323232,-0.6212121212121212,0.5050505050505051,-0.7727272727272727,0.6515151515151515,-0.8686868686868687,0.7676767676767676,-0.9494949494949495,0.32323232323232326,-0.5404040404040404,0.5959595959595959,-0.48484848484848486,0.6262626262626263,-0.4090909090909091,0.6363636363636364,-0.3838383838383838,0.4090909090909091,-0.3939393939393939,0.6919191919191919,-0.3888888888888889,0.8080808080808081,-0.3484848484848485,0.8838383838383839,-0.3383838383838384,0.4797979797979798,-0.23737373737373738,0.7171717171717171,-0.3181818181818182,0.8636363636363636,-0.3383838383838384,1.0,-0.3686868686868687
2,0.0,0.0,-0.031746031746031744,-0.23809523809523808,-0.005291005291005291,-0.4497354497354497,0.026455026455026454,-0.6031746031746031,0.031746031746031744,-0.7301587301587301,0.25396825396825395,-0.6243386243386243,0.5185185185185185,-0.7777777777777778,0.6613756613756614,-0.873015873015873,0.7724867724867724,-0.9576719576719577,0.328042328042328,-0.5502645502645502,0.582010582010582,-0.4708994708994709,0.5555555555555556,-0.37566137566137564,0.5079365079365079,-0.3492063492063492,0.4021164021164021,-0.4074074074074074,0.656084656084656,-0.37037037037037035,0.6666666666666666,-0.2804232804232804,0.6507936507936508,-0.24338624338624337,0.4708994708994709,-0.25396825396825395,0.7195767195767195,-0.3333333333333333,0.8677248677248677,-0.36507936507936506,1.0,-0.4074074074074074
2,0.0,0.0,-0.03763440860215054,-0.24193548387096775,-0.016129032258064516,-0.45161290322580644,0.010752688172043012,-0.5913978494623656,0.016129032258064516,-0.7096774193548387,0.22580645161290322,-0.6344086021505376,0.478494623655914,-0.8010752688172043,0.6182795698924731,-0.8978494623655914,0.7258064516129032,-0.9838709677419355,0.3064516129032258,-0.5698924731182796,0.5645161290322581,-0.5,0.5053763440860215,-0.3924731182795699,0.41935483870967744,-0.3602150537634409,0.3870967741935484,-0.43548387096774194,0.6075268817204301,-0.3870967741935484,0.543010752688172,-0.2903225806451613,0.46774193548387094,-0.26344086021505375,0.46236559139784944,-0.27419354838709675,0.7204301075268817,-0.3763440860215054,0.8709677419354839,-0.4032258064516129,1.0,-0.44623655913978494
2,0.0,0.0,-0.06451612903225806,-0.22043010752688172,-0.07526881720430108,-0.41397849462365593,-0.05913978494623656,-0.5376344086021505,-0.06451612903225806,-0.6290322580645161,0.13978494623655913,-0.6290322580645161,0.3655913978494624,-0.8010752688172043,0.478494623655914,-0.9086021505376344,0.5698924731182796,-1.0,0.23118279569892472,-0.5806451612903226,0.489247311827957,-0.532258064516129,0.44623655913978494,-0.41397849462365593,0.3763440860215054,-0.3709677419354839,0.3225806451612903,-0.46236559139784944,0.5483870967741935,-0.43010752688172044,0.5053763440860215,-0.3118279569892473,0.44086021505376344,-0.26881720430107525,0.41935483870967744,-0.3118279569892473,0.6559139784946236,-0.44623655913978494,0.7903225806451613,-0.4946236559139785,0.9032258064516129,-0.5483870967741935
2,0.0,0.0,-0.07526881720430108,-0.22043010752688172,-0.08602150537634409,-0.3978494623655914,-0.08064516129032258,-0.5161290322580645,-0.08064516129032258,-0.6129032258064516,0.11827956989247312,-0.6182795698924731,0.3333333333333333,-0.8010752688172043,0.45161290322580644,-0.9086021505376344,0.543010752688172,-1.0,0.20967741935483872,-0.5752688172043011,0.46774193548387094,-0.543010752688172,0.43548387096774194,-0.43010752688172044,0.3655913978494624,-0.3817204301075269,0.3064516129032258,-0.46236559139784944,0.532258064516129,-0.44623655913978494,0.5053763440860215,-0.3333333333333333,0.44623655913978494,-0.2903225806451613,0.41397849462365593,-0.3172043010752688,0.6397849462365591,-0.45698924731182794,0.7741935483870968,-0.5053763440860215,0.8817204301075269,-0.5591397849462365
2,0.0,0.0,-0.08808290155440414,-0.19689119170984457,-0.11398963730569948,-0.37823834196891193,-0.11398963730569948,-0.5025906735751295,-0.11398963730569948,-0.5958549222797928,0.08290155440414508,-0.6062176165803109,0.2694300518134715,-0.7979274611398963,0.37305699481865284,-0.9067357512953368,0.45077720207253885,-1.0,0.17616580310880828,-0.5647668393782384,0.41450777202072536,-0.5595854922279793,0.38341968911917096,-0.44559585492227977,0.3160621761658031,-0.39896373056994816,0.27979274611398963,-0.45595854922279794,0.48186528497409326,-0.45595854922279794,0.44559585492227977,-0.3471502590673575,0.38341968911917096,-0.30569948186528495,0.37823834196891193,-0.32124352331606215,0.5906735751295337,-0.47150259067357514,0.7150259067357513,-0.533678756476684,0.8082901554404145,-0.6010362694300518
2,0.0,0.0,-0.09375,-0.19270833333333334,-0.125,-0.3697916666666667,-0.125,-0.4895833333333333,-0.13541666666666666,-0.5833333333333334,0.078125,-0.59375,0.265625,-0.7864583333333334,0.3697916666666667,-0.90625,0.453125,-1.0,0.171875,-0.5625,0.4322916666666667,-0.5364583333333334,0.4114583333333333,-0.4166666666666667,0.34375,-0.3541666666666667,0.2760416666666667,-0.4635416666666667,0.5052083333333334,-0.4322916666666667,0.484375,-0.3020833333333333,0.4322916666666667,-0.23958333333333334,0.3854166666666667,-0.3385416666666667,0.59375,-0.4635416666666667,0.71875,-0.5208333333333334,0.8229166666666666,-0.578125
2,0.0,0.0,-0.08290155440414508,-0.19689119170984457,-0.11398963730569948,-0.37823834196891193,-0.10362694300518134,-0.5025906735751295,-0.10362694300518134,-0.6010362694300518,0.08290155440414508,-0.6010362694300518,0.27461139896373055,-0.7875647668393783,0.37823834196891193,-0.9015544041450777,0.45595854922279794,-1.0,0.17616580310880828,-0.5647668393782384,0.42487046632124353,-0.533678756476684,0.39896373056994816,-0.41450777202072536,0.3316062176165803,-0.35751295336787564,0.27461139896373055,-0.45595854922279794,0.49222797927461137,-0.44041450777202074,0.47150259067357514,-0.32124352331606215,0.41450777202072536,-0.26424870466321243,0.37823834196891193,-0.32642487046632124,0.5854922279792746,-0.46632124352331605,0.7150259067357513,-0.5284974093264249,0.8186528497409327,-0.5906735751295337
2,0.0,0.0,-0.09090909090909091,-0.21390374331550802,-0.11764705882352941,-0.39037433155080214,-0.10695187165775401,-0.5080213903743316,-0.10160427807486631,-0.5935828877005348,0.0748663101604278,-0.6042780748663101,0.26737967914438504,-0.7914438502673797,0.37433155080213903,-0.9090909090909091,0.44919786096256686,-1.0,0.1711229946524064,-0.5721925133689839,0.40641711229946526,-0.5401069518716578,0.37967914438502676,-0.4385026737967914,0.31016042780748665,-0.39037433155080214,0.2727272727272727,-0.47058823529411764,0.48128342245989303,-0.45989304812834225,0.44919786096256686,-0.35294117647058826,0.3850267379679144,-0.31016042780748665,0.3850267379679144,-0.34759358288770054,0.5989304812834224,-0.4919786096256685,0.7219251336898396,-0.5454545454545454,0.8181818181818182,-0.5935828877005348
2,0.0,0.0,-0.08602150537634409,-0.21505376344086022,-0.10215053763440861,-0.3924731182795699,-0.08602150537634409,-0.510752688172043,-0.06989247311827956,-0.5967741935483871,0.08602150537634409,-0.5967741935483871,0.27956989247311825,-0.7903225806451613,0.3870967741935484,-0.9032258064516129,0.46774193548387094,-1.0,0.1774193548387097,-0.5645161290322581,0.40860215053763443,-0.5268817204301075,0.3763440860215054,-0.41935483870967744,0.3118279569892473,-0.3709677419354839,0.27956989247311825,-0.46236559139784944,0.478494623655914,-0.44086021505376344,0.44086021505376344,-0.3387096774193548,0.3709677419354839,-0.2956989247311828,0.3870967741935484,-0.3387096774193548,0.6075268817204301,-0.489247311827957,0.7365591397849462,-0.5376344086021505,0.8333333333333334,-0.5860215053763441
2,0.0,0.0,-0.07567567567567568,-0.21621621621621623,-0.0972972972972973,-0.4,-0.08108108108108109,-0.518918918918919,-0.05945945945945946,-0.5945945945945946,0.0918918918918919,-0.6,0.2864864864864865,-0.7891891891891892,0.3945945945945946,-0.9081081081081082,0.4756756756756757,-1.0,0.1783783783783784,-0.5675675675675675,0.43783783783783786,-0.5405405405405406,0.41621621621621624,-0.42702702702702705,0.34594594594594597,-0.372972972972973,0.2756756756756757,-0.4648648648648649,0.5027027027027027,-0.4540540540540541,0.4810810810810811,-0.34054054054054056,0.42162162162162165,-0.2972972972972973,0.3783783783783784,-0.34054054054054056,0.6054054054054054,-0.4810810810810811,0.7297297297297297,-0.5351351351351351,0.8324324324324325,-0.5891891891891892
2,0.0,0.0,-0.07027027027027027,-0.21621621621621623,-0.08648648648648649,-0.3945945945945946,-0.06486486486486487,-0.5135135135135135,-0.03783783783783784,-0.6,0.08108108108108109,-0.6054054054054054,0.2864864864864865,-0.7945945945945946,0.3945945945945946,-0.9081081081081082,0.4756756756756757,-1.0,0.17297297297297298,-0.5675675675675675,0.42702702702702705,-0.5459459459459459,0.40540540540540543,-0.43783783783783786,0.34054054054054056,-0.3891891891891892,0.2756756756756757,-0.4702702702702703,0.4918918918918919,-0.4648648648648649,0.4702702702702703,-0.3567567567567568,0.41621621621621624,-0.31351351351351353,0.3837837837837838,-0.34594594594594597,0.6,-0.4918918918918919,0.7297297297297297,-0.5459459459459459,0.827027027027027,-0.6054054054054054
2,0.0,0.0,-0.05913978494623656,-0.21505376344086022,-0.06451612903225806,-0.3924731182795699,-0.03225806451612903,-0.5161290322580645,0.0,-0.6021505376344086,0.08064516129032258,-0.6021505376344086,0.2956989247311828,-0.7849462365591398,0.3978494623655914,-0.9032258064516129,0.478494623655914,-1.0,0.16666666666666666,-0.5752688172043011,0.44086021505376344,-0.5376344086021505,0.43010752688172044,-0.42473118279569894,0.3655913978494624,-0.3655913978494624,0.26344086021505375,-0.4838709677419355,0.5053763440860215,-0.46236559139784944,0.489247311827957,-0.34408602150537637,0.43548387096774194,-0.2903225806451613,0.3709677419354839,-0.3602150537634409,0.5913978494623656,-0.5,0.7204301075268817,-0.553763440860215,0.8225806451612904,-0.6075268817204301
2,0.0,0.0,-0.03825136612021858,-0.22404371584699453,-0.02185792349726776,-0.4098360655737705,0.0273224043715847,-0.5300546448087432,0.060109289617486336,-0.6010928961748634,0.08743169398907104,-0.6065573770491803,0.31693989071038253,-0.7814207650273224,0.43169398907103823,-0.9016393442622951,0.5081967213114754,-1.0,0.16393442622950818,-0.5792349726775956,0.44808743169398907,-0.5245901639344263,0.44808743169398907,-0.40437158469945356,0.39344262295081966,-0.3442622950819672,0.26229508196721313,-0.4918032786885246,0.5191256830601093,-0.44808743169398907,0.5081967213114754,-0.3224043715846995,0.453551912568306,-0.2677595628415301,0.37158469945355194,-0.3770491803278688,0.6010928961748634,-0.5027322404371585,0.73224043715847,-0.5573770491803278,0.8360655737704918,-0.6120218579234973
2,0.0,0.0,-0.021739130434782608,-0.2391304347826087,0.043478260869565216,-0.44021739130434784,0.16304347826086957,-0.5434782608695652,0.2826086956521739,-0.5760869565217391,0.09239130434782608,-0.6032608695652174,0.30434782608695654,-0.7771739130434783,0.41847826086956524,-0.9021739130434783,0.5,-1.0,0.16304347826086957,-0.5760869565217391,0.46195652173913043,-0.5271739130434783,0.46195652173913043,-0.391304347826087,0.4076086956521739,-0.33152173913043476,0.2608695652173913,-0.4891304347826087,0.5271739130434783,-0.45108695652173914,0.5163043478260869,-0.32065217391304346,0.45652173913043476,-0.2608695652173913,0.358695652173913,-0.3695652173913043,0.5869565217391305,-0.5054347826086957,0.7228260869565217,-0.5652173913043478,0.8260869565217391,-0.625
2,0.0,0.0,-0.0055248618784530384,-0.23756906077348067,0.07734806629834254,-0.43646408839779005,0.20994475138121546,-0.5303867403314917,0.3370165745856354,-0.5414364640883977,0.10497237569060773,-0.5966850828729282,0.3149171270718232,-0.7790055248618785,0.425414364640884,-0.8950276243093923,0.5082872928176796,-1.0,0.1712707182320442,-0.56353591160221,0.4696132596685083,-0.5303867403314917,0.47513812154696133,-0.40331491712707185,0.425414364640884,-0.34806629834254144,0.2596685082872928,-0.47513812154696133,0.5359116022099447,-0.44751381215469616,0.5193370165745856,-0.32044198895027626,0.4530386740331492,-0.27071823204419887,0.35911602209944754,-0.35359116022099446,0.585635359116022,-0.4972375690607735,0.7182320441988951,-0.56353591160221,0.8287292817679558,-0.6243093922651933
2,0.0,0.0,0.15135135135135136,-0.15135135135135136,0.2810810810810811,-0.31351351351351353,0.41081081081081083,-0.3891891891891892,0.4864864864864865,-0.40540540540540543,0.12972972972972974,-0.6054054054054054,0.33513513513513515,-0.772972972972973,0.43243243243243246,-0.8918918918918919,0.5027027027027027,-1.0,0.15135135135135136,-0.5891891891891892,0.4648648648648649,-0.5513513513513514,0.4810810810810811,-0.3945945945945946,0.43783783783783786,-0.31351351351351353,0.21081081081081082,-0.5027027027027027,0.518918918918919,-0.4756756756756757,0.518918918918919,-0.32432432432432434,0.4702702702702703,-0.24324324324324326,0.2918918918918919,-0.3945945945945946,0.5135135135135135,-0.5297297297297298,0.654054054054054,-0.6,0.7675675675675676,-0.6594594594594595
2,0.0,0.0,0.10869565217391304,-0.18478260869565216,0.22826086956521738,-0.358695652173913,0.358695652173913,-0.43478260869565216,0.46195652173913043,-0.43478260869565216,0.14130434782608695,-0.6086956521739131,0.3423913043478261,-0.7771739130434783,0.44021739130434784,-0.8913043478260869,0.5163043478260869,-1.0,0.15217391304347827,-0.5760869565217391,0.47282608695652173,-0.5489130434782609,0.483695652173913,-0.3967391304347826,0.44021739130434784,-0.31521739130434784,0.20652173913043478,-0.4945652173913043,0.5108695652173914,-0.483695652173913,0.5108695652173914,-0.32608695652173914,0.45652173913043476,-0.25,0.27717391304347827,-0.3858695652173913,0.5,-0.5271739130434783,0.6358695652173914,-0.5978260869565217,0.75,-0.6684782608695652
2,0.0,0.0,0.07142857142857142,-0.1978021978021978,0.15934065934065933,-0.3901098901098901,0.24725274725274726,-0.4945054945054945,0.33516483516483514,-0.5439560439560439,0.12087912087912088,-0.5934065934065934,0.32967032967032966,-0.7747252747252747,0.43956043956043955,-0.8956043956043956,0.521978021978022,-1.0,0.13186813186813187,-0.5659340659340659,0.45604395604395603,-0.5659340659340659,0.4835164835164835,-0.4010989010989011,0.43956043956043955,-0.3021978021978022,0.17032967032967034,-0.4945054945054945,0.489010989010989,-0.5054945054945055,0.4835164835164835,-0.34065934065934067,0.4340659340659341,-0.24725274725274726,0.23626373626373626,-0.4065934065934066,0.43956043956043955,-0.5494505494505495,0.5604395604395604,-0.6318681318681318,0.6648351648351648,-0.7087912087912088
2,0.0,0.0,0.15934065934065933,-0.14285714285714285,0.25274725274725274,-0.3076923076923077,0.3241758241758242,-0.4010989010989011,0.3791208791208791,-0.47802197802197804,0.14835164835164835,-0.5879120879120879,0.34065934065934067,-0.7637362637362637,0.43956043956043955,-0.8901098901098901,0.5164835164835165,-1.0,0.12087912087912088,-0.5824175824175825,0.44505494505494503,-0.5384615384615384,0.46153846153846156,-0.3626373626373626,0.42857142857142855,-0.24725274725274726,0.13186813186813187,-0.532967032967033,0.44505494505494503,-0.5,0.45054945054945056,-0.3241758241758242,0.4175824175824176,-0.2087912087912088,0.17582417582417584,-0.46153846153846156,0.36813186813186816,-0.5879120879120879,0.47802197802197804,-0.6593406593406593,0.5824175824175825,-0.7252747252747253
2,0.0,0.0,0.19889502762430938,-0.11049723756906077,0.30386740331491713,-0.26519337016574585,0.3812154696132597,-0.35911602209944754,0.4419889502762431,-0.4419889502762431,0.15469613259668508,-0.5911602209944752,0.35359116022099446,-0.7679558011049724,0.4530386740331492,-0.8895027624309392,0.5248618784530387,-1.0,0.12154696132596685,-0.585635359116022,0.44751381215469616,-0.5359116022099447,0.4585635359116022,-0.35911602209944754,0.4198895027624309,-0.24861878453038674,0.13259668508287292,-0.5414364640883977,0.4585635359116022,-0.4972375690607735,0.44751381215469616,-0.32044198895027626,0.39779005524861877,-0.20994475138121546,0.17679558011049723,-0.4696132596685083,0.3756906077348066,-0.6022099447513812,0.4861878453038674,-0.6795580110497238,0.585635359116022,-0.7569060773480663
2,0.0,0.0,0.23863636363636365,-0.125,0.3409090909090909,-0.3068181818181818,0.4090909090909091,-0.42613636363636365,0.45454545454545453,-0.5340909090909091,0.16477272727272727,-0.6193181818181818,0.375,-0.7784090909090909,0.4659090909090909,-0.8920454545454546,0.5284090909090909,-1.0,0.11363636363636363,-0.6079545454545454,0.42613636363636365,-0.5852272727272727,0.4375,-0.42045454545454547,0.3977272727272727,-0.32386363636363635,0.10795454545454546,-0.5568181818181818,0.42613636363636365,-0.5340909090909091,0.4090909090909091,-0.36363636363636365,0.3522727272727273,-0.26136363636363635,0.13636363636363635,-0.48295454545454547,0.3352272727272727,-0.6193181818181818,0.45454545454545453,-0.7045454545454546,0.5568181818181818,-0.7897727272727273
2,0.0,0.0,0.23333333333333334,-0.12222222222222222,0.3277777777777778,-0.3055555555555556,0.39444444444444443,-0.4222222222222222,0.43333333333333335,-0.5333333333333333,0.1388888888888889,-0.6111111111111112,0.3388888888888889,-0.7722222222222223,0.43333333333333335,-0.8888888888888888,0.49444444444444446,-1.0,0.08888888888888889,-0.6055555555555555,0.40555555555555556,-0.5722222222222222,0.4166666666666667,-0.4,0.37777777777777777,-0.29444444444444445,0.08333333333333333,-0.5555555555555556,0.4,-0.5277777777777778,0.3888888888888889,-0.35555555555555557,0.3388888888888889,-0.25,0.1111111111111111,-0.48333333333333334,0.3,-0.6222222222222222,0.4111111111111111,-0.7166666666666667,0.5055555555555555,-0.8
2,0.0,0.0,0.23255813953488372,-0.11046511627906977,0.3313953488372093,-0.28488372093023256,0.3953488372093023,-0.42441860465116277,0.4186046511627907,-0.5232558139534884,0.16279069767441862,-0.622093023255814,0.4011627906976744,-0.6744186046511628,0.45348837209302323,-0.5174418604651163,0.436046511627907,-0.4069767441860465,0.12209302325581395,-0.6395348837209303,0.42441860465116277,-0.6453488372093024,0.4476744186046512,-0.4418604651162791,0.4069767441860465,-0.313953488372093,0.11046511627906977,-0.622093023255814,0.42441860465116277,-0.6162790697674418,0.43023255813953487,-0.4186046511627907,0.37209302325581395,-0.29651162790697677,0.12209302325581395,-0.5755813953488372,0.32558139534883723,-0.7674418604651163,0.436046511627907,-0.8837209302325582,0.5290697674418605,-1.0
2,0.0,0.0,-0.09883720930232558,-0.13953488372093023,-0.23837209302325582,-0.32558139534883723,-0.3372093023255814,-0.45348837209302323,-0.3430232558139535,-0.5988372093023255,-0.45348837209302323,-0.313953488372093,-0.7093023255813954,-0.3953488372093023,-0.872093023255814,-0.4476744186046512,-1.0,-0.4941860465116279,-0.45930232558139533,-0.22674418604651161,-0.6918604651162791,-0.06976744186046512,-0.5697674418604651,-0.01744186046511628,-0.4883720930232558,-0.040697674418604654,-0.436046511627907,-0.09302325581395349,-0.6337209302325582,0.05813953488372093,-0.5406976744186046,0.09302325581395349,-0.45348837209302323,0.06395348837209303,-0.4127906976744186,0.05813953488372093,-0.622093023255814,0.11046511627906977,-0.7383720930232558,0.16279069767441862,-0.8488372093023255,0.18604651162790697
2,0.0,0.0,-0.10465116279069768,-0.14534883720930233,-0.2441860465116279,-0.32558139534883723,-0.3546511627906977,-0.4418604651162791,-0.36627906976744184,-0.5813953488372093,-0.45348837209302323,-0.3313953488372093,-0.7093023255813954,-0.4127906976744186,-0.872093023255814,-0.45930232558139533,-1.0,-0.5058139534883721,-0.45348837209302323,-0.25,-0.7093023255813954,-0.0872093023255814,-0.5872093023255814,-0.023255813953488372,-0.5058139534883721,-0.040697674418604654,-0.436046511627907,-0.12209302325581395,-0.6511627906976745,0.040697674418604654,-0.5523255813953488,0.08139534883720931,-0.45930232558139533,0.05232558139534884,-0.4186046511627907,0.029069767441860465,-0.627906976744186,0.09883720930232558,-0.7441860465116279,0.1569767441860465,-0.8546511627906976,0.18023255813953487
2,0.0,0.0,-0.10465116279069768,-0.14534883720930233,-0.2441860465116279,-0.32558139534883723,-0.36046511627906974,-0.4476744186046512,-0.37209302325581395,-0.5930232558139535,-0.45348837209302323,-0.3313953488372093,-0.7093023255813954,-0.4186046511627907,-0.872093023255814,-0.46511627906976744,-1.0,-0.5058139534883721,-0.45348837209302323,-0.2441860465116279,-0.7093023255813954,-0.08139534883720931,-0.5930232558139535,-0.01744186046511628,-0.5058139534883721,-0.040697674418604654,-0.43023255813953487,-0.11046511627906977,-0.6511627906976745,0.05232558139534884,-0.5523255813953488,0.0872093023255814,-0.46511627906976744,0.06395348837209303,-0.4069767441860465,0.040697674418604654,-0.6162790697674418,0.09883720930232558,-0.7383720930232558,0.1511627906976744,-0.8546511627906976,0.1686046511627907
2,0.0,0.0,-0.11494252873563218,-0.14367816091954022,-0.26436781609195403,-0.3160919540229885,-0.3735632183908046,-0.4425287356321839,-0.39080459770114945,-0.5804597701149425,-0.4482758620689655,-0.3160919540229885,-0.7068965517241379,-0.40229885057471265,-0.867816091954023,-0.45977011494252873,-1.0,-0.5057471264367817,-0.4482758620689655,-0.22988505747126436,-0.7126436781609196,-0.08620689655172414,-0.5977011494252874,-0.028735632183908046,-0.5172413793103449,-0.04597701149425287,-0.43103448275862066,-0.09770114942528736,-0.6551724137931034,0.05172413793103448,-0.5689655172413793,0.08620689655172414,-0.47701149425287354,0.06321839080459771,-0.40804597701149425,0.05747126436781609,-0.6206896551724138,0.10344827586206896,-0.7413793103448276,0.15517241379310345,-0.8563218390804598,0.1724137931034483
2,0.0,0.0,-0.11560693641618497,-0.14450867052023122,-0.2658959537572254,-0.3179190751445087,-0.3930635838150289,-0.4393063583815029,-0.4046242774566474,-0.5895953757225434,-0.4393063583815029,-0.32947976878612717,-0.7052023121387283,-0.4161849710982659,-0.8728323699421965,-0.4624277456647399,-1.0,-0.5028901734104047,-0.44508670520231214,-0.24277456647398843,-0.7109826589595376,-0.08670520231213873,-0.5953757225433526,-0.023121387283236993,-0.5144508670520231,-0.046242774566473986,-0.4277456647398844,-0.10982658959537572,-0.653179190751445,0.05202312138728324,-0.5606936416184971,0.08670520231213873,-0.47398843930635837,0.06358381502890173,-0.41040462427745666,0.046242774566473986,-0.6242774566473989,0.10404624277456648,-0.7398843930635838,0.15606936416184972,-0.8497109826589595,0.1791907514450867
2,0.0,0.0,-0.11428571428571428,-0.14285714285714285,-0.26857142857142857,-0.32,-0.3942857142857143,-0.44,-0.4114285714285714,-0.5828571428571429,-0.44571428571428573,-0.3314285714285714,-0.7085714285714285,-0.4057142857142857,-0.8685714285714285,-0.45714285714285713,-1.0,-0.5028571428571429,-0.4514285714285714,-0.24571428571428572,-0.7142857142857143,-0.09142857142857143,-0.6,-0.02857142857142857,-0.52,-0.05142857142857143,-0.42857142857142855,-0.10857142857142857,-0.6571428571428571,0.04,-0.5714285714285714,0.08,-0.48,0.05714285714285714,-0.4114285714285714,0.045714285714285714,-0.6171428571428571,0.09714285714285714,-0.7371428571428571,0.15428571428571428,-0.8514285714285714,0.17142857142857143
2,0.0,0.0,-0.12429378531073447,-0.13559322033898305,-0.2937853107344633,-0.3050847457627119,-0.4180790960451977,-0.423728813559322,-0.4350282485875706,-0.5706214689265536,-0.4576271186440678,-0.3220338983050847,-0.7175141242937854,-0.4067796610169492,-0.8757062146892656,-0.4576271186440678,-1.0,-0.4971751412429379,-0.4576271186440678,-0.23728813559322035,-0.7231638418079096,-0.0903954802259887,-0.615819209039548,-0.02824858757062147,-0.5310734463276836,-0.04519774011299435,-0.4406779661016949,-0.10734463276836158,-0.6666666666666666,0.04519774011299435,-0.576271186440678,0.07909604519774012,-0.4858757062146893,0.05649717514124294,-0.4124293785310734,0.04519774011299435,-0.6214689265536724,0.1016949152542373,-0.7401129943502824,0.14689265536723164,-0.8531073446327684,0.1694915254237288
2,0.0,0.0,-0.12209302325581395,-0.13953488372093023,-0.27906976744186046,-0.313953488372093,-0.4069767441860465,-0.436046511627907,-0.4476744186046512,-0.5755813953488372,-0.436046511627907,-0.32558139534883723,-0.7034883720930233,-0.4069767441860465,-0.8662790697674418,-0.45930232558139533,-1.0,-0.5,-0.42441860465116277,-0.2441860465116279,-0.7093023255813954,-0.0755813953488372,-0.6046511627906976,-0.005813953488372093,-0.5290697674418605,-0.023255813953488372,-0.4011627906976744,-0.11046511627906977,-0.6511627906976745,0.05232558139534884,-0.5581395348837209,0.09883720930232558,-0.47674418604651164,0.0755813953488372,-0.37790697674418605,0.040697674418604654,-0.5872093023255814,0.11046511627906977,-0.7093023255813954,0.16279069767441862,-0.8255813953488372,0.18604651162790697
2,0.0,0.0,-0.13259668508287292,-0.1270718232044199,-0.2983425414364641,-0.2983425414364641,-0.430939226519337,-0.4198895027624309,-0.4696132596685083,-0.5580110497237569,-0.4530386740331492,-0.287292817679558,-0.712707182320442,-0.35911602209944754,-0.8729281767955801,-0.4088397790055249,-1.0,-0.4419889502762431,-0.430939226519337,-0.20441988950276244,-0.7016574585635359,-0.027624309392265192,-0.5966850828729282,0.03867403314917127,-0.5193370165745856,0.016574585635359115,-0.39779005524861877,-0.0718232044198895,-0.6298342541436464,0.09944751381215469,-0.5469613259668509,0.13812154696132597,-0.46408839779005523,0.11602209944751381,-0.36464088397790057,0.0718232044198895,-0.56353591160221,0.14917127071823205,-0.6795580110497238,0.20994475138121546,-0.7900552486187845,0.23756906077348067
2,0.0,0.0,-0.1457286432160804,-0.11055276381909548,-0.3316582914572864,-0.23618090452261306,-0.4723618090452261,-0.3316582914572864,-0.5276381909547738,-0.45226130653266333,-0.49246231155778897,-0.1306532663316583,-0.7336683417085427,-0.11557788944723618,-0.8844221105527639,-0.12562814070351758,-1.0,-0.12060301507537688,-0.457286432160804,-0.04020100502512563,-0.6381909547738693,0.1658291457286432,-0.5175879396984925,0.1708542713567839,-0.4472361809045226,0.12060301507537688,-0.39195979899497485,0.07537688442211055,-0.5477386934673367,0.2613065326633166,-0.457286432160804,0.25125628140703515,-0.3869346733668342,0.20603015075376885,-0.32663316582914576,0.19597989949748743,-0.49246231155778897,0.3165829145728643,-0.5879396984924623,0.39195979899497485,-0.6834170854271356,0.4472361809045226
2,0.0,0.0,-0.15609756097560976,-0.08780487804878048,-0.37073170731707317,-0.18048780487804877,-0.526829268292683,-0.25365853658536586,-0.5951219512195122,-0.375609756097561,-0.5073170731707317,-0.02926829268292683,-0.7414634146341463,0.05853658536585366,-0.8878048780487805,0.11219512195121951,-1.0,0.15609756097560976,-0.4634146341463415,0.06829268292682927,-0.5756097560975609,0.2926829268292683,-0.45365853658536587,0.2682926829268293,-0.3902439024390244,0.2048780487804878,-0.375609756097561,0.17560975609756097,-0.47317073170731705,0.3804878048780488,-0.3804878048780488,0.3463414634146341,-0.3170731707317073,0.2780487804878049,-0.28292682926829266,0.28780487804878047,-0.4146341463414634,0.43414634146341463,-0.4878048780487805,0.5365853658536586,-0.5707317073170731,0.6195121951219512
2,0.0,0.0,-0.19095477386934673,-0.09045226130653267,-0.4221105527638191,-0.1457286432160804,-0.5879396984924623,-0.19095477386934673,-0.6834170854271356,-0.2914572864321608,-0.5276381909547738,0.035175879396984924,-0.7537688442211056,0.15577889447236182,-0.8944723618090452,0.23115577889447236,-1.0,0.2914572864321608,-0.46733668341708545,0.1407035175879397,-0.5628140703517588,0.35678391959798994,-0.457286432160804,0.31155778894472363,-0.4020100502512563,0.24120603015075376,-0.36180904522613067,0.23618090452261306,-0.45226130653266333,0.4371859296482412,-0.37185929648241206,0.3969849246231156,-0.31155778894472363,0.32160804020100503,-0.24623115577889448,0.32663316582914576,-0.35678391959798994,0.49748743718592964,-0.4120603015075377,0.6180904522613065,-0.4723618090452261,0.7085427135678392
2,0.0,0.0,-0.18181818181818182,-0.08585858585858586,-0.41919191919191917,-0.13636363636363635,-0.5909090909090909,-0.17676767676767677,-0.6868686868686869,-0.2727272727272727,-0.5202020202020202,0.04040404040404041,-0.7474747474747475,0.16161616161616163,-0.8939393939393939,0.24242424242424243,-1.0,0.30808080808080807,-0.45454545454545453,0.13636363636363635,-0.5505050505050505,0.3787878787878788,-0.4393939393939394,0.3383838383838384,-0.3939393939393939,0.26262626262626265,-0.35353535353535354,0.23232323232323232,-0.4444444444444444,0.4595959595959596,-0.36363636363636365,0.41919191919191917,-0.30808080808080807,0.3484848484848485,-0.23737373737373738,0.3282828282828283,-0.35858585858585856,0.5050505050505051,-0.4090909090909091,0.6212121212121212,-0.46464646464646464,0.7121212121212122
2,0.0,0.0,-0.18556701030927836,-0.07731958762886598,-0.4329896907216495,-0.13402061855670103,-0.6082474226804123,-0.17525773195876287,-0.6958762886597938,-0.27835051546391754,-0.520618556701031,0.061855670103092786,-0.7474226804123711,0.18556701030927836,-0.8917525773195877,0.26804123711340205,-1.0,0.32989690721649484,-0.4484536082474227,0.15463917525773196,-0.5515463917525774,0.4020618556701031,-0.44329896907216493,0.3556701030927835,-0.39690721649484534,0.27835051546391754,-0.3402061855670103,0.24742268041237114,-0.4381443298969072,0.4845360824742268,-0.36082474226804123,0.44329896907216493,-0.30412371134020616,0.36082474226804123,-0.22164948453608246,0.33505154639175255,-0.3402061855670103,0.5154639175257731,-0.4020618556701031,0.6391752577319587,-0.4639175257731959,0.7319587628865979
2,0.0,0.0,-0.19072164948453607,-0.07216494845360824,-0.44329896907216493,-0.11855670103092783,-0.6288659793814433,-0.15463917525773196,-0.7268041237113402,-0.25773195876288657,-0.5154639175257731,0.06701030927835051,-0.7474226804123711,0.20103092783505155,-0.8917525773195877,0.28865979381443296,-1.0,0.3556701030927835,-0.44329896907216493,0.15979381443298968,-0.5515463917525774,0.4175257731958763,-0.44329896907216493,0.36597938144329895,-0.39690721649484534,0.28865979381443296,-0.33505154639175255,0.25257731958762886,-0.4329896907216495,0.4948453608247423,-0.3556701030927835,0.4484536082474227,-0.29896907216494845,0.36597938144329895,-0.211340206185567,0.3402061855670103,-0.32989690721649484,0.5257731958762887,-0.3865979381443299,0.6494845360824743,-0.4484536082474227,0.7474226804123711
2,0.0,0.0,-0.19148936170212766,-0.07446808510638298,-0.44680851063829785,-0.11702127659574468,-0.6329787234042553,-0.15425531914893617,-0.7393617021276596,-0.26063829787234044,-0.5159574468085106,0.0851063829787234,-0.75,0.22872340425531915,-0.8936170212765957,0.324468085106383,-1.0,0.40425531914893614,-0.43617021276595747,0.18617021276595744,-0.5372340425531915,0.4308510638297872,-0.4308510638297872,0.3776595744680851,-0.3882978723404255,0.2978723404255319,-0.3191489361702128,0.2712765957446808,-0.4148936170212766,0.5106382978723404,-0.3404255319148936,0.4574468085106383,-0.28191489361702127,0.3776595744680851,-0.19680851063829788,0.35638297872340424,-0.30319148936170215,0.5478723404255319,-0.3617021276595745,0.6808510638297872,-0.42021276595744683,0.7819148936170213
2,0.0,0.0,-0.24050632911392406,-0.056962025316455694,-0.45569620253164556,0.012658227848101266,-0.6265822784810127,0.056962025316455694,-0.7341772151898734,0.06329113924050633,-0.5126582278481012,0.3037974683544304,-0.6708860759493671,0.5569620253164557,-0.7721518987341772,0.740506329113924,-0.8354430379746836,0.8860759493670886,-0.35443037974683544,0.3987341772151899,-0.3670886075949367,0.6265822784810127,-0.3037974683544304,0.5316455696202531,-0.2721518987341772,0.43037974683544306,-0.17088607594936708,0.45569620253164556,-0.20253164556962025,0.6645569620253164,-0.16455696202531644,0.5949367088607594,-0.14556962025316456,0.4873417721518987,0.0,0.4873417721518987,-0.05063291139240506,0.7468354430379747,-0.06962025316455696,0.8924050632911392,-0.10759493670886076,1.0
2,0.0,0.0,-0.26785714285714285,-0.03571428571428571,-0.5357142857142857,0.005952380952380952,-0.7440476190476191,0.023809523809523808,-0.8928571428571429,-0.011904761904761904,-0.5535714285714286,0.2857142857142857,-0.7261904761904762,0.5535714285714286,-0.8214285714285714,0.7202380952380952,-0.8869047619047619,0.8511904761904762,-0.4166666666666667,0.3869047619047619,-0.44642857142857145,0.6130952380952381,-0.39285714285714285,0.5238095238095238,-0.375,0.42857142857142855,-0.25,0.44047619047619047,-0.27976190476190477,0.6428571428571429,-0.24404761904761904,0.5654761904761905,-0.2261904761904762,0.47619047619047616,-0.08928571428571429,0.47619047619047616,-0.15476190476190477,0.7142857142857143,-0.17261904761904762,0.8690476190476191,-0.19047619047619047,1.0
2,0.0,0.0,-0.23841059602649006,-0.06622516556291391,-0.4768211920529801,-0.013245033112582781,-0.6754966887417219,0.006622516556291391,-0.8278145695364238,-0.006622516556291391,-0.5099337748344371,0.26490066225165565,-0.6688741721854304,0.5231788079470199,-0.7748344370860927,0.7218543046357616,-0.8344370860927153,0.8807947019867549,-0.3509933774834437,0.3708609271523179,-0.39072847682119205,0.6291390728476821,-0.32450331125827814,0.5298013245033113,-0.2913907284768212,0.423841059602649,-0.16556291390728478,0.4370860927152318,-0.2251655629139073,0.6688741721854304,-0.18543046357615894,0.5827814569536424,-0.15894039735099338,0.47019867549668876,0.006622516556291391,0.47019867549668876,-0.039735099337748346,0.7284768211920529,-0.052980132450331126,0.8807947019867549,-0.08609271523178808,1.0
2,0.0,0.0,-0.2670807453416149,-0.012422360248447204,-0.5714285714285714,0.031055900621118012,-0.782608695652174,0.024844720496894408,-0.937888198757764,-0.055900621118012424,-0.5403726708074534,0.2795031055900621,-0.7142857142857143,0.5652173913043478,-0.8074534161490683,0.7391304347826086,-0.8757763975155279,0.8757763975155279,-0.40372670807453415,0.36645962732919257,-0.42857142857142855,0.6459627329192547,-0.36645962732919257,0.5590062111801242,-0.3416149068322981,0.45962732919254656,-0.2360248447204969,0.422360248447205,-0.2670807453416149,0.6770186335403726,-0.2236024844720497,0.6024844720496895,-0.19875776397515527,0.4968944099378882,-0.06832298136645963,0.45962732919254656,-0.12422360248447205,0.7080745341614907,-0.14285714285714285,0.8695652173913043,-0.16149068322981366,1.0
2,0.0,0.0,-0.2645161290322581,-0.0064516129032258064,-0.5548387096774193,0.04516129032258064,-0.7677419354838709,0.05161290322580645,-0.9225806451612903,-0.03870967741935484,-0.5096774193548387,0.2645161290322581,-0.6709677419354839,0.5741935483870968,-0.7548387096774194,0.7612903225806451,-0.8129032258064516,0.9096774193548387,-0.36129032258064514,0.34838709677419355,-0.38064516129032255,0.6645161290322581,-0.3161290322580645,0.5612903225806452,-0.3032258064516129,0.45161290322580644,-0.18064516129032257,0.3935483870967742,-0.21935483870967742,0.6903225806451613,-0.18064516129032257,0.6193548387096774,-0.16129032258064516,0.5096774193548387,-0.0064516129032258064,0.4258064516129032,-0.06451612903225806,0.6967741935483871,-0.0967741935483871,0.864516129032258,-0.12258064516129032,1.0
2,0.0,0.0,-0.2532467532467532,0.006493506493506494,-0.5454545454545454,0.07142857142857142,-0.7662337662337663,0.08441558441558442,-0.935064935064935,0.006493506493506494,-0.487012987012987,0.2662337662337662,-0.6298701298701299,0.5844155844155844,-0.7077922077922078,0.7727272727272727,-0.7662337662337663,0.9285714285714286,-0.33116883116883117,0.33766233766233766,-0.35064935064935066,0.6818181818181818,-0.2987012987012987,0.5584415584415584,-0.2987012987012987,0.44155844155844154,-0.14935064935064934,0.37662337662337664,-0.17532467532467533,0.6948051948051948,-0.14935064935064934,0.6038961038961039,-0.13636363636363635,0.4805194805194805,0.032467532467532464,0.4155844155844156,-0.032467532467532464,0.6948051948051948,-0.05844155844155844,0.8636363636363636,-0.07792207792207792,1.0
2,0.0,0.0,-0.2696629213483146,0.033707865168539325,-0.5280898876404494,0.12359550561797752,-0.7415730337078652,0.12921348314606743,-0.9044943820224719,0.06741573033707865,-0.449438202247191,0.3146067415730337,-0.5449438202247191,0.6460674157303371,-0.601123595505618,0.8426966292134831,-0.6292134831460674,1.0,-0.28651685393258425,0.38764044943820225,-0.30337078651685395,0.6685393258426966,-0.28651685393258425,0.5730337078651685,-0.2752808988764045,0.46629213483146065,-0.11235955056179775,0.4157303370786517,-0.15730337078651685,0.6910112359550562,-0.15168539325842698,0.6179775280898876,-0.1404494382022472,0.5112359550561798,0.0449438202247191,0.42696629213483145,0.0056179775280898875,0.7078651685393258,0.0,0.8595505617977528,0.011235955056179775,0.9719101123595506
2,0.0,0.0,-0.2857142857142857,0.03296703296703297,-0.5604395604395604,0.12087912087912088,-0.7747252747252747,0.13186813186813187,-0.9285714285714286,0.054945054945054944,-0.45054945054945056,0.3076923076923077,-0.5494505494505495,0.6483516483516484,-0.6098901098901099,0.8461538461538461,-0.6483516483516484,1.0,-0.2802197802197802,0.3791208791208791,-0.3241758241758242,0.6868131868131868,-0.31868131868131866,0.5879120879120879,-0.3076923076923077,0.4725274725274725,-0.1043956043956044,0.4065934065934066,-0.17582417582417584,0.6978021978021978,-0.17582417582417584,0.6208791208791209,-0.15934065934065933,0.510989010989011,0.04945054945054945,0.4230769230769231,0.027472527472527472,0.7087912087912088,0.01098901098901099,0.8626373626373627,-0.005494505494505495,0.989010989010989
2,0.0,0.0,-0.2903225806451613,0.026881720430107527,-0.5806451612903226,0.12903225806451613,-0.8172043010752689,0.12365591397849462,-0.989247311827957,0.053763440860215055,-0.4838709677419355,0.3064516129032258,-0.5806451612903226,0.6559139784946236,-0.6344086021505376,0.8494623655913979,-0.6666666666666666,1.0,-0.3172043010752688,0.3817204301075269,-0.3602150537634409,0.6881720430107527,-0.3548387096774194,0.6021505376344086,-0.3387096774193548,0.489247311827957,-0.14516129032258066,0.41935483870967744,-0.20967741935483872,0.6881720430107527,-0.22043010752688172,0.6236559139784946,-0.20430107526881722,0.521505376344086,0.016129032258064516,0.44623655913978494,-0.04838709677419355,0.6720430107526881,-0.06989247311827956,0.6612903225806451,-0.053763440860215055,0.6236559139784946
2,0.0,0.0,-0.2978723404255319,0.031914893617021274,-0.574468085106383,0.12234042553191489,-0.8031914893617021,0.11702127659574468,-0.9787234042553191,0.047872340425531915,-0.4787234042553192,0.2872340425531915,-0.5851063829787234,0.648936170212766,-0.6382978723404256,0.8457446808510638,-0.6702127659574468,1.0,-0.30319148936170215,0.3617021276595745,-0.3617021276595745,0.6861702127659575,-0.3723404255319149,0.601063829787234,-0.35106382978723405,0.4787234042553192,-0.12234042553191489,0.40425531914893614,-0.2074468085106383,0.6914893617021277,-0.23404255319148937,0.6276595744680851,-0.21808510638297873,0.5159574468085106,0.03723404255319149,0.43617021276595747,-0.031914893617021274,0.675531914893617,-0.06382978723404255,0.6808510638297872,-0.05319148936170213,0.6595744680851063
2,0.0,0.0,-0.2849740932642487,0.015544041450777202,-0.5803108808290155,0.10880829015544041,-0.8186528497409327,0.10880829015544041,-1.0,0.04145077720207254,-0.49222797927461137,0.25906735751295334,-0.6062176165803109,0.6113989637305699,-0.6632124352331606,0.8082901554404145,-0.689119170984456,0.9637305699481865,-0.32124352331606215,0.3471502590673575,-0.38860103626943004,0.6632124352331606,-0.38860103626943004,0.5699481865284974,-0.3626943005181347,0.44041450777202074,-0.14507772020725387,0.39378238341968913,-0.23834196891191708,0.689119170984456,-0.24870466321243523,0.6062176165803109,-0.21761658031088082,0.48704663212435234,0.010362694300518135,0.43005181347150256,-0.06735751295336788,0.6580310880829016,-0.08290155440414508,0.6062176165803109,-0.06217616580310881,0.5284974093264249
2,0.0,0.0,-0.28272251308900526,0.020942408376963352,-0.5654450261780105,0.11518324607329843,-0.7958115183246073,0.11518324607329843,-0.9790575916230366,0.041884816753926704,-0.4607329842931937,0.27225130890052357,-0.5916230366492147,0.6178010471204188,-0.6544502617801047,0.8115183246073299,-0.6910994764397905,0.9738219895287958,-0.2931937172774869,0.3507853403141361,-0.3612565445026178,0.6701570680628273,-0.35602094240837695,0.581151832460733,-0.34554973821989526,0.4712041884816754,-0.12041884816753927,0.39790575916230364,-0.2198952879581152,0.7120418848167539,-0.225130890052356,0.6387434554973822,-0.20418848167539266,0.5340314136125655,0.031413612565445025,0.43455497382198954,-0.031413612565445025,0.7277486910994765,-0.06282722513089005,0.8795811518324608,-0.07853403141361257,1.0
2,0.0,0.0,-0.2894736842105263,0.031578947368421054,-0.5631578947368421,0.12631578947368421,-0.7947368421052632,0.12105263157894737,-0.9736842105263158,0.04736842105263158,-0.4631578947368421,0.29473684210526313,-0.5736842105263158,0.6473684210526316,-0.6368421052631579,0.8368421052631579,-0.6736842105263158,1.0,-0.29473684210526313,0.3736842105263158,-0.35789473684210527,0.6789473684210526,-0.35789473684210527,0.5842105263157895,-0.34210526315789475,0.47368421052631576,-0.11578947368421053,0.41578947368421054,-0.19473684210526315,0.7,-0.21052631578947367,0.6210526315789474,-0.18947368421052632,0.5157894736842106,0.04736842105263158,0.4421052631578947,-0.010526315789473684,0.6947368421052632,-0.04736842105263158,0.7421052631578947,-0.04736842105263158,0.7684210526315789
2,0.0,0.0,-0.18947368421052632,0.09473684210526316,-0.45789473684210524,0.11578947368421053,-0.6736842105263158,0.15789473684210525,-0.8473684210526315,0.24210526315789474,-0.5894736842105263,-0.23684210526315788,-0.7684210526315789,-0.42105263157894735,-0.8789473684210526,-0.5421052631578948,-0.9789473684210527,-0.6578947368421053,-0.5052631578947369,-0.35789473684210527,-0.4052631578947368,-0.46842105263157896,-0.2631578947368421,-0.29473684210526313,-0.22631578947368422,-0.17894736842105263,-0.3894736842105263,-0.4421052631578947,-0.29473684210526313,-0.5263157894736842,-0.18947368421052632,-0.34210526315789475,-0.15263157894736842,-0.2,-0.2578947368421053,-0.5052631578947369,-0.29473684210526313,-0.7263157894736842,-0.28421052631578947,-0.8736842105263158,-0.28421052631578947,-1.0
2,0.0,0.0,-0.19047619047619047,0.08994708994708994,-0.4497354497354497,0.13227513227513227,-0.6666666666666666,0.17989417989417988,-0.8253968253968254,0.2857142857142857,-0.6031746031746031,-0.2328042328042328,-0.783068783068783,-0.4021164021164021,-0.9047619047619048,-0.5291005291005291,-1.0,-0.656084656084656,-0.5185185185185185,-0.3544973544973545,-0.42328042328042326,-0.4656084656084656,-0.2751322751322751,-0.32275132275132273,-0.19047619047619047,-0.21164021164021163,-0.4021164021164021,-0.43915343915343913,-0.30158730158730157,-0.5238095238095238,-0.19047619047619047,-0.37037037037037035,-0.14285714285714285,-0.24867724867724866,-0.2751322751322751,-0.5079365079365079,-0.30687830687830686,-0.708994708994709,-0.291005291005291,-0.8518518518518519,-0.2962962962962963,-0.9788359788359788
2,0.0,0.0,-0.17989417989417988,0.08465608465608465,-0.42857142857142855,0.13227513227513227,-0.6402116402116402,0.17989417989417988,-0.7936507936507936,0.2857142857142857,-0.6084656084656085,-0.2328042328042328,-0.7671957671957672,-0.42857142857142855,-0.8835978835978836,-0.5661375661375662,-0.9735449735449735,-0.6878306878306878,-0.5291005291005291,-0.3544973544973545,-0.41798941798941797,-0.5026455026455027,-0.25396825396825395,-0.3386243386243386,-0.18518518518518517,-0.2275132275132275,-0.42328042328042326,-0.4497354497354497,-0.31216931216931215,-0.5767195767195767,-0.19047619047619047,-0.41798941798941797,-0.13756613756613756,-0.2962962962962963,-0.2962962962962963,-0.5185185185185185,-0.3333333333333333,-0.7248677248677249,-0.31216931216931215,-0.8677248677248677,-0.31216931216931215,-1.0
2,0.0,0.0,-0.18518518518518517,0.08465608465608465,-0.42857142857142855,0.12698412698412698,-0.6402116402116402,0.18518518518518517,-0.7936507936507936,0.30158730158730157,-0.6084656084656085,-0.24338624338624337,-0.7724867724867724,-0.43386243386243384,-0.8888888888888888,-0.5767195767195767,-0.9788359788359788,-0.6984126984126984,-0.5291005291005291,-0.35978835978835977,-0.4126984126984127,-0.5079365079365079,-0.26455026455026454,-0.3333333333333333,-0.2222222222222222,-0.2222222222222222,-0.41798941798941797,-0.455026455026455,-0.31746031746031744,-0.582010582010582,-0.19576719576719576,-0.41798941798941797,-0.15873015873015872,-0.2857142857142857,-0.291005291005291,-0.5185185185185185,-0.32275132275132273,-0.7248677248677249,-0.30687830687830686,-0.873015873015873,-0.30687830687830686,-1.0
2,0.0,0.0,-0.15104166666666666,0.09895833333333333,-0.3697916666666667,0.15104166666666666,-0.5625,0.234375,-0.6927083333333334,0.3645833333333333,-0.5833333333333334,-0.20833333333333334,-0.7864583333333334,-0.375,-0.90625,-0.5,-1.0,-0.609375,-0.5052083333333334,-0.3072916666666667,-0.4479166666666667,-0.4947916666666667,-0.2760416666666667,-0.3854166666666667,-0.19791666666666666,-0.28125,-0.40625,-0.3854166666666667,-0.3645833333333333,-0.5625,-0.22395833333333334,-0.4479166666666667,-0.16666666666666666,-0.328125,-0.3020833333333333,-0.4427083333333333,-0.3697916666666667,-0.6458333333333334,-0.3854166666666667,-0.796875,-0.421875,-0.9270833333333334
2,0.0,0.0,-0.16326530612244897,0.08673469387755102,-0.3673469387755102,0.14795918367346939,-0.5357142857142857,0.22448979591836735,-0.6683673469387755,0.32653061224489793,-0.5561224489795918,-0.1836734693877551,-0.7704081632653061,-0.3163265306122449,-0.9030612244897959,-0.40816326530612246,-1.0,-0.5,-0.4744897959183674,-0.2755102040816326,-0.46938775510204084,-0.4387755102040816,-0.3010204081632653,-0.35714285714285715,-0.1989795918367347,-0.2755102040816326,-0.3826530612244898,-0.3469387755102041,-0.3826530612244898,-0.4897959183673469,-0.2602040816326531,-0.4030612244897959,-0.18877551020408162,-0.3163265306122449,-0.29081632653061223,-0.3979591836734694,-0.3622448979591837,-0.5612244897959183,-0.3877551020408163,-0.6632653061224489,-0.42857142857142855,-0.7551020408163265
2,0.0,0.0,-0.19318181818181818,0.13636363636363635,-0.4375,0.2159090909090909,-0.625,0.2897727272727273,-0.7613636363636364,0.3693181818181818,-0.5909090909090909,-0.11931818181818182,-0.7840909090909091,-0.2215909090909091,-0.9034090909090909,-0.2897727272727273,-1.0,-0.35795454545454547,-0.5056818181818182,-0.23295454545454544,-0.5909090909090909,-0.38636363636363635,-0.4431818181818182,-0.30113636363636365,-0.32954545454545453,-0.2215909090909091,-0.4034090909090909,-0.32954545454545453,-0.4772727272727273,-0.4602272727272727,-0.36363636363636365,-0.36363636363636365,-0.2784090909090909,-0.2840909090909091,-0.2897727272727273,-0.3977272727272727,-0.3693181818181818,-0.5340909090909091,-0.4147727272727273,-0.625,-0.4772727272727273,-0.7102272727272727
2,0.0,0.0,-0.19540229885057472,0.13218390804597702,-0.4482758620689655,0.1896551724137931,-0.6436781609195402,0.25287356321839083,-0.7816091954022989,0.3333333333333333,-0.5919540229885057,-0.15517241379310345,-0.7873563218390804,-0.27586206896551724,-0.9022988505747126,-0.3448275862068966,-1.0,-0.41954022988505746,-0.4942528735632184,-0.26436781609195403,-0.5689655172413793,-0.4367816091954023,-0.4367816091954023,-0.3448275862068966,-0.3390804597701149,-0.25862068965517243,-0.3850574712643678,-0.3505747126436782,-0.43103448275862066,-0.4942528735632184,-0.3218390804597701,-0.39080459770114945,-0.25862068965517243,-0.2988505747126437,-0.27011494252873564,-0.41954022988505746,-0.3563218390804598,-0.5689655172413793,-0.39655172413793105,-0.6666666666666666,-0.4540229885057471,-0.764367816091954
2,0.0,0.0,-0.2,0.11666666666666667,-0.45555555555555555,0.16666666666666666,-0.6555555555555556,0.21666666666666667,-0.8,0.28888888888888886,-0.5944444444444444,-0.18888888888888888,-0.7888888888888889,-0.3055555555555556,-0.9055555555555556,-0.38333333333333336,-1.0,-0.4666666666666667,-0.5,-0.29444444444444445,-0.5666666666666667,-0.45555555555555555,-0.4444444444444444,-0.3611111111111111,-0.35,-0.2722222222222222,-0.3888888888888889,-0.37222222222222223,-0.42777777777777776,-0.5111111111111111,-0.32222222222222224,-0.40555555555555556,-0.2611111111111111,-0.3111111111111111,-0.26666666666666666,-0.43333333333333335,-0.35,-0.5888888888888889,-0.3888888888888889,-0.6888888888888889,-0.4444444444444444,-0.7833333333333333
2,0.0,0.0,-0.20224719101123595,0.12359550561797752,-0.4606741573033708,0.16853932584269662,-0.6629213483146067,0.21348314606741572,-0.8033707865168539,0.29213483146067415,-0.5955056179775281,-0.19101123595505617,-0.7921348314606742,-0.3146067415730337,-0.9044943820224719,-0.39325842696629215,-1.0,-0.47752808988764045,-0.4943820224719101,-0.29213483146067415,-0.5617977528089888,-0.4606741573033708,-0.42696629213483145,-0.3595505617977528,-0.33707865168539325,-0.2696629213483146,-0.38202247191011235,-0.3707865168539326,-0.42696629213483145,-0.5168539325842697,-0.3146067415730337,-0.4101123595505618,-0.24719101123595505,-0.3146067415730337,-0.25280898876404495,-0.42696629213483145,-0.33146067415730335,-0.5898876404494382,-0.3651685393258427,-0.6910112359550562,-0.42134831460674155,-0.7921348314606742
2,0.0,0.0,-0.19444444444444445,0.12222222222222222,-0.45555555555555555,0.17222222222222222,-0.6555555555555556,0.2111111111111111,-0.8,0.2833333333333333,-0.5888888888888889,-0.18333333333333332,-0.7888888888888889,-0.3055555555555556,-0.9055555555555556,-0.38333333333333336,-1.0,-0.4666666666666667,-0.4888888888888889,-0.28888888888888886,-0.5555555555555556,-0.45,-0.4222222222222222,-0.35,-0.32222222222222224,-0.2611111111111111,-0.37777777777777777,-0.36666666666666664,-0.42777777777777776,-0.5055555555555555,-0.31666666666666665,-0.4,-0.25,-0.3055555555555556,-0.25555555555555554,-0.4222222222222222,-0.3333333333333333,-0.5777777777777777,-0.37222222222222223,-0.6777777777777778,-0.42777777777777776,-0.7833333333333333
2,0.0,0.0,-0.2011173184357542,0.11173184357541899,-0.46368715083798884,0.1564245810055866,-0.664804469273743,0.20670391061452514,-0.8156424581005587,0.2737430167597765,-0.5921787709497207,-0.19553072625698323,-0.7821229050279329,-0.3240223463687151,-0.8994413407821229,-0.40782122905027934,-1.0,-0.4860335195530726,-0.49162011173184356,-0.29608938547486036,-0.5363128491620112,-0.45251396648044695,-0.40782122905027934,-0.36312849162011174,-0.31843575418994413,-0.2681564245810056,-0.3743016759776536,-0.37988826815642457,-0.4022346368715084,-0.5083798882681564,-0.29608938547486036,-0.4022346368715084,-0.2346368715083799,-0.30726256983240224,-0.25139664804469275,-0.43575418994413406,-0.3240223463687151,-0.5977653631284916,-0.36312849162011174,-0.7094972067039106,-0.41899441340782123,-0.8100558659217877
2,0.0,0.0,-0.20555555555555555,0.1111111111111111,-0.46111111111111114,0.15,-0.6611111111111111,0.2,-0.8055555555555556,0.2722222222222222,-0.5833333333333334,-0.19444444444444445,-0.7777777777777778,-0.3277777777777778,-0.9,-0.4166666666666667,-1.0,-0.5,-0.48333333333333334,-0.3,-0.5444444444444444,-0.45555555555555555,-0.4166666666666667,-0.3611111111111111,-0.31666666666666665,-0.2722222222222222,-0.37222222222222223,-0.38333333333333336,-0.40555555555555556,-0.5111111111111111,-0.29444444444444445,-0.4111111111111111,-0.2222222222222222,-0.31666666666666665,-0.24444444444444444,-0.4388888888888889,-0.32222222222222224,-0.6,-0.35555555555555557,-0.7055555555555556,-0.40555555555555556,-0.8055555555555556
2,0.0,0.0,-0.2,0.10555555555555556,-0.45555555555555555,0.15,-0.6555555555555556,0.20555555555555555,-0.8055555555555556,0.2722222222222222,-0.5833333333333334,-0.2,-0.7777777777777778,-0.3277777777777778,-0.9,-0.4166666666666667,-1.0,-0.49444444444444446,-0.48333333333333334,-0.3,-0.5333333333333333,-0.45,-0.39444444444444443,-0.35,-0.3,-0.2611111111111111,-0.36666666666666664,-0.37777777777777777,-0.4,-0.5,-0.2833333333333333,-0.4,-0.2222222222222222,-0.3111111111111111,-0.2388888888888889,-0.4388888888888889,-0.3111111111111111,-0.5944444444444444,-0.35,-0.7,-0.4111111111111111,-0.8055555555555556
2,0.0,0.0,-0.2032967032967033,0.09340659340659341,-0.45604395604395603,0.12637362637362637,-0.6593406593406593,0.17032967032967034,-0.8021978021978022,0.24175824175824176,-0.5769230769230769,-0.2032967032967033,-0.7802197802197802,-0.34615384615384615,-0.8956043956043956,-0.43956043956043955,-1.0,-0.532967032967033,-0.47802197802197804,-0.3076923076923077,-0.5274725274725275,-0.45604395604395603,-0.4010989010989011,-0.3626373626373626,-0.3076923076923077,-0.27472527472527475,-0.3626373626373626,-0.38461538461538464,-0.4010989010989011,-0.5164835164835165,-0.2967032967032967,-0.4175824175824176,-0.23076923076923078,-0.3241758241758242,-0.23626373626373626,-0.44505494505494503,-0.3021978021978022,-0.5989010989010989,-0.33516483516483514,-0.7087912087912088,-0.38461538461538464,-0.8076923076923077
2,0.0,0.0,-0.2,0.1,-0.45555555555555555,0.13333333333333333,-0.6611111111111111,0.17777777777777778,-0.8166666666666667,0.24444444444444444,-0.5722222222222222,-0.21666666666666667,-0.7722222222222223,-0.3611111111111111,-0.8944444444444445,-0.45,-1.0,-0.5333333333333333,-0.4666666666666667,-0.32222222222222224,-0.5166666666666667,-0.46111111111111114,-0.39444444444444443,-0.36666666666666664,-0.3,-0.26666666666666666,-0.35,-0.39444444444444443,-0.3888888888888889,-0.5111111111111111,-0.2833333333333333,-0.4111111111111111,-0.2222222222222222,-0.31666666666666665,-0.2222222222222222,-0.45555555555555555,-0.3,-0.6166666666666667,-0.3333333333333333,-0.7222222222222222,-0.3888888888888889,-0.8222222222222222
2,0.0,0.0,-0.20670391061452514,0.09497206703910614,-0.4692737430167598,0.12849162011173185,-0.6759776536312849,0.1787709497206704,-0.8268156424581006,0.24581005586592178,-0.5865921787709497,-0.21787709497206703,-0.7821229050279329,-0.3687150837988827,-0.8994413407821229,-0.4692737430167598,-1.0,-0.5586592178770949,-0.48044692737430167,-0.31843575418994413,-0.5251396648044693,-0.4692737430167598,-0.39664804469273746,-0.36312849162011174,-0.3128491620111732,-0.26256983240223464,-0.36312849162011174,-0.39664804469273746,-0.39664804469273746,-0.5251396648044693,-0.2905027932960894,-0.4134078212290503,-0.2346368715083799,-0.31843575418994413,-0.2346368715083799,-0.4581005586592179,-0.3016759776536313,-0.6201117318435754,-0.33519553072625696,-0.7374301675977654,-0.37988826815642457,-0.8435754189944135
2,0.0,0.0,-0.21142857142857144,0.08,-0.4685714285714286,0.07428571428571429,-0.6514285714285715,0.08571428571428572,-0.8,0.12571428571428572,-0.5714285714285714,-0.2914285714285714,-0.7771428571428571,-0.44571428571428573,-0.8971428571428571,-0.5485714285714286,-1.0,-0.64,-0.46285714285714286,-0.38857142857142857,-0.5428571428571428,-0.4228571428571429,-0.44571428571428573,-0.2914285714285714,-0.3485714285714286,-0.19428571428571428,-0.34285714285714286,-0.46285714285714286,-0.4342857142857143,-0.5028571428571429,-0.38285714285714284,-0.33714285714285713,-0.3314285714285714,-0.21714285714285714,-0.21714285714285714,-0.5142857142857142,-0.3028571428571429,-0.6857142857142857,-0.3657142857142857,-0.7885714285714286,-0.44,-0.8857142857142857
2,0.0,0.0,-0.21951219512195122,0.07926829268292683,-0.4878048780487805,0.07317073170731707,-0.6707317073170732,0.07926829268292683,-0.8170731707317073,0.11585365853658537,-0.5853658536585366,-0.3475609756097561,-0.7804878048780488,-0.5182926829268293,-0.9024390243902439,-0.6280487804878049,-1.0,-0.7195121951219512,-0.47560975609756095,-0.43902439024390244,-0.6402439024390244,-0.4817073170731707,-0.5609756097560976,-0.3170731707317073,-0.4634146341463415,-0.1951219512195122,-0.3597560975609756,-0.5121951219512195,-0.5,-0.5487804878048781,-0.4329268292682927,-0.3597560975609756,-0.36585365853658536,-0.23170731707317074,-0.22560975609756098,-0.5792682926829268,-0.34146341463414637,-0.75,-0.42073170731707316,-0.8475609756097561,-0.5,-0.9512195121951219
2,0.0,0.0,-0.25,0.075,-0.51875,0.04375,-0.7,0.0375,-0.85,0.0375,-0.56875,-0.4,-0.76875,-0.59375,-0.8875,-0.71875,-0.9875,-0.81875,-0.4625,-0.475,-0.64375,-0.5375,-0.5875,-0.35625,-0.50625,-0.20625,-0.3375,-0.5375,-0.50625,-0.5875,-0.475,-0.3875,-0.425,-0.2375,-0.2125,-0.59375,-0.33125,-0.7875,-0.41875,-0.9,-0.5125,-1.0
2,0.0,0.0,-0.23391812865497075,0.05847953216374269,-0.5029239766081871,0.005847953216374269,-0.6842105263157895,-0.017543859649122806,-0.8245614035087719,-0.011695906432748537,-0.52046783625731,-0.4152046783625731,-0.7076023391812866,-0.6198830409356725,-0.8128654970760234,-0.7485380116959064,-0.9005847953216374,-0.8596491228070176,-0.4152046783625731,-0.4853801169590643,-0.5847953216374269,-0.5614035087719298,-0.5263157894736842,-0.3742690058479532,-0.4502923976608187,-0.2222222222222222,-0.29239766081871343,-0.5380116959064327,-0.4502923976608187,-0.5906432748538012,-0.39766081871345027,-0.38596491228070173,-0.34502923976608185,-0.23976608187134502,-0.15204678362573099,-0.5789473684210527,-0.25146198830409355,-0.783625730994152,-0.32748538011695905,-0.8947368421052632,-0.4093567251461988,-1.0
2,0.0,0.0,-0.23837209302325582,0.05232558139534884,-0.5058139534883721,-0.005813953488372093,-0.686046511627907,-0.040697674418604654,-0.8313953488372093,-0.046511627906976744,-0.5348837209302325,-0.42441860465116277,-0.7209302325581395,-0.6337209302325582,-0.8255813953488372,-0.7616279069767442,-0.9127906976744186,-0.877906976744186,-0.4186046511627907,-0.4941860465116279,-0.5813953488372093,-0.5697674418604651,-0.5348837209302325,-0.38372093023255816,-0.45930232558139533,-0.22674418604651161,-0.29069767441860467,-0.5406976744186046,-0.4418604651162791,-0.5930232558139535,-0.4069767441860465,-0.38953488372093026,-0.37209302325581395,-0.2441860465116279,-0.1569767441860465,-0.5813953488372093,-0.2558139534883721,-0.7732558139534884,-0.32558139534883723,-0.8895348837209303,-0.4069767441860465,-1.0
2,0.0,0.0,-0.24277456647398843,0.046242774566473986,-0.49710982658959535,-0.017341040462427744,-0.6705202312138728,-0.057803468208092484,-0.8092485549132948,-0.06358381502890173,-0.5144508670520231,-0.4277456647398844,-0.6878612716763006,-0.6358381502890174,-0.791907514450867,-0.7687861271676301,-0.8786127167630058,-0.8786127167630058,-0.3988439306358382,-0.48554913294797686,-0.5664739884393064,-0.5606936416184971,-0.5375722543352601,-0.37572254335260113,-0.47398843930635837,-0.2254335260115607,-0.27167630057803466,-0.5317919075144508,-0.4277456647398844,-0.5838150289017341,-0.41040462427745666,-0.3815028901734104,-0.37572254335260113,-0.23699421965317918,-0.14450867052023122,-0.5664739884393064,-0.23699421965317918,-0.7687861271676301,-0.31213872832369943,-0.884393063583815,-0.3930635838150289,-1.0
2,0.0,0.0,-0.2485207100591716,0.047337278106508875,-0.5029585798816568,-0.011834319526627219,-0.6804733727810651,-0.05325443786982249,-0.8224852071005917,-0.0650887573964497,-0.514792899408284,-0.4260355029585799,-0.7041420118343196,-0.6568047337278107,-0.8106508875739645,-0.7869822485207101,-0.8994082840236687,-0.8994082840236687,-0.40828402366863903,-0.48520710059171596,-0.591715976331361,-0.5621301775147929,-0.5502958579881657,-0.3727810650887574,-0.4911242603550296,-0.21893491124260356,-0.2781065088757396,-0.5325443786982249,-0.44970414201183434,-0.5857988165680473,-0.42011834319526625,-0.378698224852071,-0.3727810650887574,-0.23668639053254437,-0.14792899408284024,-0.5739644970414202,-0.24260355029585798,-0.7751479289940828,-0.3254437869822485,-0.893491124260355,-0.42011834319526625,-1.0
2,0.0,0.0,-0.24260355029585798,0.04142011834319527,-0.5088757396449705,-0.029585798816568046,-0.6863905325443787,-0.07100591715976332,-0.834319526627219,-0.07692307692307693,-0.5266272189349113,-0.4437869822485207,-0.7041420118343196,-0.6686390532544378,-0.8106508875739645,-0.7988165680473372,-0.8994082840236687,-0.9053254437869822,-0.40828402366863903,-0.5088757396449705,-0.591715976331361,-0.5680473372781065,-0.5443786982248521,-0.3668639053254438,-0.46745562130177515,-0.21301775147928995,-0.28402366863905326,-0.5562130177514792,-0.44970414201183434,-0.5976331360946746,-0.41420118343195267,-0.38461538461538464,-0.3668639053254438,-0.23668639053254437,-0.14792899408284024,-0.5976331360946746,-0.25443786982248523,-0.7928994082840237,-0.3431952662721893,-0.8994082840236687,-0.4378698224852071,-1.0
2,0.0,0.0,-0.2485207100591716,0.04142011834319527,-0.514792899408284,-0.03550295857988166,-0.6923076923076923,-0.07692307692307693,-0.834319526627219,-0.08284023668639054,-0.5325443786982249,-0.4437869822485207,-0.7159763313609467,-0.6745562130177515,-0.8224852071005917,-0.8047337278106509,-0.9112426035502958,-0.9112426035502958,-0.41420118343195267,-0.5088757396449705,-0.6035502958579881,-0.5739644970414202,-0.5562130177514792,-0.3727810650887574,-0.47928994082840237,-0.21893491124260356,-0.28402366863905326,-0.5562130177514792,-0.46153846153846156,-0.5976331360946746,-0.4260355029585799,-0.38461538461538464,-0.378698224852071,-0.24260355029585798,-0.14792899408284024,-0.591715976331361,-0.25443786982248523,-0.7928994082840237,-0.34911242603550297,-0.8994082840236687,-0.4437869822485207,-1.0
2,0.0,0.0,-0.2441860465116279,0.046511627906976744,-0.5174418604651163,-0.03488372093023256,-0.6918604651162791,-0.0755813953488372,-0.8488372093023255,-0.09302325581395349,-0.5348837209302325,-0.4476744186046512,-0.7151162790697675,-0.6686046511627907,-0.8255813953488372,-0.7965116279069767,-0.9186046511627907,-0.9069767441860465,-0.4186046511627907,-0.5116279069767442,-0.6046511627906976,-0.5697674418604651,-0.5523255813953488,-0.37209302325581395,-0.47093023255813954,-0.22093023255813954,-0.29069767441860467,-0.5581395348837209,-0.46511627906976744,-0.5930232558139535,-0.42441860465116277,-0.38372093023255816,-0.37790697674418605,-0.23837209302325582,-0.16279069767441862,-0.5988372093023255,-0.26744186046511625,-0.7906976744186046,-0.3546511627906977,-0.8953488372093024,-0.4476744186046512,-1.0
2,0.0,0.0,-0.2573099415204678,0.04093567251461988,-0.52046783625731,-0.03508771929824561,-0.7017543859649122,-0.07602339181286549,-0.8538011695906432,-0.0935672514619883,-0.5380116959064327,-0.4502923976608187,-0.7251461988304093,-0.672514619883041,-0.8304093567251462,-0.8070175438596491,-0.9239766081871345,-0.9122807017543859,-0.42105263157894735,-0.5146198830409356,-0.6023391812865497,-0.5555555555555556,-0.5497076023391813,-0.36257309941520466,-0.47953216374269003,-0.21637426900584794,-0.29239766081871343,-0.5614035087719298,-0.4678362573099415,-0.5906432748538012,-0.4269005847953216,-0.38011695906432746,-0.38011695906432746,-0.23391812865497075,-0.15789473684210525,-0.5964912280701754,-0.2631578947368421,-0.7953216374269005,-0.3567251461988304,-0.9064327485380117,-0.45614035087719296,-1.0
2,0.0,0.0,-0.24855491329479767,0.046242774566473986,-0.5144508670520231,-0.03468208092485549,-0.6936416184971098,-0.08092485549132948,-0.838150289017341,-0.10404624277456648,-0.5260115606936416,-0.44508670520231214,-0.7109826589595376,-0.6705202312138728,-0.8208092485549133,-0.7976878612716763,-0.9075144508670521,-0.9075144508670521,-0.41040462427745666,-0.5086705202312138,-0.6011560693641619,-0.5722543352601156,-0.5606936416184971,-0.3815028901734104,-0.4913294797687861,-0.2254335260115607,-0.2832369942196532,-0.5491329479768786,-0.45664739884393063,-0.5953757225433526,-0.4393063583815029,-0.3872832369942196,-0.3988439306358382,-0.24277456647398843,-0.15606936416184972,-0.5838150289017341,-0.26011560693641617,-0.7803468208092486,-0.35260115606936415,-0.8901734104046243,-0.4508670520231214,-1.0
2,0.0,0.0,-0.25,0.045454545454545456,-0.5113636363636364,-0.028409090909090908,-0.6875,-0.07954545454545454,-0.8295454545454546,-0.10227272727272728,-0.5113636363636364,-0.4431818181818182,-0.6988636363636364,-0.6647727272727273,-0.8125,-0.7954545454545454,-0.9034090909090909,-0.9090909090909091,-0.3977272727272727,-0.5,-0.5909090909090909,-0.5738636363636364,-0.5511363636363636,-0.3806818181818182,-0.4772727272727273,-0.22727272727272727,-0.2784090909090909,-0.5454545454545454,-0.45454545454545453,-0.5965909090909091,-0.4318181818181818,-0.38636363636363635,-0.38636363636363635,-0.24431818181818182,-0.14772727272727273,-0.5852272727272727,-0.2556818181818182,-0.7727272727272727,-0.3522727272727273,-0.8920454545454546,-0.44886363636363635,-1.0
2,0.0,0.0,-0.24858757062146894,0.04519774011299435,-0.5141242937853108,-0.03389830508474576,-0.6892655367231638,-0.0847457627118644,-0.8305084745762712,-0.10734463276836158,-0.5084745762711864,-0.4406779661016949,-0.7005649717514124,-0.6610169491525424,-0.8135593220338984,-0.7853107344632768,-0.9096045197740112,-0.8926553672316384,-0.4011299435028249,-0.4971751412429379,-0.5819209039548022,-0.5649717514124294,-0.5480225988700564,-0.3672316384180791,-0.4745762711864407,-0.22033898305084745,-0.2768361581920904,-0.5423728813559322,-0.4519774011299435,-0.5932203389830508,-0.4406779661016949,-0.384180790960452,-0.4011299435028249,-0.23728813559322035,-0.15254237288135594,-0.5819209039548022,-0.2598870056497175,-0.7740112994350282,-0.3502824858757062,-0.8926553672316384,-0.4463276836158192,-1.0
2,0.0,0.0,-0.25,0.045454545454545456,-0.5170454545454546,-0.028409090909090908,-0.6931818181818182,-0.07386363636363637,-0.8409090909090909,-0.10227272727272728,-0.5170454545454546,-0.4375,-0.7102272727272727,-0.6590909090909091,-0.8181818181818182,-0.7897727272727273,-0.9147727272727273,-0.8920454545454546,-0.4034090909090909,-0.5,-0.5852272727272727,-0.5625,-0.5454545454545454,-0.3693181818181818,-0.4772727272727273,-0.2159090909090909,-0.2784090909090909,-0.5454545454545454,-0.44886363636363635,-0.5965909090909091,-0.42613636363636365,-0.38636363636363635,-0.38636363636363635,-0.23863636363636365,-0.14772727272727273,-0.5795454545454546,-0.2556818181818182,-0.7727272727272727,-0.3465909090909091,-0.8863636363636364,-0.4431818181818182,-1.0
2,0.0,0.0,-0.2388888888888889,0.03888888888888889,-0.5111111111111111,-0.044444444444444446,-0.7,-0.09444444444444444,-0.8555555555555555,-0.10555555555555556,-0.5277777777777778,-0.43333333333333335,-0.7166666666666667,-0.65,-0.8277777777777777,-0.7833333333333333,-0.9277777777777778,-0.8888888888888888,-0.4166666666666667,-0.49444444444444446,-0.5944444444444444,-0.5833333333333334,-0.5555555555555556,-0.39444444444444443,-0.49444444444444446,-0.2388888888888889,-0.2833333333333333,-0.5388888888888889,-0.45,-0.6,-0.4166666666666667,-0.39444444444444443,-0.37222222222222223,-0.24444444444444444,-0.15,-0.5722222222222222,-0.25555555555555554,-0.7722222222222223,-0.3388888888888889,-0.8833333333333333,-0.42777777777777776,-1.0
2,0.0,0.0,0.11693548387096774,-0.1814516129032258,0.17338709677419356,-0.3709677419354839,0.22983870967741934,-0.5362903225806451,0.33064516129032256,-0.6209677419354839,-0.008064516129032258,-0.5040322580645161,-0.08870967741935484,-0.7419354838709677,-0.1532258064516129,-0.8870967741935484,-0.2056451612903226,-1.0,-0.125,-0.45564516129032256,-0.31048387096774194,-0.6330645161290323,-0.40725806451612906,-0.6532258064516129,-0.4596774193548387,-0.6451612903225806,-0.22580645161290322,-0.3709677419354839,-0.4032258064516129,-0.5282258064516129,-0.47580645161290325,-0.5604838709677419,-0.5040322580645161,-0.5564516129032258,-0.31048387096774194,-0.2782258064516129,-0.45161290322580644,-0.40725806451612906,-0.5080645161290323,-0.45564516129032256,-0.532258064516129,-0.4838709677419355
2,0.0,0.0,0.1059322033898305,-0.1652542372881356,0.17796610169491525,-0.3898305084745763,0.2245762711864407,-0.559322033898305,0.3389830508474576,-0.6271186440677966,-0.012711864406779662,-0.5042372881355932,-0.11440677966101695,-0.7372881355932204,-0.1864406779661017,-0.885593220338983,-0.24152542372881355,-1.0,-0.11864406779661017,-0.4576271186440678,-0.3093220338983051,-0.5805084745762712,-0.2923728813559322,-0.4661016949152542,-0.2457627118644068,-0.3983050847457627,-0.22033898305084745,-0.3771186440677966,-0.4025423728813559,-0.4788135593220339,-0.3983050847457627,-0.3898305084745763,-0.3432203389830508,-0.326271186440678,-0.326271186440678,-0.2838983050847458,-0.4661016949152542,-0.4279661016949153,-0.5635593220338984,-0.4957627118644068,-0.6313559322033898,-0.5635593220338984
2,0.0,0.0,0.1016949152542373,-0.15677966101694915,0.17796610169491525,-0.3813559322033898,0.2245762711864407,-0.5508474576271186,0.3474576271186441,-0.6186440677966102,-0.00847457627118644,-0.4915254237288136,-0.11016949152542373,-0.7288135593220338,-0.18220338983050846,-0.8813559322033898,-0.23728813559322035,-1.0,-0.11016949152542373,-0.4491525423728814,-0.3008474576271186,-0.576271186440678,-0.2838983050847458,-0.4661016949152542,-0.2288135593220339,-0.4025423728813559,-0.211864406779661,-0.3728813559322034,-0.3983050847457627,-0.4745762711864407,-0.3855932203389831,-0.3940677966101695,-0.3305084745762712,-0.3305084745762712,-0.3220338983050847,-0.2796610169491525,-0.4576271186440678,-0.4322033898305085,-0.5550847457627118,-0.5,-0.6228813559322034,-0.5635593220338984
2,0.0,0.0,0.09361702127659574,-0.15319148936170213,0.1829787234042553,-0.37446808510638296,0.2425531914893617,-0.5361702127659574,0.34893617021276596,-0.6085106382978723,-0.02127659574468085,-0.4808510638297872,-0.11063829787234042,-0.7319148936170212,-0.1702127659574468,-0.8808510638297873,-0.22127659574468084,-1.0,-0.1148936170212766,-0.43829787234042555,-0.30638297872340425,-0.5617021276595745,-0.28936170212765955,-0.44680851063829785,-0.23829787234042554,-0.3829787234042553,-0.2127659574468085,-0.3617021276595745,-0.4,-0.4595744680851064,-0.3872340425531915,-0.3702127659574468,-0.33191489361702126,-0.30638297872340425,-0.32340425531914896,-0.2765957446808511,-0.4595744680851064,-0.4297872340425532,-0.5574468085106383,-0.502127659574468,-0.6297872340425532,-0.5787234042553191
2,0.0,0.0,0.09663865546218488,-0.15126050420168066,0.1722689075630252,-0.3697478991596639,0.23529411764705882,-0.5294117647058824,0.3487394957983193,-0.5966386554621849,-0.01680672268907563,-0.48739495798319327,-0.10084033613445378,-0.7352941176470589,-0.15546218487394958,-0.8823529411764706,-0.20168067226890757,-1.0,-0.1092436974789916,-0.44537815126050423,-0.3067226890756303,-0.5714285714285714,-0.29831932773109243,-0.46218487394957986,-0.25210084033613445,-0.3949579831932773,-0.20168067226890757,-0.3697478991596639,-0.3949579831932773,-0.4789915966386555,-0.3865546218487395,-0.3949579831932773,-0.3319327731092437,-0.3277310924369748,-0.3067226890756303,-0.2857142857142857,-0.4411764705882353,-0.4369747899159664,-0.542016806722689,-0.5126050420168067,-0.6092436974789915,-0.5798319327731093
2,0.0,0.0,0.09623430962343096,-0.15481171548117154,0.17573221757322174,-0.3807531380753138,0.24267782426778242,-0.5397489539748954,0.3514644351464435,-0.606694560669456,-0.016736401673640166,-0.4895397489539749,-0.100418410041841,-0.7364016736401674,-0.15481171548117154,-0.8870292887029289,-0.200836820083682,-1.0,-0.10460251046025104,-0.4435146443514644,-0.29707112970711297,-0.5690376569037657,-0.28451882845188287,-0.4602510460251046,-0.2384937238493724,-0.39330543933054396,-0.200836820083682,-0.3723849372384937,-0.3891213389121339,-0.4769874476987448,-0.3723849372384937,-0.3891213389121339,-0.32217573221757323,-0.32217573221757323,-0.3054393305439331,-0.28870292887029286,-0.4393305439330544,-0.4435146443514644,-0.5397489539748954,-0.5146443514644351,-0.6108786610878661,-0.5857740585774058
2,0.0,0.0,0.11587982832618025,-0.13733905579399142,0.19313304721030042,-0.34334763948497854,0.24034334763948498,-0.5021459227467812,0.3562231759656652,-0.5536480686695279,-0.017167381974248927,-0.5107296137339056,-0.1072961373390558,-0.7424892703862661,-0.15450643776824036,-0.8884120171673819,-0.1888412017167382,-1.0,-0.11158798283261803,-0.47639484978540775,-0.3090128755364807,-0.5793991416309013,-0.30472103004291845,-0.4721030042918455,-0.2575107296137339,-0.40772532188841204,-0.20600858369098712,-0.4034334763948498,-0.3905579399141631,-0.48497854077253216,-0.38197424892703863,-0.39914163090128757,-0.33476394849785407,-0.33905579399141633,-0.3133047210300429,-0.3133047210300429,-0.45064377682403434,-0.4592274678111588,-0.5450643776824035,-0.5278969957081545,-0.6094420600858369,-0.592274678111588
2,0.0,0.0,0.1038961038961039,-0.14285714285714285,0.19047619047619047,-0.341991341991342,0.24675324675324675,-0.4935064935064935,0.36796536796536794,-0.5497835497835498,-0.012987012987012988,-0.5064935064935064,-0.09090909090909091,-0.7359307359307359,-0.13852813852813853,-0.8831168831168831,-0.17316017316017315,-1.0,-0.10822510822510822,-0.4675324675324675,-0.2943722943722944,-0.5714285714285714,-0.2943722943722944,-0.4675324675324675,-0.2510822510822511,-0.39826839826839827,-0.20346320346320346,-0.39826839826839827,-0.3852813852813853,-0.47619047619047616,-0.37662337662337664,-0.3939393939393939,-0.329004329004329,-0.3333333333333333,-0.30735930735930733,-0.30735930735930733,-0.43722943722943725,-0.45021645021645024,-0.5324675324675324,-0.5194805194805194,-0.6017316017316018,-0.5844155844155844
2,0.0,0.0,0.10869565217391304,-0.14347826086956522,0.19130434782608696,-0.34347826086956523,0.24782608695652175,-0.4956521739130435,0.3695652173913043,-0.5521739130434783,-0.013043478260869565,-0.508695652173913,-0.09565217391304348,-0.7391304347826086,-0.14782608695652175,-0.8869565217391304,-0.18695652173913044,-1.0,-0.11304347826086956,-0.46956521739130436,-0.3,-0.5739130434782609,-0.30434782608695654,-0.46956521739130436,-0.2608695652173913,-0.4,-0.21304347826086956,-0.39565217391304347,-0.391304347826087,-0.48695652173913045,-0.39565217391304347,-0.40869565217391307,-0.34782608695652173,-0.34782608695652173,-0.3130434782608696,-0.30869565217391304,-0.4434782608695652,-0.45217391304347826,-0.5434782608695652,-0.5260869565217391,-0.6086956521739131,-0.591304347826087
2,0.0,0.0,0.10572687224669604,-0.13656387665198239,0.19383259911894274,-0.3303964757709251,0.2555066079295154,-0.4801762114537445,0.3744493392070485,-0.5374449339207048,-0.013215859030837005,-0.5066079295154186,-0.09251101321585903,-0.7400881057268722,-0.14096916299559473,-0.8854625550660793,-0.1762114537444934,-1.0,-0.10572687224669604,-0.47577092511013214,-0.3039647577092511,-0.5726872246696035,-0.30837004405286345,-0.4669603524229075,-0.2643171806167401,-0.4008810572687225,-0.20704845814977973,-0.4052863436123348,-0.3920704845814978,-0.4977973568281938,-0.3964757709251101,-0.41409691629955947,-0.34801762114537443,-0.34801762114537443,-0.31277533039647576,-0.32599118942731276,-0.44493392070484583,-0.46255506607929514,-0.5462555066079295,-0.5374449339207048,-0.6079295154185022,-0.6035242290748899
2,0.0,0.0,0.10666666666666667,-0.1288888888888889,0.19111111111111112,-0.3333333333333333,0.25333333333333335,-0.48444444444444446,0.37777777777777777,-0.5333333333333333,-0.013333333333333334,-0.5111111111111111,-0.09333333333333334,-0.7377777777777778,-0.14222222222222222,-0.8888888888888888,-0.17777777777777778,-1.0,-0.10666666666666667,-0.47555555555555556,-0.30666666666666664,-0.5688888888888889,-0.30666666666666664,-0.4622222222222222,-0.26222222222222225,-0.4,-0.2088888888888889,-0.40444444444444444,-0.39555555555555555,-0.49333333333333335,-0.39555555555555555,-0.4088888888888889,-0.3466666666666667,-0.3466666666666667,-0.31555555555555553,-0.32,-0.4488888888888889,-0.4622222222222222,-0.5511111111111111,-0.5377777777777778,-0.6177777777777778,-0.6088888888888889
2,0.0,0.0,0.10666666666666667,-0.13777777777777778,0.18666666666666668,-0.3377777777777778,0.25333333333333335,-0.48,0.38222222222222224,-0.5244444444444445,-0.017777777777777778,-0.5155555555555555,-0.08888888888888889,-0.7422222222222222,-0.1288888888888889,-0.8888888888888888,-0.16,-1.0,-0.1111111111111111,-0.48,-0.29777777777777775,-0.5866666666666667,-0.3022222222222222,-0.48,-0.26666666666666666,-0.4088888888888889,-0.2088888888888889,-0.4088888888888889,-0.38666666666666666,-0.49777777777777776,-0.39111111111111113,-0.4177777777777778,-0.3466666666666667,-0.3511111111111111,-0.3111111111111111,-0.3244444444444444,-0.44,-0.4711111111111111,-0.5333333333333333,-0.5511111111111111,-0.6,-0.6266666666666667
2,0.0,0.0,0.11842105263157894,-0.13157894736842105,0.19298245614035087,-0.3157894736842105,0.25,-0.45614035087719296,0.36403508771929827,-0.5131578947368421,0.0,-0.5043859649122807,-0.06578947368421052,-0.7368421052631579,-0.10526315789473684,-0.8859649122807017,-0.13596491228070176,-1.0,-0.09649122807017543,-0.4780701754385965,-0.2675438596491228,-0.5833333333333334,-0.2675438596491228,-0.4780701754385965,-0.22807017543859648,-0.40789473684210525,-0.19736842105263158,-0.4166666666666667,-0.35964912280701755,-0.5131578947368421,-0.35526315789473684,-0.42543859649122806,-0.30701754385964913,-0.35964912280701755,-0.30701754385964913,-0.33771929824561403,-0.42543859649122806,-0.49122807017543857,-0.5087719298245614,-0.5745614035087719,-0.5657894736842105,-0.6535087719298246
2,0.0,0.0,0.11555555555555555,-0.1288888888888889,0.2,-0.3111111111111111,0.26222222222222225,-0.4533333333333333,0.39111111111111113,-0.49777777777777776,0.0044444444444444444,-0.5066666666666667,-0.06666666666666667,-0.7377777777777778,-0.10666666666666667,-0.8844444444444445,-0.13333333333333333,-1.0,-0.08888888888888889,-0.48,-0.26666666666666666,-0.5777777777777777,-0.26222222222222225,-0.4666666666666667,-0.21777777777777776,-0.39555555555555555,-0.18666666666666668,-0.41333333333333333,-0.3511111111111111,-0.5022222222222222,-0.3422222222222222,-0.41333333333333333,-0.28888888888888886,-0.3422222222222222,-0.29777777777777775,-0.3333333333333333,-0.4177777777777778,-0.48444444444444446,-0.5066666666666667,-0.5644444444444444,-0.5644444444444444,-0.6444444444444445
2,0.0,0.0,0.11555555555555555,-0.12444444444444444,0.2,-0.3111111111111111,0.2577777777777778,-0.4533333333333333,0.38666666666666666,-0.5066666666666667,-0.0044444444444444444,-0.5155555555555555,-0.06222222222222222,-0.7422222222222222,-0.09777777777777778,-0.8888888888888888,-0.12444444444444444,-1.0,-0.09777777777777778,-0.4888888888888889,-0.27111111111111114,-0.5911111111111111,-0.27555555555555555,-0.48,-0.23555555555555555,-0.4088888888888889,-0.2,-0.4266666666666667,-0.36444444444444446,-0.5066666666666667,-0.36444444444444446,-0.4177777777777778,-0.31555555555555553,-0.3466666666666667,-0.30666666666666664,-0.3422222222222222,-0.4311111111111111,-0.48444444444444446,-0.5244444444444445,-0.5644444444444444,-0.5822222222222222,-0.6355555555555555
2,0.0,0.0,0.11210762331838565,-0.13452914798206278,0.19730941704035873,-0.3273542600896861,0.2645739910313901,-0.47533632286995514,0.3991031390134529,-0.5246636771300448,-0.008968609865470852,-0.5112107623318386,-0.07623318385650224,-0.7443946188340808,-0.1210762331838565,-0.8878923766816144,-0.14798206278026907,-1.0,-0.11210762331838565,-0.4798206278026906,-0.28699551569506726,-0.5919282511210763,-0.2825112107623318,-0.4798206278026906,-0.23766816143497757,-0.4080717488789238,-0.21524663677130046,-0.4125560538116592,-0.3811659192825112,-0.5022421524663677,-0.3721973094170404,-0.4170403587443946,-0.3273542600896861,-0.3542600896860987,-0.3183856502242152,-0.33183856502242154,-0.4439461883408072,-0.47533632286995514,-0.5336322869955157,-0.547085201793722,-0.5964125560538116,-0.6143497757847534
2,0.0,0.0,0.11711711711711711,-0.13963963963963963,0.1981981981981982,-0.32882882882882886,0.26576576576576577,-0.47297297297297297,0.3963963963963964,-0.5225225225225225,0.0,-0.5180180180180181,-0.07207207207207207,-0.7477477477477478,-0.11711711711711711,-0.8918918918918919,-0.14864864864864866,-1.0,-0.10810810810810811,-0.4864864864864865,-0.27927927927927926,-0.5945945945945946,-0.27927927927927926,-0.49099099099099097,-0.23423423423423423,-0.4189189189189189,-0.21171171171171171,-0.4189189189189189,-0.3738738738738739,-0.5180180180180181,-0.3738738738738739,-0.4369369369369369,-0.32882882882882886,-0.36936936936936937,-0.3153153153153153,-0.3333333333333333,-0.44144144144144143,-0.47297297297297297,-0.5315315315315315,-0.5495495495495496,-0.5945945945945946,-0.6126126126126126
2,0.0,0.0,0.1036036036036036,-0.13063063063063063,0.18468468468468469,-0.3333333333333333,0.24774774774774774,-0.4864864864864865,0.3783783783783784,-0.545045045045045,-0.018018018018018018,-0.509009009009009,-0.0945945945945946,-0.7387387387387387,-0.14864864864864866,-0.8873873873873874,-0.1891891891891892,-1.0,-0.11711711711711711,-0.47297297297297297,-0.3108108108108108,-0.581081081081081,-0.3063063063063063,-0.47297297297297297,-0.25675675675675674,-0.40540540540540543,-0.21621621621621623,-0.40540540540540543,-0.4009009009009009,-0.49099099099099097,-0.3918918918918919,-0.40540540540540543,-0.33783783783783783,-0.34684684684684686,-0.32432432432432434,-0.32432432432432434,-0.4594594594594595,-0.4594594594594595,-0.5540540540540541,-0.527027027027027,-0.6216216216216216,-0.5945945945945946
2,0.0,0.0,0.10810810810810811,-0.13063063063063063,0.1891891891891892,-0.32882882882882886,0.24774774774774774,-0.481981981981982,0.3783783783783784,-0.536036036036036,-0.018018018018018018,-0.5045045045045045,-0.0990990990990991,-0.7432432432432432,-0.15315315315315314,-0.8918918918918919,-0.19369369369369369,-1.0,-0.12162162162162163,-0.47297297297297297,-0.3153153153153153,-0.581081081081081,-0.3108108108108108,-0.4774774774774775,-0.25675675675675674,-0.4099099099099099,-0.22072072072072071,-0.4099099099099099,-0.40540540540540543,-0.5045045045045045,-0.3963963963963964,-0.4189189189189189,-0.34234234234234234,-0.35585585585585583,-0.32432432432432434,-0.32882882882882886,-0.46396396396396394,-0.45495495495495497,-0.5630630630630631,-0.527027027027027,-0.6261261261261262,-0.5900900900900901
2,0.0,0.0,0.08571428571428572,-0.1619047619047619,0.14285714285714285,-0.3761904761904762,0.19523809523809524,-0.5380952380952381,0.319047619047619,-0.6095238095238096,-0.0761904761904762,-0.5333333333333333,-0.2,-0.7619047619047619,-0.28095238095238095,-0.9,-0.34285714285714286,-1.0,-0.1619047619047619,-0.48095238095238096,-0.38571428571428573,-0.5333333333333333,-0.3619047619047619,-0.42857142857142855,-0.29523809523809524,-0.38571428571428573,-0.2523809523809524,-0.3904761904761905,-0.46190476190476193,-0.43333333333333335,-0.42857142857142855,-0.3476190476190476,-0.35714285714285715,-0.29523809523809524,-0.3476190476190476,-0.28095238095238095,-0.5285714285714286,-0.38571428571428573,-0.6523809523809524,-0.44285714285714284,-0.7428571428571429,-0.5047619047619047
2,0.0,0.0,0.07881773399014778,-0.1625615763546798,0.11330049261083744,-0.3793103448275862,0.15763546798029557,-0.5467980295566502,0.270935960591133,-0.6305418719211823,-0.10344827586206896,-0.5517241379310345,-0.2413793103448276,-0.7684729064039408,-0.33497536945812806,-0.9014778325123153,-0.4039408866995074,-1.0,-0.18226600985221675,-0.49261083743842365,-0.4236453201970443,-0.5270935960591133,-0.37438423645320196,-0.41379310344827586,-0.2955665024630542,-0.37438423645320196,-0.2660098522167488,-0.3891625615763547,-0.4876847290640394,-0.4088669950738916,-0.43842364532019706,-0.31527093596059114,-0.3645320197044335,-0.270935960591133,-0.35960591133004927,-0.2660098522167488,-0.5517241379310345,-0.35960591133004927,-0.6748768472906403,-0.39901477832512317,-0.7733990147783252,-0.458128078817734
2,0.0,0.0,0.0825242718446602,-0.15048543689320387,0.12135922330097088,-0.3737864077669903,0.16019417475728157,-0.5388349514563107,0.27184466019417475,-0.6310679611650486,-0.0970873786407767,-0.5388349514563107,-0.23786407766990292,-0.7572815533980582,-0.32524271844660196,-0.8980582524271845,-0.3932038834951456,-1.0,-0.17475728155339806,-0.4854368932038835,-0.4174757281553398,-0.5097087378640777,-0.36893203883495146,-0.39805825242718446,-0.2961165048543689,-0.3640776699029126,-0.25728155339805825,-0.3883495145631068,-0.48058252427184467,-0.4077669902912621,-0.4368932038834951,-0.3155339805825243,-0.3640776699029126,-0.2669902912621359,-0.35436893203883496,-0.27184466019417475,-0.5339805825242718,-0.36893203883495146,-0.6601941747572816,-0.4077669902912621,-0.7572815533980582,-0.46601941747572817
2,0.0,0.0,0.08080808080808081,-0.1717171717171717,0.1111111111111111,-0.398989898989899,0.1414141414141414,-0.5757575757575758,0.25252525252525254,-0.6666666666666666,-0.1111111111111111,-0.5505050505050505,-0.2676767676767677,-0.7727272727272727,-0.37373737373737376,-0.9040404040404041,-0.45454545454545453,-1.0,-0.1919191919191919,-0.494949494949495,-0.4393939393939394,-0.5252525252525253,-0.3888888888888889,-0.4090909090909091,-0.30808080808080807,-0.37373737373737376,-0.2727272727272727,-0.3888888888888889,-0.5,-0.40404040404040403,-0.4494949494949495,-0.31313131313131315,-0.3686868686868687,-0.2676767676767677,-0.37373737373737376,-0.26262626262626265,-0.5656565656565656,-0.35353535353535354,-0.6919191919191919,-0.3939393939393939,-0.797979797979798,-0.4444444444444444
2,0.0,0.0,0.07537688442211055,-0.1658291457286432,0.11055276381909548,-0.3969849246231156,0.1407035175879397,-0.5778894472361809,0.2613065326633166,-0.6633165829145728,-0.11557788944723618,-0.5527638190954773,-0.271356783919598,-0.7688442211055276,-0.3768844221105528,-0.9045226130653267,-0.457286432160804,-1.0,-0.19597989949748743,-0.49748743718592964,-0.44221105527638194,-0.5175879396984925,-0.39195979899497485,-0.3969849246231156,-0.31155778894472363,-0.36180904522613067,-0.27638190954773867,-0.39195979899497485,-0.507537688442211,-0.3969849246231156,-0.457286432160804,-0.3015075376884422,-0.3768844221105528,-0.2613065326633166,-0.3768844221105528,-0.2663316582914573,-0.5678391959798995,-0.35678391959798994,-0.6934673366834171,-0.3969849246231156,-0.7989949748743719,-0.45226130653266333
2,0.0,0.0,0.07216494845360824,-0.17525773195876287,0.10824742268041238,-0.41237113402061853,0.13402061855670103,-0.5979381443298969,0.25257731958762886,-0.6804123711340206,-0.12371134020618557,-0.5567010309278351,-0.28350515463917525,-0.7731958762886598,-0.3917525773195876,-0.9020618556701031,-0.4742268041237113,-1.0,-0.20103092783505155,-0.5,-0.4639175257731959,-0.520618556701031,-0.4020618556701031,-0.4020618556701031,-0.31958762886597936,-0.36597938144329895,-0.28350515463917525,-0.3917525773195876,-0.520618556701031,-0.3917525773195876,-0.4639175257731959,-0.29381443298969073,-0.38144329896907214,-0.25257731958762886,-0.37628865979381443,-0.26288659793814434,-0.5824742268041238,-0.34536082474226804,-0.711340206185567,-0.3865979381443299,-0.8195876288659794,-0.4381443298969072
2,0.0,0.0,0.07253886010362694,-0.17098445595854922,0.10362694300518134,-0.40932642487046633,0.13471502590673576,-0.6010362694300518,0.25906735751295334,-0.6839378238341969,-0.11917098445595854,-0.5544041450777202,-0.2849740932642487,-0.772020725388601,-0.38860103626943004,-0.9015544041450777,-0.47668393782383417,-1.0,-0.19689119170984457,-0.49740932642487046,-0.46632124352331605,-0.5233160621761658,-0.40414507772020725,-0.39896373056994816,-0.32124352331606215,-0.3626943005181347,-0.27979274611398963,-0.38860103626943004,-0.5233160621761658,-0.38860103626943004,-0.46113989637305697,-0.29533678756476683,-0.37823834196891193,-0.2538860103626943,-0.37823834196891193,-0.25906735751295334,-0.5854922279792746,-0.3471502590673575,-0.7150259067357513,-0.38341968911917096,-0.8238341968911918,-0.43523316062176165
2,0.0,0.0,0.06382978723404255,-0.18085106382978725,0.09574468085106383,-0.4308510638297872,0.11702127659574468,-0.6223404255319149,0.24468085106382978,-0.723404255319149,-0.11170212765957446,-0.5638297872340425,-0.28191489361702127,-0.7819148936170213,-0.40425531914893614,-0.9095744680851063,-0.5,-1.0,-0.18617021276595744,-0.5,-0.4734042553191489,-0.5212765957446809,-0.425531914893617,-0.3882978723404255,-0.34574468085106386,-0.35638297872340424,-0.2712765957446808,-0.3882978723404255,-0.5319148936170213,-0.3882978723404255,-0.4787234042553192,-0.2872340425531915,-0.39361702127659576,-0.25,-0.3670212765957447,-0.26063829787234044,-0.5851063829787234,-0.3351063829787234,-0.7180851063829787,-0.3670212765957447,-0.824468085106383,-0.425531914893617
2,0.0,0.0,0.05851063829787234,-0.18617021276595744,0.0797872340425532,-0.4308510638297872,0.10638297872340426,-0.6170212765957447,0.22340425531914893,-0.7180851063829787,-0.12234042553191489,-0.5638297872340425,-0.2978723404255319,-0.7872340425531915,-0.42021276595744683,-0.9148936170212766,-0.5159574468085106,-1.0,-0.20212765957446807,-0.5,-0.48936170212765956,-0.5212765957446809,-0.43617021276595747,-0.3829787234042553,-0.35106382978723405,-0.34574468085106386,-0.28191489361702127,-0.3829787234042553,-0.5372340425531915,-0.3829787234042553,-0.4787234042553192,-0.2765957446808511,-0.39361702127659576,-0.2393617021276596,-0.3776595744680851,-0.25,-0.5904255319148937,-0.32978723404255317,-0.723404255319149,-0.35638297872340424,-0.8351063829787234,-0.4148936170212766
2,0.0,0.0,0.078125,-0.18229166666666666,0.09895833333333333,-0.4270833333333333,0.109375,-0.6145833333333334,0.21875,-0.7135416666666666,-0.125,-0.578125,-0.3020833333333333,-0.7916666666666666,-0.4270833333333333,-0.9166666666666666,-0.5208333333333334,-1.0,-0.203125,-0.5104166666666666,-0.484375,-0.53125,-0.4322916666666667,-0.4010416666666667,-0.3489583333333333,-0.3645833333333333,-0.2864583333333333,-0.4010416666666667,-0.5416666666666666,-0.3958333333333333,-0.484375,-0.296875,-0.4010416666666667,-0.2552083333333333,-0.375,-0.265625,-0.59375,-0.3385416666666667,-0.7239583333333334,-0.3697916666666667,-0.8333333333333334,-0.421875
2,0.0,0.0,0.07329842931937172,-0.18848167539267016,0.09424083769633508,-0.4293193717277487,0.10471204188481675,-0.6178010471204188,0.2094240837696335,-0.7120418848167539,-0.1256544502617801,-0.581151832460733,-0.29842931937172773,-0.7958115183246073,-0.418848167539267,-0.9214659685863874,-0.5130890052356021,-1.0,-0.19895287958115182,-0.518324607329843,-0.47643979057591623,-0.5287958115183246,-0.42408376963350786,-0.4031413612565445,-0.34554973821989526,-0.36649214659685864,-0.2774869109947644,-0.4031413612565445,-0.5340314136125655,-0.39790575916230364,-0.4816753926701571,-0.2931937172774869,-0.39267015706806285,-0.2513089005235602,-0.3717277486910995,-0.2617801047120419,-0.5863874345549738,-0.3403141361256545,-0.7225130890052356,-0.3717277486910995,-0.8324607329842932,-0.42408376963350786
2,0.0,0.0,0.07291666666666667,-0.18229166666666666,0.08854166666666667,-0.4166666666666667,0.09375,-0.609375,0.19791666666666666,-0.7135416666666666,-0.11979166666666667,-0.5677083333333334,-0.296875,-0.78125,-0.4166666666666667,-0.90625,-0.5104166666666666,-1.0,-0.203125,-0.5052083333333334,-0.4739583333333333,-0.5260416666666666,-0.421875,-0.4010416666666667,-0.34375,-0.359375,-0.28125,-0.3958333333333333,-0.5364583333333334,-0.3958333333333333,-0.4791666666666667,-0.296875,-0.3958333333333333,-0.25,-0.375,-0.2604166666666667,-0.5885416666666666,-0.3385416666666667,-0.7239583333333334,-0.3645833333333333,-0.828125,-0.4166666666666667
2,0.0,0.0,0.07291666666666667,-0.18229166666666666,0.09375,-0.421875,0.10416666666666667,-0.609375,0.203125,-0.71875,-0.109375,-0.5677083333333334,-0.28125,-0.78125,-0.40625,-0.9114583333333334,-0.5,-1.0,-0.1875,-0.5,-0.4739583333333333,-0.5260416666666666,-0.4270833333333333,-0.3958333333333333,-0.34375,-0.359375,-0.2708333333333333,-0.390625,-0.53125,-0.3958333333333333,-0.4739583333333333,-0.2916666666666667,-0.390625,-0.25,-0.359375,-0.2552083333333333,-0.5729166666666666,-0.3385416666666667,-0.7083333333333334,-0.3697916666666667,-0.8177083333333334,-0.4270833333333333
2,0.0,0.0,0.05670103092783505,-0.18556701030927836,0.07731958762886598,-0.42783505154639173,0.09278350515463918,-0.6134020618556701,0.211340206185567,-0.7164948453608248,-0.10824742268041238,-0.5670103092783505,-0.27835051546391754,-0.7835051546391752,-0.4072164948453608,-0.9123711340206185,-0.5051546391752577,-1.0,-0.18041237113402062,-0.5051546391752577,-0.4793814432989691,-0.5257731958762887,-0.4329896907216495,-0.39690721649484534,-0.35051546391752575,-0.3556701030927835,-0.25773195876288657,-0.3917525773195876,-0.5309278350515464,-0.39690721649484534,-0.4793814432989691,-0.29381443298969073,-0.39690721649484534,-0.24742268041237114,-0.35051546391752575,-0.25773195876288657,-0.5618556701030928,-0.3402061855670103,-0.7010309278350515,-0.3711340206185567,-0.8144329896907216,-0.422680412371134
2,0.0,0.0,0.05154639175257732,-0.18556701030927836,0.05670103092783505,-0.422680412371134,0.06701030927835051,-0.6030927835051546,0.18041237113402062,-0.711340206185567,-0.1134020618556701,-0.5567010309278351,-0.28350515463917525,-0.7783505154639175,-0.4072164948453608,-0.9072164948453608,-0.5051546391752577,-1.0,-0.18041237113402062,-0.4948453608247423,-0.4845360824742268,-0.5257731958762887,-0.4329896907216495,-0.39690721649484534,-0.3556701030927835,-0.36082474226804123,-0.26288659793814434,-0.38144329896907214,-0.5360824742268041,-0.4020618556701031,-0.4845360824742268,-0.29896907216494845,-0.4020618556701031,-0.25257731958762886,-0.3556701030927835,-0.24742268041237114,-0.5721649484536082,-0.32989690721649484,-0.7061855670103093,-0.36597938144329895,-0.8195876288659794,-0.4175257731958763
2,0.0,0.0,0.050761421319796954,-0.18781725888324874,0.06091370558375635,-0.41624365482233505,0.06598984771573604,-0.5939086294416244,0.16751269035532995,-0.7055837563451777,-0.116751269035533,-0.5532994923857868,-0.2893401015228426,-0.7715736040609137,-0.40609137055837563,-0.9035532994923858,-0.5025380710659898,-1.0,-0.19289340101522842,-0.49746192893401014,-0.4873096446700508,-0.5228426395939086,-0.43147208121827413,-0.39593908629441626,-0.350253807106599,-0.350253807106599,-0.26903553299492383,-0.38071065989847713,-0.5329949238578681,-0.38578680203045684,-0.48223350253807107,-0.28426395939086296,-0.39593908629441626,-0.23857868020304568,-0.3604060913705584,-0.24873096446700507,-0.5685279187817259,-0.3299492385786802,-0.700507614213198,-0.36548223350253806,-0.8121827411167513,-0.4213197969543147
2,0.0,0.0,0.050505050505050504,-0.18181818181818182,0.05555555555555555,-0.41414141414141414,0.06060606060606061,-0.5909090909090909,0.16666666666666666,-0.702020202020202,-0.11616161616161616,-0.5656565656565656,-0.2878787878787879,-0.7777777777777778,-0.40404040404040403,-0.9090909090909091,-0.5,-1.0,-0.18686868686868688,-0.5050505050505051,-0.48484848484848486,-0.5303030303030303,-0.43434343434343436,-0.40404040404040403,-0.3484848484848485,-0.36363636363636365,-0.2676767676767677,-0.3888888888888889,-0.5353535353535354,-0.398989898989899,-0.4797979797979798,-0.29797979797979796,-0.3939393939393939,-0.25252525252525254,-0.35858585858585856,-0.25757575757575757,-0.5707070707070707,-0.3383838383838384,-0.7070707070707071,-0.37373737373737376,-0.8181818181818182,-0.42424242424242425
2,0.0,0.0,0.05128205128205128,-0.1794871794871795,0.06153846153846154,-0.40512820512820513,0.06666666666666667,-0.5846153846153846,0.1794871794871795,-0.6923076923076923,-0.11794871794871795,-0.5641025641025641,-0.2923076923076923,-0.7743589743589744,-0.41025641025641024,-0.9025641025641026,-0.5025641025641026,-1.0,-0.18974358974358974,-0.5025641025641026,-0.47692307692307695,-0.5128205128205128,-0.4307692307692308,-0.38974358974358975,-0.3487179487179487,-0.3487179487179487,-0.26666666666666666,-0.38974358974358975,-0.5333333333333333,-0.38974358974358975,-0.48717948717948717,-0.2923076923076923,-0.4,-0.24615384615384617,-0.358974358974359,-0.2564102564102564,-0.5794871794871795,-0.3282051282051282,-0.7128205128205128,-0.358974358974359,-0.8205128205128205,-0.4153846153846154
2,0.0,0.0,0.06153846153846154,-0.1794871794871795,0.07179487179487179,-0.41025641025641024,0.08205128205128205,-0.5948717948717949,0.18974358974358974,-0.6974358974358974,-0.1076923076923077,-0.5538461538461539,-0.28205128205128205,-0.7743589743589744,-0.4,-0.9076923076923077,-0.49743589743589745,-1.0,-0.18461538461538463,-0.49230769230769234,-0.46153846153846156,-0.5128205128205128,-0.40512820512820513,-0.38974358974358975,-0.3282051282051282,-0.3487179487179487,-0.26153846153846155,-0.37948717948717947,-0.517948717948718,-0.38461538461538464,-0.4666666666666667,-0.28205128205128205,-0.38461538461538464,-0.2358974358974359,-0.358974358974359,-0.24615384615384617,-0.5641025641025641,-0.3282051282051282,-0.6974358974358974,-0.358974358974359,-0.8051282051282052,-0.4205128205128205
2,0.0,0.0,-0.08936170212765958,-0.22127659574468084,-0.20851063829787234,-0.39148936170212767,-0.2978723404255319,-0.5404255319148936,-0.32340425531914896,-0.6595744680851063,-0.43829787234042555,-0.3659574468085106,-0.6893617021276596,-0.4,-0.8638297872340426,-0.42127659574468085,-1.0,-0.43829787234042555,-0.4851063829787234,-0.25957446808510637,-0.6340425531914894,-0.13191489361702127,-0.5787234042553191,-0.07234042553191489,-0.5063829787234042,-0.06382978723404255,-0.4978723404255319,-0.12340425531914893,-0.6212765957446809,-0.02127659574468085,-0.574468085106383,0.01702127659574468,-0.502127659574468,0.01702127659574468,-0.49361702127659574,0.02127659574468085,-0.6595744680851063,0.0851063829787234,-0.7574468085106383,0.1276595744680851,-0.8425531914893617,0.15319148936170213
2,0.0,0.0,-0.09051724137931035,-0.1810344827586207,-0.2413793103448276,-0.33620689655172414,-0.34051724137931033,-0.46551724137931033,-0.34051724137931033,-0.5948275862068966,-0.47413793103448276,-0.24568965517241378,-0.7155172413793104,-0.25862068965517243,-0.875,-0.2543103448275862,-1.0,-0.24568965517241378,-0.4956896551724138,-0.13793103448275862,-0.6163793103448276,-0.004310344827586207,-0.5172413793103449,0.03879310344827586,-0.44396551724137934,0.03017241379310345,-0.47413793103448276,-0.004310344827586207,-0.5818965517241379,0.125,-0.5,0.15086206896551724,-0.4224137931034483,0.12931034482758622,-0.43103448275862066,0.13793103448275862,-0.6163793103448276,0.21551724137931033,-0.7198275862068966,0.27586206896551724,-0.8146551724137931,0.31896551724137934
2,0.0,0.0,-0.09090909090909091,-0.1652892561983471,-0.2603305785123967,-0.30991735537190085,-0.371900826446281,-0.4297520661157025,-0.371900826446281,-0.5537190082644629,-0.4834710743801653,-0.2231404958677686,-0.7272727272727273,-0.21487603305785125,-0.8801652892561983,-0.2024793388429752,-1.0,-0.1859504132231405,-0.5041322314049587,-0.12396694214876033,-0.6033057851239669,0.024793388429752067,-0.49173553719008267,0.045454545454545456,-0.4214876033057851,0.01652892561983471,-0.47520661157024796,0.0,-0.5661157024793388,0.1446280991735537,-0.47107438016528924,0.15702479338842976,-0.3925619834710744,0.11983471074380166,-0.4297520661157025,0.14049586776859505,-0.5991735537190083,0.2024793388429752,-0.6900826446280992,0.2644628099173554,-0.768595041322314,0.3140495867768595
2,0.0,0.0,-0.10416666666666667,-0.17083333333333334,-0.2708333333333333,-0.3125,-0.37916666666666665,-0.4166666666666667,-0.39166666666666666,-0.5333333333333333,-0.5,-0.20416666666666666,-0.7333333333333333,-0.1875,-0.8875,-0.1625,-1.0,-0.14583333333333334,-0.5166666666666667,-0.10416666666666667,-0.5916666666666667,0.0375,-0.4875,0.05416666666666667,-0.42083333333333334,0.020833333333333332,-0.48333333333333334,0.0125,-0.5458333333333333,0.15416666666666667,-0.45,0.15416666666666667,-0.37916666666666665,0.11666666666666667,-0.42083333333333334,0.14583333333333334,-0.5791666666666667,0.22083333333333333,-0.6625,0.2875,-0.7416666666666667,0.3375
2,0.0,0.0,-0.1037344398340249,-0.16597510373443983,-0.26556016597510373,-0.2697095435684647,-0.36929460580912865,-0.3817427385892116,-0.3775933609958506,-0.4854771784232365,-0.5228215767634855,-0.17427385892116182,-0.7427385892116183,-0.14522821576763487,-0.8879668049792531,-0.11618257261410789,-1.0,-0.08713692946058091,-0.5352697095435685,-0.07468879668049792,-0.5850622406639004,0.08298755186721991,-0.49377593360995853,0.12033195020746888,-0.42738589211618255,0.1037344398340249,-0.4979253112033195,0.04149377593360996,-0.5601659751037344,0.17842323651452283,-0.48132780082987553,0.1991701244813278,-0.4149377593360996,0.17842323651452283,-0.43568464730290457,0.16182572614107885,-0.5809128630705395,0.27385892116182575,-0.6639004149377593,0.34439834024896265,-0.7385892116182573,0.3983402489626556
2,0.0,0.0,-0.1087866108786611,-0.16317991631799164,-0.2719665271966527,-0.27615062761506276,-0.3723849372384937,-0.37656903765690375,-0.37656903765690375,-0.4811715481171548,-0.5313807531380753,-0.16317991631799164,-0.7447698744769874,-0.1297071129707113,-0.891213389121339,-0.08786610878661087,-1.0,-0.058577405857740586,-0.5523012552301255,-0.05439330543933055,-0.5690376569037657,0.07112970711297072,-0.47280334728033474,0.08786610878661087,-0.41422594142259417,0.058577405857740586,-0.5104602510460251,0.07112970711297072,-0.5397489539748954,0.18410041841004185,-0.45188284518828453,0.18410041841004185,-0.37656903765690375,0.14644351464435146,-0.45188284518828453,0.19665271966527198,-0.5899581589958159,0.2928870292887029,-0.6736401673640168,0.37656903765690375,-0.7447698744769874,0.4393305439330544
2,0.0,0.0,-0.09292035398230089,-0.17256637168141592,-0.24778761061946902,-0.2920353982300885,-0.3495575221238938,-0.4026548672566372,-0.3584070796460177,-0.5221238938053098,-0.5353982300884956,-0.18141592920353983,-0.7477876106194691,-0.13716814159292035,-0.8938053097345132,-0.084070796460177,-1.0,-0.04424778761061947,-0.5575221238938053,-0.05752212389380531,-0.5619469026548672,0.05309734513274336,-0.4557522123893805,0.06637168141592921,-0.3938053097345133,0.02654867256637168,-0.5176991150442478,0.0752212389380531,-0.5442477876106194,0.16371681415929204,-0.4557522123893805,0.16371681415929204,-0.38495575221238937,0.12389380530973451,-0.4557522123893805,0.20353982300884957,-0.5929203539823009,0.28761061946902655,-0.668141592920354,0.37168141592920356,-0.7345132743362832,0.42920353982300885
2,0.0,0.0,-0.091324200913242,-0.1643835616438356,-0.2328767123287671,-0.2876712328767123,-0.3242009132420091,-0.4018264840182648,-0.3333333333333333,-0.5114155251141552,-0.5205479452054794,-0.1689497716894977,-0.7397260273972602,-0.1232876712328767,-0.8904109589041096,-0.0776255707762557,-1.0,-0.045662100456621,-0.5342465753424658,-0.0502283105022831,-0.5753424657534246,0.0776255707762557,-0.4657534246575342,0.091324200913242,-0.4018264840182648,0.0502283105022831,-0.4931506849315068,0.0776255707762557,-0.54337899543379,0.1963470319634703,-0.4474885844748858,0.1917808219178082,-0.3744292237442922,0.1461187214611872,-0.4337899543378995,0.2054794520547945,-0.5753424657534246,0.3105022831050228,-0.6575342465753424,0.3972602739726027,-0.7351598173515982,0.4611872146118721
2,0.0,0.0,-0.09259259259259259,-0.1712962962962963,-0.24074074074074073,-0.2777777777777778,-0.3333333333333333,-0.38425925925925924,-0.3333333333333333,-0.5046296296296297,-0.5231481481481481,-0.16666666666666666,-0.7407407407407407,-0.1111111111111111,-0.8888888888888888,-0.06018518518518518,-1.0,-0.023148148148148147,-0.5416666666666666,-0.05092592592592592,-0.5648148148148148,0.09259259259259259,-0.4537037037037037,0.10185185185185185,-0.39351851851851855,0.06481481481481481,-0.5,0.0787037037037037,-0.5416666666666666,0.21296296296296297,-0.4444444444444444,0.20833333333333334,-0.375,0.16203703703703703,-0.4398148148148148,0.20833333333333334,-0.5787037037037037,0.32407407407407407,-0.6574074074074074,0.41203703703703703,-0.7361111111111112,0.48148148148148145
2,0.0,0.0,-0.08837209302325581,-0.17209302325581396,-0.2372093023255814,-0.2837209302325581,-0.33488372093023255,-0.3953488372093023,-0.3302325581395349,-0.5116279069767442,-0.5302325581395348,-0.17209302325581396,-0.7441860465116279,-0.12093023255813953,-0.8930232558139535,-0.06976744186046512,-1.0,-0.027906976744186046,-0.5488372093023256,-0.05581395348837209,-0.5767441860465117,0.08372093023255814,-0.4744186046511628,0.09767441860465116,-0.413953488372093,0.06046511627906977,-0.5069767441860465,0.07441860465116279,-0.5534883720930233,0.2,-0.46511627906976744,0.2,-0.39069767441860465,0.15348837209302327,-0.44651162790697674,0.2,-0.5767441860465117,0.3116279069767442,-0.6558139534883721,0.4046511627906977,-0.7302325581395349,0.4697674418604651
2,0.0,0.0,-0.11055276381909548,-0.18592964824120603,-0.24120603015075376,-0.3065326633165829,-0.3015075376884422,-0.4271356783919598,-0.27638190954773867,-0.542713567839196,-0.5527638190954773,-0.18090452261306533,-0.7587939698492462,-0.135678391959799,-0.8994974874371859,-0.08040201005025126,-1.0,-0.035175879396984924,-0.5829145728643216,-0.04522613065326633,-0.5879396984924623,0.04020100502512563,-0.4824120603015075,0.04020100502512563,-0.41708542713567837,0.005025125628140704,-0.5477386934673367,0.09045226130653267,-0.5577889447236181,0.16080402010050251,-0.4723618090452261,0.1457286432160804,-0.4120603015075377,0.10552763819095477,-0.5025125628140703,0.21608040201005024,-0.628140703517588,0.31155778894472363,-0.6984924623115578,0.39195979899497485,-0.7587939698492462,0.457286432160804
2,0.0,0.0,-0.0427807486631016,-0.24598930481283424,-0.13903743315508021,-0.44385026737967914,-0.1925133689839572,-0.6096256684491979,-0.17647058823529413,-0.7433155080213903,-0.5187165775401069,-0.3315508021390374,-0.7379679144385026,-0.3315508021390374,-0.8983957219251337,-0.3048128342245989,-1.0,-0.28342245989304815,-0.5989304812834224,-0.18716577540106952,-0.5508021390374331,-0.12299465240641712,-0.44385026737967914,-0.10695187165775401,-0.3689839572192513,-0.12834224598930483,-0.5882352941176471,-0.026737967914438502,-0.5561497326203209,0.026737967914438502,-0.45454545454545453,0.03208556149732621,-0.37967914438502676,0.0106951871657754,-0.5614973262032086,0.12299465240641712,-0.6737967914438503,0.20320855614973263,-0.7540106951871658,0.27807486631016043,-0.8235294117647058,0.33689839572192515
2,0.0,0.0,0.011560693641618497,-0.3236994219653179,-0.05202312138728324,-0.5838150289017341,-0.08092485549132948,-0.8092485549132948,-0.057803468208092484,-0.9826589595375722,-0.49710982658959535,-0.4913294797687861,-0.7283236994219653,-0.5606936416184971,-0.8901734104046243,-0.5722543352601156,-1.0,-0.5780346820809249,-0.6242774566473989,-0.3236994219653179,-0.5664739884393064,-0.28901734104046245,-0.4508670520231214,-0.26011560693641617,-0.36416184971098264,-0.2543352601156069,-0.6473988439306358,-0.1329479768786127,-0.5838150289017341,-0.10982658959537572,-0.4508670520231214,-0.09248554913294797,-0.36416184971098264,-0.09826589595375723,-0.630057803468208,0.04046242774566474,-0.7398843930635838,0.08670520231213873,-0.8092485549132948,0.10982658959537572,-0.8670520231213873,0.12138728323699421
2,0.0,0.0,0.0056179775280898875,-0.3146067415730337,-0.056179775280898875,-0.5786516853932584,-0.0898876404494382,-0.8033707865168539,-0.06179775280898876,-0.9719101123595506,-0.5056179775280899,-0.48314606741573035,-0.7303370786516854,-0.5617977528089888,-0.8932584269662921,-0.5786516853932584,-1.0,-0.5898876404494382,-0.6292134831460674,-0.3202247191011236,-0.5674157303370787,-0.2808988764044944,-0.449438202247191,-0.24719101123595505,-0.3651685393258427,-0.24157303370786518,-0.651685393258427,-0.1348314606741573,-0.5898876404494382,-0.10674157303370786,-0.4606741573033708,-0.0898876404494382,-0.3707865168539326,-0.0898876404494382,-0.6348314606741573,0.03932584269662921,-0.7471910112359551,0.07303370786516854,-0.8202247191011236,0.09550561797752809,-0.8764044943820225,0.11235955056179775
2,0.0,0.0,-0.17194570135746606,-0.10407239819004525,-0.3574660633484163,-0.14027149321266968,-0.46153846153846156,-0.2081447963800905,-0.4841628959276018,-0.3257918552036199,-0.6063348416289592,0.00904977375565611,-0.7918552036199095,0.19909502262443438,-0.9049773755656109,0.3212669683257919,-1.0,0.416289592760181,-0.5701357466063348,0.11312217194570136,-0.5701357466063348,0.33031674208144796,-0.45701357466063347,0.3031674208144796,-0.4072398190045249,0.22624434389140272,-0.4751131221719457,0.22171945701357465,-0.4841628959276018,0.4253393665158371,-0.3891402714932127,0.3891402714932127,-0.334841628959276,0.31221719457013575,-0.36199095022624433,0.334841628959276,-0.4796380090497738,0.5203619909502263,-0.5248868778280543,0.6515837104072398,-0.579185520361991,0.751131221719457
2,0.0,0.0,-0.2552083333333333,0.010416666666666666,-0.5,0.09375,-0.6510416666666666,0.11979166666666667,-0.7447916666666666,0.057291666666666664,-0.703125,0.21875,-0.8385416666666666,0.5364583333333334,-0.921875,0.7291666666666666,-0.9895833333333334,0.875,-0.6197916666666666,0.2552083333333333,-0.5416666666666666,0.625,-0.4322916666666667,0.5625,-0.4010416666666667,0.4635416666666667,-0.46875,0.3072916666666667,-0.3958333333333333,0.6458333333333334,-0.3020833333333333,0.5885416666666666,-0.2604166666666667,0.4947916666666667,-0.2916666666666667,0.3645833333333333,-0.3541666666666667,0.6770833333333334,-0.375,0.8489583333333334,-0.4010416666666667,1.0
2,0.0,0.0,-0.25380710659898476,0.0,-0.5025380710659898,0.08121827411167512,-0.6598984771573604,0.1116751269035533,-0.7461928934010152,0.05583756345177665,-0.7055837563451777,0.19796954314720813,-0.8426395939086294,0.5076142131979695,-0.934010152284264,0.7055837563451777,-1.0,0.8527918781725888,-0.6243654822335025,0.22842639593908629,-0.5431472081218274,0.6040609137055838,-0.4263959390862944,0.5279187817258884,-0.40609137055837563,0.4213197969543147,-0.47715736040609136,0.27918781725888325,-0.4010152284263959,0.6243654822335025,-0.3096446700507614,0.5482233502538071,-0.2893401015228426,0.4467005076142132,-0.30456852791878175,0.3350253807106599,-0.3553299492385787,0.6395939086294417,-0.3756345177664975,0.8121827411167513,-0.41624365482233505,0.9593908629441624
2,0.0,0.0,-0.25757575757575757,0.0,-0.494949494949495,0.09090909090909091,-0.6414141414141414,0.11616161616161616,-0.7323232323232324,0.0707070707070707,-0.702020202020202,0.20202020202020202,-0.8434343434343434,0.5050505050505051,-0.9292929292929293,0.6868686868686869,-1.0,0.8333333333333334,-0.6262626262626263,0.22727272727272727,-0.5505050505050505,0.6161616161616161,-0.43434343434343436,0.5505050505050505,-0.40404040404040403,0.4494949494949495,-0.47474747474747475,0.2727272727272727,-0.4090909090909091,0.6212121212121212,-0.32323232323232326,0.5555555555555556,-0.29797979797979796,0.4595959595959596,-0.30303030303030304,0.3181818181818182,-0.3333333333333333,0.6212121212121212,-0.35353535353535354,0.7878787878787878,-0.398989898989899,0.9343434343434344
2,0.0,0.0,-0.25742574257425743,0.0,-0.49504950495049505,0.0891089108910891,-0.6386138613861386,0.13366336633663367,-0.7227722772277227,0.1188118811881188,-0.693069306930693,0.18316831683168316,-0.8316831683168316,0.4900990099009901,-0.9257425742574258,0.6732673267326733,-1.0,0.8168316831683168,-0.6089108910891089,0.21782178217821782,-0.5445544554455446,0.599009900990099,-0.43564356435643564,0.5247524752475248,-0.41089108910891087,0.4158415841584158,-0.4603960396039604,0.26732673267326734,-0.40594059405940597,0.6089108910891089,-0.31683168316831684,0.5297029702970297,-0.2871287128712871,0.4306930693069307,-0.2871287128712871,0.3217821782178218,-0.3415841584158416,0.6188118811881188,-0.36633663366336633,0.7821782178217822,-0.39603960396039606,0.9257425742574258
2,0.0,0.0,-0.2524752475247525,0.0049504950495049506,-0.49504950495049505,0.08415841584158416,-0.6485148514851485,0.12376237623762376,-0.7425742574257426,0.07920792079207921,-0.693069306930693,0.16831683168316833,-0.8316831683168316,0.4752475247524752,-0.9257425742574258,0.6633663366336634,-1.0,0.806930693069307,-0.6138613861386139,0.20297029702970298,-0.5495049504950495,0.5891089108910891,-0.4306930693069307,0.5099009900990099,-0.41089108910891087,0.400990099009901,-0.47029702970297027,0.25742574257425743,-0.400990099009901,0.599009900990099,-0.31683168316831684,0.5198019801980198,-0.297029702970297,0.4158415841584158,-0.30198019801980197,0.3118811881188119,-0.3415841584158416,0.6138613861386139,-0.3564356435643564,0.7772277227722773,-0.39603960396039606,0.9257425742574258
2,0.0,0.0,-0.25365853658536586,-0.01951219512195122,-0.5121951219512195,0.00975609756097561,-0.6926829268292682,-0.00975609756097561,-0.7902439024390244,-0.12195121951219512,-0.697560975609756,0.18536585365853658,-0.8439024390243902,0.4878048780487805,-0.9317073170731708,0.6829268292682927,-1.0,0.8292682926829268,-0.6,0.23902439024390243,-0.551219512195122,0.6146341463414634,-0.4292682926829268,0.526829268292683,-0.4,0.40487804878048783,-0.44878048780487806,0.2975609756097561,-0.3853658536585366,0.624390243902439,-0.2926829268292683,0.5414634146341464,-0.2731707317073171,0.43414634146341463,-0.2731707317073171,0.35609756097560974,-0.3121951219512195,0.6536585365853659,-0.3170731707317073,0.8146341463414634,-0.3463414634146341,0.9560975609756097
2,0.0,0.0,-0.2985781990521327,0.03317535545023697,-0.5118483412322274,0.20853080568720378,-0.6066350710900474,0.3981042654028436,-0.6066350710900474,0.5592417061611374,-0.6872037914691943,0.26066350710900477,-0.8104265402843602,0.5924170616113744,-0.8720379146919431,0.7867298578199052,-0.919431279620853,0.943127962085308,-0.5829383886255924,0.2938388625592417,-0.5071090047393365,0.6682464454976303,-0.3981042654028436,0.5876777251184834,-0.3791469194312796,0.4928909952606635,-0.41232227488151657,0.33649289099526064,-0.35545023696682465,0.6729857819905213,-0.27488151658767773,0.5971563981042654,-0.25118483412322273,0.5071090047393365,-0.22748815165876776,0.3791469194312796,-0.2559241706161137,0.6777251184834123,-0.27488151658767773,0.8483412322274881,-0.2938388625592417,1.0
2,0.0,0.0,-0.3024390243902439,0.014634146341463415,-0.5414634146341464,0.1902439024390244,-0.6390243902439025,0.3951219512195122,-0.6487804878048781,0.5609756097560976,-0.7121951219512195,0.22926829268292684,-0.8439024390243902,0.5658536585365853,-0.9170731707317074,0.7609756097560976,-0.975609756097561,0.9170731707317074,-0.5951219512195122,0.2731707317073171,-0.5414634146341464,0.6585365853658537,-0.43414634146341463,0.5902439024390244,-0.4097560975609756,0.4926829268292683,-0.424390243902439,0.32195121951219513,-0.3853658536585366,0.6682926829268293,-0.3024390243902439,0.6,-0.2634146341463415,0.5073170731707317,-0.23902439024390243,0.37073170731707317,-0.2780487804878049,0.6780487804878049,-0.2975609756097561,0.848780487804878,-0.32195121951219513,1.0
2,0.0,0.0,-0.3096446700507614,0.015228426395939087,-0.5482233502538071,0.18781725888324874,-0.6649746192893401,0.39593908629441626,-0.6852791878172588,0.5482233502538071,-0.7360406091370558,0.23857868020304568,-0.868020304568528,0.5736040609137056,-0.9390862944162437,0.7766497461928934,-0.9949238578680203,0.934010152284264,-0.6192893401015228,0.2639593908629442,-0.5532994923857868,0.6802030456852792,-0.4365482233502538,0.5939086294416244,-0.4263959390862944,0.48223350253807107,-0.4416243654822335,0.30456852791878175,-0.39593908629441626,0.6802030456852792,-0.3096446700507614,0.5939086294416244,-0.29441624365482233,0.48223350253807107,-0.24873096446700507,0.350253807106599,-0.26903553299492383,0.6649746192893401,-0.29441624365482233,0.8426395939086294,-0.3350253807106599,1.0
2,0.0,0.0,-0.31794871794871793,0.03076923076923077,-0.558974358974359,0.20512820512820512,-0.6717948717948717,0.4205128205128205,-0.6820512820512821,0.5897435897435898,-0.7230769230769231,0.24102564102564103,-0.8512820512820513,0.5846153846153846,-0.9282051282051282,0.7846153846153846,-0.9846153846153847,0.9435897435897436,-0.6051282051282051,0.26666666666666666,-0.5333333333333333,0.6923076923076923,-0.4153846153846154,0.6051282051282051,-0.40512820512820513,0.49743589743589745,-0.4205128205128205,0.30256410256410254,-0.37435897435897436,0.6820512820512821,-0.28717948717948716,0.5948717948717949,-0.26153846153846155,0.48717948717948717,-0.22564102564102564,0.3487179487179487,-0.2564102564102564,0.6564102564102564,-0.27692307692307694,0.841025641025641,-0.3128205128205128,1.0
2,0.0,0.0,-0.31216931216931215,0.031746031746031744,-0.5502645502645502,0.20105820105820105,-0.6613756613756614,0.4021164021164021,-0.6666666666666666,0.5767195767195767,-0.708994708994709,0.24867724867724866,-0.8571428571428571,0.5925925925925926,-0.9365079365079365,0.7936507936507936,-1.0,0.9576719576719577,-0.5873015873015873,0.2751322751322751,-0.5185185185185185,0.7037037037037037,-0.4021164021164021,0.6137566137566137,-0.4021164021164021,0.4973544973544973,-0.3968253968253968,0.31216931216931215,-0.3544973544973545,0.6984126984126984,-0.2751322751322751,0.6137566137566137,-0.25925925925925924,0.5026455026455027,-0.19576719576719576,0.35978835978835977,-0.2275132275132275,0.6666666666666666,-0.24867724867724866,0.8412698412698413,-0.2857142857142857,0.9947089947089947
2,0.0,0.0,-0.30569948186528495,0.04145077720207254,-0.538860103626943,0.20725388601036268,-0.6373056994818653,0.41450777202072536,-0.6373056994818653,0.5854922279792746,-0.694300518134715,0.2538860103626943,-0.8393782383419689,0.5906735751295337,-0.917098445595855,0.7927461139896373,-0.9792746113989638,0.9533678756476683,-0.5751295336787565,0.2849740932642487,-0.5181347150259067,0.7046632124352331,-0.39896373056994816,0.6476683937823834,-0.38341968911917096,0.5440414507772021,-0.39378238341968913,0.33678756476683935,-0.3626943005181347,0.7150259067357513,-0.2694300518134715,0.6528497409326425,-0.24352331606217617,0.5595854922279793,-0.19689119170984457,0.38860103626943004,-0.22279792746113988,0.689119170984456,-0.23834196891191708,0.8549222797927462,-0.2694300518134715,1.0
2,0.0,0.0,-0.31088082901554404,0.031088082901554404,-0.538860103626943,0.20207253886010362,-0.6269430051813472,0.41968911917098445,-0.616580310880829,0.5958549222797928,-0.7098445595854922,0.22797927461139897,-0.8601036269430051,0.5647668393782384,-0.9378238341968912,0.7668393782383419,-1.0,0.927461139896373,-0.5906735751295337,0.26424870466321243,-0.5284974093264249,0.6839378238341969,-0.40932642487046633,0.6062176165803109,-0.40414507772020725,0.5025906735751295,-0.40414507772020725,0.3160621761658031,-0.3626943005181347,0.694300518134715,-0.27461139896373055,0.6217616580310881,-0.2538860103626943,0.5181347150259067,-0.20725388601036268,0.37305699481865284,-0.23316062176165803,0.6735751295336787,-0.2538860103626943,0.8393782383419689,-0.29015544041450775,0.9792746113989638
2,0.0,0.0,-0.25157232704402516,0.14465408805031446,-0.5283018867924528,0.2641509433962264,-0.7232704402515723,0.4025157232704403,-0.8867924528301887,0.5345911949685535,-0.6981132075471698,-0.09433962264150944,-0.8050314465408805,0.05660377358490566,-0.9119496855345912,0.1949685534591195,-1.0,0.3270440251572327,-0.5911949685534591,-0.2578616352201258,-0.42138364779874216,0.1761006289308176,-0.2830188679245283,0.3270440251572327,-0.20125786163522014,0.33962264150943394,-0.3836477987421384,-0.32075471698113206,-0.2138364779874214,0.0880503144654088,-0.1509433962264151,0.22641509433962265,-0.11949685534591195,0.2641509433962264,-0.1509433962264151,-0.33962264150943394,-0.0440251572327044,-0.07547169811320754,-0.025157232704402517,0.0440251572327044,-0.018867924528301886,0.0880503144654088
2,0.0,0.0,-0.23493975903614459,0.14457831325301204,-0.5,0.26506024096385544,-0.6807228915662651,0.3855421686746988,-0.8493975903614458,0.5120481927710844,-0.6867469879518072,-0.0783132530120482,-0.7951807228915663,0.060240963855421686,-0.9036144578313253,0.1746987951807229,-1.0,0.28313253012048195,-0.5903614457831325,-0.2289156626506024,-0.42771084337349397,0.1686746987951807,-0.2710843373493976,0.3192771084337349,-0.1686746987951807,0.35542168674698793,-0.39759036144578314,-0.29518072289156627,-0.23493975903614459,0.08433734939759036,-0.1566265060240964,0.22289156626506024,-0.10240963855421686,0.28313253012048195,-0.1746987951807229,-0.3132530120481928,-0.08433734939759036,-0.07228915662650602,-0.06626506024096386,0.04819277108433735,-0.060240963855421686,0.10843373493975904
2,0.0,0.0,-0.20118343195266272,0.1301775147928994,-0.46745562130177515,0.21893491124260356,-0.6568047337278107,0.3254437869822485,-0.8224852071005917,0.4378698224852071,-0.6745562130177515,-0.11242603550295859,-0.7928994082840237,0.023668639053254437,-0.8994082840236687,0.14201183431952663,-1.0,0.23668639053254437,-0.591715976331361,-0.26627218934911245,-0.4319526627218935,0.11242603550295859,-0.2603550295857988,0.24260355029585798,-0.15976331360946747,0.25443786982248523,-0.40236686390532544,-0.33136094674556216,-0.25443786982248523,0.011834319526627219,-0.15384615384615385,0.13609467455621302,-0.10650887573964497,0.15976331360946747,-0.1834319526627219,-0.3609467455621302,-0.09467455621301775,-0.13609467455621302,-0.0650887573964497,0.0,-0.05325443786982249,0.05917159763313609
2,0.0,0.0,-0.2215568862275449,0.1437125748502994,-0.48502994011976047,0.25748502994011974,-0.6526946107784432,0.3712574850299401,-0.8203592814371258,0.47904191616766467,-0.6826347305389222,-0.08383233532934131,-0.7964071856287425,0.059880239520958084,-0.9041916167664671,0.17964071856287425,-1.0,0.281437125748503,-0.5868263473053892,-0.23353293413173654,-0.4251497005988024,0.16766467065868262,-0.2634730538922156,0.2994011976047904,-0.16766467065868262,0.31736526946107785,-0.38922155688622756,-0.2994011976047904,-0.23952095808383234,0.0658682634730539,-0.15568862275449102,0.17365269461077845,-0.11377245508982035,0.18562874251497005,-0.16766467065868262,-0.32335329341317365,-0.0718562874251497,-0.07784431137724551,-0.05389221556886228,0.04790419161676647,-0.04790419161676647,0.10778443113772455
2,0.0,0.0,-0.2222222222222222,0.14035087719298245,-0.49707602339181284,0.24561403508771928,-0.672514619883041,0.3567251461988304,-0.8304093567251462,0.47368421052631576,-0.7017543859649122,-0.08187134502923976,-0.8011695906432749,0.05847953216374269,-0.9064327485380117,0.1695906432748538,-1.0,0.2631578947368421,-0.6081871345029239,-0.23391812865497075,-0.4327485380116959,0.18128654970760233,-0.2631578947368421,0.30409356725146197,-0.1695906432748538,0.2982456140350877,-0.4093567251461988,-0.2982456140350877,-0.24561403508771928,0.08187134502923976,-0.15789473684210525,0.1871345029239766,-0.11695906432748537,0.1871345029239766,-0.1871345029239766,-0.3157894736842105,-0.0935672514619883,-0.07602339181286549,-0.07602339181286549,0.04678362573099415,-0.07017543859649122,0.0935672514619883
2,0.0,0.0,-0.22485207100591717,0.14201183431952663,-0.4970414201183432,0.23076923076923078,-0.6982248520710059,0.33136094674556216,-0.8875739644970414,0.4378698224852071,-0.6863905325443787,-0.08875739644970414,-0.7928994082840237,0.05325443786982249,-0.8994082840236687,0.17751479289940827,-1.0,0.28402366863905326,-0.591715976331361,-0.23668639053254437,-0.42011834319526625,0.17751479289940827,-0.2781065088757396,0.33136094674556216,-0.1893491124260355,0.34911242603550297,-0.3905325443786982,-0.2958579881656805,-0.22485207100591717,0.09467455621301775,-0.14201183431952663,0.23668639053254437,-0.10650887573964497,0.2781065088757396,-0.15976331360946747,-0.3076923076923077,-0.0650887573964497,-0.05325443786982249,-0.047337278106508875,0.07692307692307693,-0.047337278106508875,0.1301775147928994
2,0.0,0.0,-0.20903954802259886,0.11864406779661017,-0.4689265536723164,0.192090395480226,-0.6666666666666666,0.2598870056497175,-0.8531073446327684,0.3446327683615819,-0.6214689265536724,-0.11299435028248588,-0.7570621468926554,-0.022598870056497175,-0.8870056497175142,0.05649717514124294,-1.0,0.12429378531073447,-0.5310734463276836,-0.2598870056497175,-0.3954802259887006,0.12429378531073447,-0.2598870056497175,0.2937853107344633,-0.1807909604519774,0.3333333333333333,-0.3502824858757062,-0.3220338983050847,-0.2033898305084746,0.05084745762711865,-0.14124293785310735,0.2033898305084746,-0.10734463276836158,0.2542372881355932,-0.14124293785310735,-0.327683615819209,-0.04519774011299435,-0.0903954802259887,-0.03389830508474576,0.01694915254237288,-0.02824858757062147,0.05649717514124294
2,0.0,0.0,-0.20441988950276244,0.12154696132596685,-0.46408839779005523,0.18232044198895028,-0.6464088397790055,0.2541436464088398,-0.8121546961325967,0.3370165745856354,-0.574585635359116,-0.13259668508287292,-0.7292817679558011,-0.06629834254143646,-0.8729281767955801,-0.022099447513812154,-1.0,0.011049723756906077,-0.4861878453038674,-0.281767955801105,-0.3701657458563536,0.0718232044198895,-0.2430939226519337,0.23756906077348067,-0.15469613259668508,0.27624309392265195,-0.30386740331491713,-0.3425414364640884,-0.1712707182320442,0.0055248618784530384,-0.11602209944751381,0.16574585635359115,-0.0718232044198895,0.23204419889502761,-0.10497237569060773,-0.34806629834254144,-0.03314917127071823,-0.1712707182320442,-0.04419889502762431,-0.10497237569060773,-0.049723756906077346,-0.08839779005524862
2,0.0,0.0,-0.2094240837696335,0.1099476439790576,-0.4712041884816754,0.16230366492146597,-0.6596858638743456,0.225130890052356,-0.8324607329842932,0.2879581151832461,-0.5759162303664922,-0.14136125654450263,-0.7382198952879581,-0.07853403141361257,-0.8743455497382199,-0.03664921465968586,-1.0,-0.005235602094240838,-0.4869109947643979,-0.28272251308900526,-0.39267015706806285,0.04712041884816754,-0.27225130890052357,0.2094240837696335,-0.18848167539267016,0.2670157068062827,-0.3089005235602094,-0.33507853403141363,-0.19895287958115182,-0.010471204188481676,-0.1518324607329843,0.13612565445026178,-0.12041884816753927,0.18848167539267016,-0.12041884816753927,-0.3298429319371728,-0.06282722513089005,-0.14659685863874344,-0.06282722513089005,-0.08900523560209424,-0.06282722513089005,-0.08900523560209424
2,0.0,0.0,-0.20725388601036268,0.11398963730569948,-0.47150259067357514,0.16062176165803108,-0.6632124352331606,0.20725388601036268,-0.8290155440414507,0.2694300518134715,-0.5803108808290155,-0.13471502590673576,-0.7357512953367875,-0.09326424870466321,-0.8756476683937824,-0.07253886010362694,-1.0,-0.05181347150259067,-0.49740932642487046,-0.27979274611398963,-0.39896373056994816,0.02072538860103627,-0.2849740932642487,0.18134715025906736,-0.20207253886010362,0.24870466321243523,-0.32124352331606215,-0.34196891191709844,-0.20725388601036268,-0.03626943005181347,-0.15544041450777202,0.12953367875647667,-0.12435233160621761,0.21243523316062177,-0.13471502590673576,-0.3471502590673575,-0.08290155440414508,-0.19689119170984457,-0.09326424870466321,-0.14507772020725387,-0.10362694300518134,-0.13471502590673576
2,0.0,0.0,-0.21505376344086022,0.11827956989247312,-0.4838709677419355,0.17204301075268819,-0.6720430107526881,0.23655913978494625,-0.8440860215053764,0.3010752688172043,-0.5645161290322581,-0.14516129032258066,-0.7365591397849462,-0.12903225806451613,-0.8763440860215054,-0.11290322580645161,-1.0,-0.10215053763440861,-0.478494623655914,-0.3118279569892473,-0.3817204301075269,-0.010752688172043012,-0.27419354838709675,0.1827956989247312,-0.1935483870967742,0.26344086021505375,-0.2956989247311828,-0.3763440860215054,-0.1827956989247312,-0.06451612903225806,-0.12365591397849462,0.12903225806451613,-0.08602150537634409,0.21505376344086022,-0.10215053763440861,-0.3817204301075269,-0.053763440860215055,-0.22580645161290322,-0.03763440860215054,-0.15053763440860216,-0.016129032258064516,-0.12903225806451613
2,0.0,0.0,-0.185,0.1,-0.44,0.14,-0.63,0.195,-0.785,0.27,-0.55,-0.165,-0.73,-0.23,-0.87,-0.27,-1.0,-0.32,-0.48,-0.34,-0.39,-0.145,-0.27,0.045,-0.205,0.12,-0.325,-0.425,-0.205,-0.21,-0.13,-0.02,-0.085,0.065,-0.145,-0.46,-0.095,-0.345,-0.05,-0.225,-0.015,-0.17
2,0.0,0.0,-0.1941747572815534,0.10679611650485436,-0.44660194174757284,0.15048543689320387,-0.6359223300970874,0.21359223300970873,-0.7864077669902912,0.2912621359223301,-0.558252427184466,-0.13106796116504854,-0.7330097087378641,-0.19902912621359223,-0.8737864077669902,-0.23786407766990292,-1.0,-0.28640776699029125,-0.49514563106796117,-0.30097087378640774,-0.4029126213592233,-0.11165048543689321,-0.28640776699029125,0.06796116504854369,-0.22815533980582525,0.13592233009708737,-0.34951456310679613,-0.3932038834951456,-0.23300970873786409,-0.17475728155339806,-0.1553398058252427,0.0,-0.11650485436893204,0.07281553398058252,-0.1796116504854369,-0.4368932038834951,-0.12135922330097088,-0.28640776699029125,-0.06796116504854369,-0.1553398058252427,-0.024271844660194174,-0.09223300970873786
2,0.0,0.0,-0.19597989949748743,0.10050251256281408,-0.45226130653266333,0.1507537688442211,-0.6432160804020101,0.21608040201005024,-0.8090452261306532,0.2864321608040201,-0.5628140703517588,-0.16080402010050251,-0.7286432160804021,-0.23115577889447236,-0.8693467336683417,-0.27638190954773867,-1.0,-0.3316582914572864,-0.48743718592964824,-0.33668341708542715,-0.3869346733668342,-0.135678391959799,-0.27638190954773867,0.05025125628140704,-0.21105527638190955,0.1306532663316583,-0.3316582914572864,-0.4271356783919598,-0.20603015075376885,-0.21105527638190955,-0.1306532663316583,-0.01507537688442211,-0.09045226130653267,0.09045226130653267,-0.1507537688442211,-0.46733668341708545,-0.10552763819095477,-0.36683417085427134,-0.07537688442211055,-0.27638190954773867,-0.04020100502512563,-0.23618090452261306
2,0.0,0.0,-0.20398009950248755,0.1044776119402985,-0.4626865671641791,0.15422885572139303,-0.6567164179104478,0.22388059701492538,-0.8258706467661692,0.29850746268656714,-0.572139303482587,-0.14925373134328357,-0.736318407960199,-0.21393034825870647,-0.8706467661691543,-0.2537313432835821,-1.0,-0.29850746268656714,-0.5024875621890548,-0.3283582089552239,-0.40298507462686567,-0.11940298507462686,-0.2835820895522388,0.07462686567164178,-0.22885572139303484,0.13930348258706468,-0.3482587064676617,-0.417910447761194,-0.21890547263681592,-0.1890547263681592,-0.13432835820895522,0.014925373134328358,-0.1044776119402985,0.09950248756218906,-0.16417910447761194,-0.4577114427860697,-0.10945273631840796,-0.3283582089552239,-0.05970149253731343,-0.208955223880597,-0.024875621890547265,-0.16417910447761194
2,0.0,0.0,-0.21243523316062177,0.10880829015544041,-0.49222797927461137,0.15025906735751296,-0.6994818652849741,0.21243523316062177,-0.8601036269430051,0.29533678756476683,-0.5699481865284974,-0.15544041450777202,-0.7305699481865285,-0.22279792746113988,-0.8652849740932642,-0.25906735751295334,-1.0,-0.30569948186528495,-0.49222797927461137,-0.34196891191709844,-0.37305699481865284,-0.11398963730569948,-0.26424870466321243,0.07772020725388601,-0.21243523316062177,0.13989637305699482,-0.3316062176165803,-0.43523316062176165,-0.18652849740932642,-0.17616580310880828,-0.11398963730569948,0.025906735751295335,-0.08808290155440414,0.09844559585492228,-0.14507772020725387,-0.47150259067357514,-0.05699481865284974,-0.29015544041450775,0.0,-0.15544041450777202,0.04145077720207254,-0.10880829015544041
2,0.0,0.0,-0.211340206185567,0.1134020618556701,-0.5,0.14948453608247422,-0.711340206185567,0.22164948453608246,-0.8814432989690721,0.30412371134020616,-0.5721649484536082,-0.16494845360824742,-0.7319587628865979,-0.23195876288659795,-0.8711340206185567,-0.27319587628865977,-1.0,-0.31958762886597936,-0.4896907216494845,-0.3556701030927835,-0.3711340206185567,-0.12371134020618557,-0.25773195876288657,0.07731958762886598,-0.20618556701030927,0.13917525773195877,-0.31443298969072164,-0.44329896907216493,-0.17525773195876287,-0.18041237113402062,-0.10824742268041238,0.020618556701030927,-0.08762886597938144,0.08762886597938144,-0.12371134020618557,-0.4690721649484536,-0.020618556701030927,-0.28350515463917525,0.030927835051546393,-0.13402061855670103,0.06701030927835051,-0.08247422680412371
2,0.0,0.0,-0.22105263157894736,0.11052631578947368,-0.5105263157894737,0.15789473684210525,-0.7263157894736842,0.23157894736842105,-0.9,0.3157894736842105,-0.5789473684210527,-0.1631578947368421,-0.7315789473684211,-0.22105263157894736,-0.868421052631579,-0.25263157894736843,-1.0,-0.3,-0.48947368421052634,-0.35789473684210527,-0.3684210526315789,-0.1,-0.2578947368421053,0.09473684210526316,-0.19473684210526315,0.1631578947368421,-0.30526315789473685,-0.4421052631578947,-0.16842105263157894,-0.16842105263157894,-0.1,0.031578947368421054,-0.06842105263157895,0.10526315789473684,-0.10526315789473684,-0.46842105263157896,0.005263157894736842,-0.2736842105263158,0.06315789473684211,-0.13157894736842105,0.11052631578947368,-0.08947368421052632
2,0.0,0.0,-0.21578947368421053,0.10526315789473684,-0.5052631578947369,0.15263157894736842,-0.7210526315789474,0.22631578947368422,-0.8947368421052632,0.30526315789473685,-0.5789473684210527,-0.15789473684210525,-0.7315789473684211,-0.22105263157894736,-0.868421052631579,-0.25263157894736843,-1.0,-0.3,-0.48947368421052634,-0.35789473684210527,-0.3684210526315789,-0.11052631578947368,-0.2578947368421053,0.1,-0.21052631578947367,0.1631578947368421,-0.3105263157894737,-0.4473684210526316,-0.1631578947368421,-0.16842105263157894,-0.1,0.042105263157894736,-0.08421052631578947,0.10526315789473684,-0.11052631578947368,-0.47368421052631576,-0.010526315789473684,-0.2578947368421053,0.03684210526315789,-0.08421052631578947,0.05263157894736842,-0.015789473684210527
2,0.0,0.0,-0.21164021164021163,0.10582010582010581,-0.5026455026455027,0.14814814814814814,-0.708994708994709,0.2222222222222222,-0.8835978835978836,0.2962962962962963,-0.5661375661375662,-0.1693121693121693,-0.7248677248677249,-0.2275132275132275,-0.8624338624338624,-0.25925925925925924,-1.0,-0.30158730158730157,-0.4708994708994709,-0.37037037037037035,-0.36507936507936506,-0.12169312169312169,-0.25925925925925924,0.09523809523809523,-0.21693121693121692,0.15343915343915343,-0.291005291005291,-0.4603174603174603,-0.15343915343915343,-0.17989417989417988,-0.08994708994708994,0.037037037037037035,-0.07407407407407407,0.10052910052910052,-0.08465608465608465,-0.48148148148148145,0.010582010582010581,-0.30158730158730157,0.06349206349206349,-0.1693121693121693,0.08994708994708994,-0.13756613756613756
2,0.0,0.0,-0.22279792746113988,0.10362694300518134,-0.5077720207253886,0.14507772020725387,-0.7202072538860104,0.21243523316062177,-0.8860103626943006,0.29533678756476683,-0.5751295336787565,-0.16580310880829016,-0.7305699481865285,-0.23316062176165803,-0.8652849740932642,-0.26424870466321243,-1.0,-0.30569948186528495,-0.48704663212435234,-0.35751295336787564,-0.36787564766839376,-0.10880829015544041,-0.25906735751295334,0.08808290155440414,-0.21243523316062177,0.15025906735751296,-0.31088082901554404,-0.44041450777202074,-0.17616580310880828,-0.16580310880829016,-0.10362694300518134,0.04145077720207254,-0.08808290155440414,0.10880829015544041,-0.11398963730569948,-0.46632124352331605,-0.02072538860103627,-0.2538860103626943,0.031088082901554404,-0.08290155440414508,0.05181347150259067,-0.015544041450777202
2,0.0,0.0,-0.21890547263681592,0.10945273631840796,-0.5024875621890548,0.13930348258706468,-0.7064676616915423,0.20398009950248755,-0.8706467661691543,0.2736318407960199,-0.582089552238806,-0.15920398009950248,-0.7412935323383084,-0.24875621890547264,-0.8706467661691543,-0.2885572139303483,-1.0,-0.34328358208955223,-0.5024875621890548,-0.3383084577114428,-0.40298507462686567,-0.11442786069651742,-0.2935323383084577,0.07462686567164178,-0.24875621890547264,0.12437810945273632,-0.34328358208955223,-0.4228855721393035,-0.22885572139303484,-0.17412935323383086,-0.15422885572139303,0.01990049751243781,-0.13432835820895522,0.07462686567164178,-0.16417910447761194,-0.4527363184079602,-0.0945273631840796,-0.2736318407960199,-0.04975124378109453,-0.0945273631840796,-0.024875621890547265,-0.009950248756218905
2,0.0,0.0,-0.20346320346320346,0.09523809523809523,-0.4588744588744589,0.12121212121212122,-0.6536796536796536,0.1645021645021645,-0.7965367965367965,0.23809523809523808,-0.5757575757575758,-0.21645021645021645,-0.7489177489177489,-0.341991341991342,-0.8744588744588745,-0.42857142857142855,-1.0,-0.5064935064935064,-0.48484848484848486,-0.354978354978355,-0.45021645021645024,-0.26406926406926406,-0.341991341991342,-0.09090909090909091,-0.29004329004329005,-0.004329004329004329,-0.329004329004329,-0.42424242424242425,-0.27705627705627706,-0.3246753246753247,-0.2077922077922078,-0.14285714285714285,-0.18181818181818182,-0.03463203463203463,-0.15151515151515152,-0.45021645021645024,-0.19047619047619047,-0.5064935064935064,-0.19480519480519481,-0.5714285714285714,-0.21212121212121213,-0.658008658008658
2,0.0,0.0,-0.2017167381974249,0.09871244635193133,-0.4678111587982833,0.12875536480686695,-0.6566523605150214,0.18454935622317598,-0.8068669527896996,0.26180257510729615,-0.575107296137339,-0.20600858369098712,-0.7553648068669528,-0.33905579399141633,-0.8798283261802575,-0.4334763948497854,-1.0,-0.51931330472103,-0.47639484978540775,-0.33047210300429186,-0.45064377682403434,-0.2703862660944206,-0.33905579399141633,-0.09871244635193133,-0.2875536480686695,-0.004291845493562232,-0.3261802575107296,-0.4034334763948498,-0.296137339055794,-0.34334763948497854,-0.21030042918454936,-0.15879828326180256,-0.18025751072961374,-0.04291845493562232,-0.1630901287553648,-0.43776824034334766,-0.2017167381974249,-0.5321888412017167,-0.20600858369098712,-0.6008583690987125,-0.22746781115879827,-0.6866952789699571
2,0.0,0.0,-0.20600858369098712,0.09012875536480687,-0.4678111587982833,0.11587982832618025,-0.6566523605150214,0.17167381974248927,-0.8068669527896996,0.24034334763948498,-0.5836909871244635,-0.22746781115879827,-0.7639484978540773,-0.3605150214592275,-0.8884120171673819,-0.4592274678111588,-1.0,-0.5493562231759657,-0.47639484978540775,-0.351931330472103,-0.4678111587982833,-0.30042918454935624,-0.3562231759656652,-0.12446351931330472,-0.30472103004291845,-0.034334763948497854,-0.3218884120171674,-0.41630901287553645,-0.3090128755364807,-0.3648068669527897,-0.22746781115879827,-0.18025751072961374,-0.19742489270386265,-0.06866952789699571,-0.15879828326180256,-0.44635193133047213,-0.2017167381974249,-0.5493562231759657,-0.21030042918454936,-0.630901287553648,-0.2446351931330472,-0.7296137339055794
2,0.0,0.0,-0.2076271186440678,0.09745762711864407,-0.4703389830508475,0.1271186440677966,-0.6567796610169492,0.18220338983050846,-0.809322033898305,0.2542372881355932,-0.5847457627118644,-0.21610169491525424,-0.7584745762711864,-0.3474576271186441,-0.885593220338983,-0.4491525423728814,-1.0,-0.538135593220339,-0.4872881355932203,-0.3389830508474576,-0.4661016949152542,-0.2796610169491525,-0.3559322033898305,-0.1016949152542373,-0.3093220338983051,-0.01694915254237288,-0.3347457627118644,-0.4067796610169492,-0.3008474576271186,-0.3474576271186441,-0.22033898305084745,-0.1652542372881356,-0.19491525423728814,-0.05508474576271186,-0.1652542372881356,-0.4364406779661017,-0.2076271186440678,-0.5296610169491526,-0.211864406779661,-0.6059322033898306,-0.2330508474576271,-0.7033898305084746
2,0.0,0.0,-0.20346320346320346,0.09956709956709957,-0.4675324675324675,0.12987012987012986,-0.6623376623376623,0.18614718614718614,-0.8181818181818182,0.26406926406926406,-0.5800865800865801,-0.21212121212121213,-0.7619047619047619,-0.3463203463203463,-0.8874458874458875,-0.45021645021645024,-1.0,-0.5411255411255411,-0.47619047619047616,-0.33766233766233766,-0.4588744588744589,-0.27705627705627706,-0.341991341991342,-0.10822510822510822,-0.27705627705627706,-0.012987012987012988,-0.3203463203463203,-0.4069264069264069,-0.2943722943722944,-0.3463203463203463,-0.21212121212121213,-0.16883116883116883,-0.1774891774891775,-0.05627705627705628,-0.15151515151515152,-0.44155844155844154,-0.19480519480519481,-0.5411255411255411,-0.19913419913419914,-0.6190476190476191,-0.22510822510822512,-0.70995670995671
2,0.0,0.0,-0.20512820512820512,0.09829059829059829,-0.4658119658119658,0.12393162393162394,-0.6666666666666666,0.1794871794871795,-0.8247863247863247,0.2606837606837607,-0.5854700854700855,-0.21794871794871795,-0.7606837606837606,-0.34615384615384615,-0.8846153846153846,-0.4444444444444444,-1.0,-0.5341880341880342,-0.49145299145299143,-0.3504273504273504,-0.45726495726495725,-0.2692307692307692,-0.34615384615384615,-0.09401709401709402,-0.28205128205128205,-0.008547008547008548,-0.33760683760683763,-0.4188034188034188,-0.2948717948717949,-0.33760683760683763,-0.21794871794871795,-0.15384615384615385,-0.19230769230769232,-0.042735042735042736,-0.1752136752136752,-0.44871794871794873,-0.20085470085470086,-0.5256410256410257,-0.20085470085470086,-0.6025641025641025,-0.21367521367521367,-0.6965811965811965
2,0.0,0.0,-0.21367521367521367,0.09829059829059829,-0.47863247863247865,0.13247863247863248,-0.6709401709401709,0.19230769230769232,-0.8205128205128205,0.2692307692307692,-0.5897435897435898,-0.2094017094017094,-0.7564102564102564,-0.33760683760683763,-0.8846153846153846,-0.43162393162393164,-1.0,-0.5170940170940171,-0.49572649572649574,-0.34615384615384615,-0.46153846153846156,-0.2606837606837607,-0.3504273504273504,-0.08547008547008547,-0.2905982905982906,0.004273504273504274,-0.3418803418803419,-0.41452991452991456,-0.29914529914529914,-0.3333333333333333,-0.2222222222222222,-0.1452991452991453,-0.18803418803418803,-0.029914529914529916,-0.1752136752136752,-0.4444444444444444,-0.20085470085470086,-0.5213675213675214,-0.20512820512820512,-0.5897435897435898,-0.2222222222222222,-0.6752136752136753
2,0.0,0.0,-0.2088888888888889,0.09333333333333334,-0.48444444444444446,0.13777777777777778,-0.68,0.2088888888888889,-0.8355555555555556,0.28444444444444444,-0.5822222222222222,-0.2088888888888889,-0.7511111111111111,-0.3377777777777778,-0.88,-0.4266666666666667,-1.0,-0.5155555555555555,-0.49333333333333335,-0.36,-0.4311111111111111,-0.2577777777777778,-0.32,-0.08,-0.2577777777777778,0.022222222222222223,-0.3377777777777778,-0.43555555555555553,-0.26666666666666666,-0.3377777777777778,-0.19555555555555557,-0.14666666666666667,-0.16444444444444445,-0.022222222222222223,-0.1688888888888889,-0.4666666666666667,-0.17777777777777778,-0.52,-0.16444444444444445,-0.5866666666666667,-0.16444444444444445,-0.6711111111111111
2,0.0,0.0,-0.20930232558139536,0.11162790697674418,-0.48372093023255813,0.15348837209302327,-0.6837209302325581,0.21395348837209302,-0.8511627906976744,0.28837209302325584,-0.586046511627907,-0.21395348837209302,-0.7488372093023256,-0.34418604651162793,-0.8837209302325582,-0.4372093023255814,-1.0,-0.5302325581395348,-0.4883720930232558,-0.37209302325581395,-0.413953488372093,-0.25116279069767444,-0.30697674418604654,-0.06046511627906977,-0.24651162790697675,0.037209302325581395,-0.3209302325581395,-0.44651162790697674,-0.24186046511627907,-0.3302325581395349,-0.1813953488372093,-0.12558139534883722,-0.15348837209302327,0.009302325581395349,-0.13953488372093023,-0.46511627906976744,-0.13953488372093023,-0.5116279069767442,-0.13023255813953488,-0.5813953488372093,-0.13023255813953488,-0.6744186046511628
2,0.0,0.0,-0.21761658031088082,0.09326424870466321,-0.5077720207253886,0.12953367875647667,-0.7046632124352331,0.20725388601036268,-0.8652849740932642,0.29015544041450775,-0.5958549222797928,-0.19170984455958548,-0.7512953367875648,-0.3005181347150259,-0.8756476683937824,-0.37823834196891193,-1.0,-0.45077720207253885,-0.5129533678756477,-0.37823834196891193,-0.39896373056994816,-0.22797927461139897,-0.29015544041450775,-0.03626943005181347,-0.23316062176165803,0.05699481865284974,-0.3471502590673575,-0.47150259067357514,-0.21761658031088082,-0.3160621761658031,-0.14507772020725387,-0.09844559585492228,-0.11398963730569948,0.031088082901554404,-0.15544041450777202,-0.5129533678756477,-0.12953367875647667,-0.5284974093264249,-0.10362694300518134,-0.5440414507772021,-0.08290155440414508,-0.5803108808290155
2,0.0,0.0,-0.2967741935483871,-0.1870967741935484,-0.567741935483871,-0.4,-0.7870967741935484,-0.5612903225806452,-1.0,-0.6709677419354839,-0.5032258064516129,-0.2967741935483871,-0.632258064516129,-0.6064516129032258,-0.7096774193548387,-0.8,-0.7935483870967742,-0.967741935483871,-0.3032258064516129,-0.24516129032258063,-0.24516129032258063,-0.7870967741935484,-0.10967741935483871,-0.8129032258064516,-0.03870967741935484,-0.7548387096774194,-0.05806451612903226,-0.24516129032258063,0.0064516129032258064,-0.7677419354838709,0.06451612903225806,-0.7741935483870968,0.08387096774193549,-0.6838709677419355,0.1870967741935484,-0.2645161290322581,0.18064516129032257,-0.6258064516129033,0.17419354838709677,-0.832258064516129,0.16774193548387098,-0.9870967741935484
2,0.0,0.0,-0.27631578947368424,-0.19736842105263158,-0.5526315789473685,-0.40789473684210525,-0.7763157894736842,-0.5526315789473685,-1.0,-0.6513157894736842,-0.5263157894736842,-0.2631578947368421,-0.6644736842105263,-0.5394736842105263,-0.7368421052631579,-0.7368421052631579,-0.8092105263157895,-0.9078947368421053,-0.3355263157894737,-0.20394736842105263,-0.2565789473684211,-0.6973684210526315,-0.16447368421052633,-0.7171052631578947,-0.125,-0.6578947368421053,-0.09210526315789473,-0.19736842105263158,-0.013157894736842105,-0.6907894736842105,0.03289473684210526,-0.7039473684210527,0.03289473684210526,-0.631578947368421,0.1513157894736842,-0.2236842105263158,0.15789473684210525,-0.5723684210526315,0.1513157894736842,-0.75,0.13815789473684212,-0.875
2,0.0,0.0,-0.28,-0.25333333333333335,-0.5533333333333333,-0.4866666666666667,-0.7866666666666666,-0.6333333333333333,-1.0,-0.74,-0.56,-0.34,-0.7066666666666667,-0.6,-0.8,-0.78,-0.8866666666666667,-0.9466666666666667,-0.38666666666666666,-0.26,-0.36,-0.6866666666666666,-0.28,-0.8,-0.22,-0.8333333333333334,-0.14,-0.22666666666666666,-0.02,-0.7,0.04666666666666667,-0.7933333333333333,0.08666666666666667,-0.78,0.11333333333333333,-0.23333333333333334,0.15333333333333332,-0.6,0.16666666666666666,-0.7933333333333333,0.18,-0.92
2,0.0,0.0,-0.2980132450331126,-0.23841059602649006,-0.5695364238410596,-0.4768211920529801,-0.8013245033112583,-0.6423841059602649,-1.0,-0.7615894039735099,-0.5298013245033113,-0.32450331125827814,-0.6622516556291391,-0.6026490066225165,-0.7549668874172185,-0.7880794701986755,-0.8410596026490066,-0.9536423841059603,-0.33774834437086093,-0.2582781456953642,-0.2582781456953642,-0.7284768211920529,-0.152317880794702,-0.7814569536423841,-0.09271523178807947,-0.7682119205298014,-0.10596026490066225,-0.23178807947019867,0.013245033112582781,-0.695364238410596,0.0728476821192053,-0.7748344370860927,0.09271523178807947,-0.7549668874172185,0.1390728476821192,-0.23841059602649006,0.16556291390728478,-0.5761589403973509,0.16556291390728478,-0.7682119205298014,0.17218543046357615,-0.9072847682119205
2,0.0,0.0,-0.2905405405405405,-0.25,-0.5608108108108109,-0.5067567567567568,-0.7837837837837838,-0.6824324324324325,-1.0,-0.8243243243243243,-0.5540540540540541,-0.36486486486486486,-0.7027027027027027,-0.6216216216216216,-0.7972972972972973,-0.8040540540540541,-0.8918918918918919,-0.972972972972973,-0.3716216216216216,-0.28378378378378377,-0.42567567567567566,-0.6486486486486487,-0.38513513513513514,-0.8175675675675675,-0.34459459459459457,-0.9054054054054054,-0.13513513513513514,-0.24324324324324326,-0.0472972972972973,-0.6756756756756757,0.04054054054054054,-0.8175675675675675,0.0945945945945946,-0.8581081081081081,0.13513513513513514,-0.25675675675675674,0.16891891891891891,-0.6081081081081081,0.18243243243243243,-0.831081081081081,0.19594594594594594,-0.9864864864864865
2,0.0,0.0,-0.2987012987012987,-0.24025974025974026,-0.564935064935065,-0.461038961038961,-0.7857142857142857,-0.6233766233766234,-1.0,-0.7402597402597403,-0.525974025974026,-0.3051948051948052,-0.6493506493506493,-0.577922077922078,-0.7337662337662337,-0.7727272727272727,-0.8181818181818182,-0.948051948051948,-0.33766233766233766,-0.23376623376623376,-0.2792207792207792,-0.6168831168831169,-0.16883116883116883,-0.7467532467532467,-0.09090909090909091,-0.7987012987012987,-0.1038961038961039,-0.2077922077922078,-0.012987012987012988,-0.6103896103896104,0.05194805194805195,-0.7532467532467533,0.09740259740259741,-0.7922077922077922,0.12987012987012986,-0.23376623376623376,0.15584415584415584,-0.5584415584415584,0.15584415584415584,-0.7532467532467533,0.14935064935064934,-0.8831168831168831
2,0.0,0.0,-0.296551724137931,-0.2827586206896552,-0.5379310344827586,-0.5517241379310345,-0.7172413793103448,-0.7241379310344828,-0.8620689655172413,-0.8551724137931035,-0.5793103448275863,-0.3931034482758621,-0.7448275862068966,-0.6344827586206897,-0.8551724137931035,-0.8206896551724138,-0.9517241379310345,-0.993103448275862,-0.4068965517241379,-0.30344827586206896,-0.5655172413793104,-0.6206896551724138,-0.6413793103448275,-0.8344827586206897,-0.696551724137931,-1.0,-0.1724137931034483,-0.25517241379310346,-0.09655172413793103,-0.6758620689655173,0.0,-0.8275862068965517,0.05517241379310345,-0.8758620689655172,0.09655172413793103,-0.2689655172413793,0.12413793103448276,-0.6,0.12413793103448276,-0.8137931034482758,0.1310344827586207,-0.9862068965517241
2,0.0,0.0,-0.24503311258278146,-0.25165562913907286,-0.4105960264900662,-0.5033112582781457,-0.48344370860927155,-0.695364238410596,-0.5165562913907285,-0.8344370860927153,-0.5231788079470199,-0.3708609271523179,-0.6821192052980133,-0.6225165562913907,-0.7682119205298014,-0.8278145695364238,-0.8543046357615894,-1.0,-0.3576158940397351,-0.2847682119205298,-0.47019867549668876,-0.6026490066225165,-0.4370860927152318,-0.7947019867549668,-0.39072847682119205,-0.9139072847682119,-0.12582781456953643,-0.23841059602649006,-0.09271523178807947,-0.6026490066225165,-0.019867549668874173,-0.7682119205298014,0.033112582781456956,-0.847682119205298,0.13245033112582782,-0.24503311258278146,0.1390728476821192,-0.543046357615894,0.1390728476821192,-0.7350993377483444,0.12582781456953643,-0.8874172185430463
2,0.0,0.0,-0.2808219178082192,-0.2534246575342466,-0.4452054794520548,-0.5136986301369864,-0.5136986301369864,-0.7191780821917808,-0.5342465753424658,-0.8356164383561644,-0.5547945205479452,-0.3698630136986301,-0.7191780821917808,-0.636986301369863,-0.815068493150685,-0.8356164383561644,-0.9178082191780822,-1.0,-0.3835616438356164,-0.2602739726027397,-0.4452054794520548,-0.6506849315068494,-0.4041095890410959,-0.815068493150685,-0.3835616438356164,-0.8904109589041096,-0.136986301369863,-0.2054794520547945,-0.0821917808219178,-0.6301369863013698,-0.0136986301369863,-0.7876712328767124,0.02054794520547945,-0.8356164383561644,0.13013698630136986,-0.2191780821917808,0.13013698630136986,-0.541095890410959,0.1095890410958904,-0.7397260273972602,0.08904109589041095,-0.8835616438356164
2,0.0,0.0,-0.28368794326241137,-0.2695035460992908,-0.44680851063829785,-0.5106382978723404,-0.5035460992907801,-0.7092198581560284,-0.5177304964539007,-0.8439716312056738,-0.5957446808510638,-0.3971631205673759,-0.7659574468085106,-0.6382978723404256,-0.8794326241134752,-0.8368794326241135,-0.9929078014184397,-0.9929078014184397,-0.41843971631205673,-0.2765957446808511,-0.5886524822695035,-0.574468085106383,-0.6879432624113475,-0.8226950354609929,-0.7446808510638298,-1.0,-0.1702127659574468,-0.2198581560283688,-0.15602836879432624,-0.5531914893617021,-0.09219858156028368,-0.75177304964539,-0.04964539007092199,-0.8723404255319149,0.10638297872340426,-0.23404255319148937,0.11347517730496454,-0.5390070921985816,0.10638297872340426,-0.7446808510638298,0.09929078014184398,-0.900709219858156
2,0.0,0.0,-0.2708333333333333,-0.25,-0.4722222222222222,-0.4791666666666667,-0.5972222222222222,-0.6597222222222222,-0.7013888888888888,-0.7916666666666666,-0.5763888888888888,-0.3541666666666667,-0.7361111111111112,-0.6111111111111112,-0.8402777777777778,-0.8263888888888888,-0.9375,-1.0,-0.4027777777777778,-0.2638888888888889,-0.5277777777777778,-0.5625,-0.5972222222222222,-0.7916666666666666,-0.6388888888888888,-0.9583333333333334,-0.1597222222222222,-0.2152777777777778,-0.1388888888888889,-0.5347222222222222,-0.08333333333333333,-0.7152777777777778,-0.041666666666666664,-0.8263888888888888,0.10416666666666667,-0.2222222222222222,0.1111111111111111,-0.5,0.10416666666666667,-0.7083333333333334,0.09722222222222222,-0.8680555555555556
2,0.0,0.0,-0.2582781456953642,-0.2582781456953642,-0.47019867549668876,-0.4966887417218543,-0.6423841059602649,-0.6622516556291391,-0.8278145695364238,-0.7748344370860927,-0.5099337748344371,-0.36423841059602646,-0.6490066225165563,-0.6158940397350994,-0.7350993377483444,-0.8278145695364238,-0.8211920529801324,-1.0,-0.3443708609271523,-0.2847682119205298,-0.4105960264900662,-0.5562913907284768,-0.4304635761589404,-0.7682119205298014,-0.4304635761589404,-0.9139072847682119,-0.11920529801324503,-0.23178807947019867,-0.07947019867549669,-0.5298013245033113,-0.019867549668874173,-0.7152317880794702,0.026490066225165563,-0.8278145695364238,0.12582781456953643,-0.2251655629139073,0.1390728476821192,-0.4900662251655629,0.12582781456953643,-0.6887417218543046,0.11920529801324503,-0.847682119205298
2,0.0,0.0,-0.18867924528301888,-0.2578616352201258,-0.2893081761006289,-0.5094339622641509,-0.2578616352201258,-0.7044025157232704,-0.15723270440251572,-0.8301886792452831,-0.4968553459119497,-0.39622641509433965,-0.6163522012578616,-0.6477987421383647,-0.6981132075471698,-0.8364779874213837,-0.779874213836478,-1.0,-0.3710691823899371,-0.2830188679245283,-0.2830188679245283,-0.6163522012578616,-0.15723270440251572,-0.7547169811320755,-0.06289308176100629,-0.8238993710691824,-0.18238993710691823,-0.20754716981132076,-0.0880503144654088,-0.5471698113207547,-0.006289308176100629,-0.6918238993710691,0.05660377358490566,-0.7735849056603774,0.031446540880503145,-0.1949685534591195,0.05660377358490566,-0.4779874213836478,0.06289308176100629,-0.660377358490566,0.06918238993710692,-0.8050314465408805
2,0.0,0.0,-0.03825136612021858,-0.14207650273224043,-0.08743169398907104,-0.3442622950819672,-0.03825136612021858,-0.5409836065573771,0.02185792349726776,-0.6994535519125683,-0.44808743169398907,-0.4426229508196721,-0.546448087431694,-0.6885245901639344,-0.5956284153005464,-0.8524590163934426,-0.6338797814207651,-1.0,-0.366120218579235,-0.453551912568306,-0.17486338797814208,-0.7049180327868853,-0.03278688524590164,-0.5956284153005464,0.0273224043715847,-0.5027322404371585,-0.23497267759562843,-0.44808743169398907,-0.07103825136612021,-0.6721311475409836,0.03278688524590164,-0.5683060109289617,0.04918032786885246,-0.4808743169398907,-0.10382513661202186,-0.4207650273224044,-0.01092896174863388,-0.5628415300546448,0.04918032786885246,-0.6120218579234973,0.0546448087431694,-0.6557377049180327
2,0.0,0.0,-0.05102040816326531,-0.22448979591836735,-0.10714285714285714,-0.4336734693877551,-0.07653061224489796,-0.5969387755102041,-0.02040816326530612,-0.7142857142857143,-0.3826530612244898,-0.45918367346938777,-0.44387755102040816,-0.7193877551020408,-0.49489795918367346,-0.8724489795918368,-0.5459183673469388,-1.0,-0.32142857142857145,-0.4030612244897959,-0.1377551020408163,-0.6938775510204082,-0.01020408163265306,-0.6020408163265306,0.030612244897959183,-0.5,-0.20408163265306123,-0.336734693877551,-0.025510204081632654,-0.6275510204081632,0.05612244897959184,-0.5255102040816326,0.061224489795918366,-0.42346938775510207,-0.0663265306122449,-0.27040816326530615,0.01020408163265306,-0.46938775510204084,0.05612244897959184,-0.5918367346938775,0.08163265306122448,-0.7091836734693877
2,0.0,0.0,-0.024390243902439025,-0.2048780487804878,-0.06341463414634146,-0.4097560975609756,-0.00975609756097561,-0.5560975609756098,0.05365853658536585,-0.6682926829268293,-0.33170731707317075,-0.4926829268292683,-0.35609756097560974,-0.7268292682926829,-0.3853658536585366,-0.8731707317073171,-0.4146341463414634,-1.0,-0.3024390243902439,-0.43414634146341463,-0.01951219512195122,-0.624390243902439,0.06341463414634146,-0.4878048780487805,0.06341463414634146,-0.3951219512195122,-0.2048780487804878,-0.35609756097560974,0.05853658536585366,-0.551219512195122,0.1073170731707317,-0.424390243902439,0.08780487804878048,-0.33170731707317075,-0.08292682926829269,-0.2731707317073171,0.024390243902439025,-0.44878048780487806,0.05853658536585366,-0.5414634146341464,0.07317073170731707,-0.6390243902439025
2,0.0,0.0,-0.014218009478672985,-0.23696682464454977,-0.10426540284360189,-0.43601895734597157,-0.17061611374407584,-0.5687203791469194,-0.23222748815165878,-0.6682464454976303,-0.3080568720379147,-0.47393364928909953,-0.3175355450236967,-0.7156398104265402,-0.3412322274881517,-0.8672985781990521,-0.3696682464454976,-1.0,-0.2985781990521327,-0.3981042654028436,-0.02843601895734597,-0.6113744075829384,0.061611374407582936,-0.5023696682464455,0.07582938388625593,-0.41232227488151657,-0.2132701421800948,-0.3127962085308057,0.04739336492890995,-0.5308056872037915,0.11374407582938388,-0.41706161137440756,0.11848341232227488,-0.32701421800947866,-0.09004739336492891,-0.23222748815165878,0.018957345971563982,-0.4312796208530806,0.05687203791469194,-0.5355450236966824,0.08056872037914692,-0.6445497630331753
2,0.0,0.0,-0.009389671361502348,-0.23943661971830985,-0.107981220657277,-0.4413145539906103,-0.18779342723004694,-0.5868544600938967,-0.26291079812206575,-0.6995305164319249,-0.3004694835680751,-0.4647887323943662,-0.3051643192488263,-0.7089201877934272,-0.3286384976525822,-0.863849765258216,-0.352112676056338,-1.0,-0.29107981220657275,-0.38967136150234744,-0.014084507042253521,-0.6103286384976526,0.07511737089201878,-0.49765258215962443,0.07981220657276995,-0.4131455399061033,-0.20657276995305165,-0.3004694835680751,0.056338028169014086,-0.5258215962441315,0.1267605633802817,-0.4084507042253521,0.11737089201877934,-0.323943661971831,-0.07981220657276995,-0.22065727699530516,0.023474178403755867,-0.4131455399061033,0.06103286384976526,-0.5211267605633803,0.08450704225352113,-0.6291079812206573
2,0.0,0.0,0.004694835680751174,-0.25821596244131456,-0.0892018779342723,-0.45539906103286387,-0.17370892018779344,-0.5868544600938967,-0.24413145539906103,-0.6901408450704225,-0.3004694835680751,-0.4788732394366197,-0.29107981220657275,-0.7183098591549296,-0.30985915492957744,-0.8685446009389671,-0.3333333333333333,-1.0,-0.29107981220657275,-0.39906103286384975,-0.009389671361502348,-0.6009389671361502,0.07511737089201878,-0.49295774647887325,0.08450704225352113,-0.4131455399061033,-0.2112676056338028,-0.3004694835680751,0.056338028169014086,-0.5164319248826291,0.11737089201877934,-0.4131455399061033,0.11267605633802817,-0.3333333333333333,-0.0892018779342723,-0.2112676056338028,0.018779342723004695,-0.40375586854460094,0.06572769953051644,-0.5117370892018779,0.09859154929577464,-0.6244131455399061
2,0.0,0.0,0.009345794392523364,-0.24766355140186916,-0.07476635514018691,-0.4439252336448598,-0.14485981308411214,-0.5794392523364486,-0.19158878504672897,-0.6869158878504673,-0.29906542056074764,-0.48130841121495327,-0.29439252336448596,-0.7149532710280374,-0.3130841121495327,-0.8691588785046729,-0.3317757009345794,-1.0,-0.29439252336448596,-0.411214953271028,-0.018691588785046728,-0.5981308411214953,0.06542056074766354,-0.49065420560747663,0.07009345794392523,-0.411214953271028,-0.21962616822429906,-0.32710280373831774,0.04205607476635514,-0.5186915887850467,0.10747663551401869,-0.411214953271028,0.102803738317757,-0.32710280373831774,-0.102803738317757,-0.24299065420560748,0.004672897196261682,-0.4252336448598131,0.0514018691588785,-0.5233644859813084,0.08411214953271028,-0.6261682242990654
2,0.0,0.0,0.022935779816513763,-0.24770642201834864,-0.05504587155963303,-0.4541284403669725,-0.12844036697247707,-0.6009174311926605,-0.1926605504587156,-0.7110091743119266,-0.2706422018348624,-0.4954128440366973,-0.25688073394495414,-0.7293577981651376,-0.26605504587155965,-0.8761467889908257,-0.2798165137614679,-1.0,-0.26605504587155965,-0.42201834862385323,0.01834862385321101,-0.6100917431192661,0.11009174311926606,-0.4954128440366973,0.11467889908256881,-0.41284403669724773,-0.1926605504587156,-0.3348623853211009,0.07339449541284404,-0.5275229357798165,0.14220183486238533,-0.40825688073394495,0.13761467889908258,-0.3211009174311927,-0.0779816513761468,-0.24770642201834864,0.013761467889908258,-0.42201834862385323,0.05045871559633028,-0.536697247706422,0.07339449541284404,-0.6467889908256881
2,0.0,0.0,0.018018018018018018,-0.21621621621621623,-0.04054054054054054,-0.42792792792792794,-0.06756756756756757,-0.5855855855855856,-0.1036036036036036,-0.6981981981981982,-0.22972972972972974,-0.5,-0.22072072072072071,-0.7387387387387387,-0.22972972972972974,-0.8828828828828829,-0.23873873873873874,-1.0,-0.23423423423423423,-0.45045045045045046,0.02702702702702703,-0.6171171171171171,0.11711711711711711,-0.4954954954954955,0.12612612612612611,-0.4009009009009009,-0.17117117117117117,-0.38288288288288286,0.08108108108108109,-0.545045045045045,0.15315315315315314,-0.4144144144144144,0.15315315315315314,-0.31981981981981983,-0.07207207207207207,-0.3108108108108108,0.009009009009009009,-0.4774774774774775,0.036036036036036036,-0.581081081081081,0.05405405405405406,-0.6846846846846847
2,0.0,0.0,0.057777777777777775,-0.23555555555555555,0.017777777777777778,-0.43555555555555553,-0.0044444444444444444,-0.5822222222222222,-0.03111111111111111,-0.6888888888888889,-0.21777777777777776,-0.52,-0.20444444444444446,-0.7422222222222222,-0.2088888888888889,-0.88,-0.21777777777777776,-1.0,-0.22666666666666666,-0.4711111111111111,0.03111111111111111,-0.6222222222222222,0.1288888888888889,-0.5022222222222222,0.14222222222222222,-0.40444444444444444,-0.17333333333333334,-0.4,0.08,-0.5422222222222223,0.16,-0.4177777777777778,0.16,-0.3288888888888889,-0.07555555555555556,-0.3244444444444444,-0.017777777777777778,-0.48,0.0,-0.5911111111111111,0.017777777777777778,-0.6977777777777778
2,0.0,0.0,0.09130434782608696,-0.23478260869565218,0.0782608695652174,-0.43043478260869567,0.06521739130434782,-0.5565217391304348,0.043478260869565216,-0.6739130434782609,-0.16521739130434782,-0.5434782608695652,-0.1391304347826087,-0.7608695652173914,-0.13478260869565217,-0.8869565217391304,-0.13478260869565217,-1.0,-0.1826086956521739,-0.4826086956521739,0.07391304347826087,-0.6,0.15217391304347827,-0.47391304347826085,0.16521739130434782,-0.3782608695652174,-0.14347826086956522,-0.4043478260869565,0.10434782608695652,-0.5130434782608696,0.16521739130434782,-0.3782608695652174,0.1608695652173913,-0.29130434782608694,-0.07391304347826087,-0.32608695652173914,-0.013043478260869565,-0.4826086956521739,0.013043478260869565,-0.5956521739130435,0.0391304347826087,-0.7086956521739131
2,0.0,0.0,0.11353711790393013,-0.24017467248908297,0.10480349344978165,-0.4279475982532751,0.08733624454148471,-0.5502183406113537,0.06550218340611354,-0.6681222707423581,-0.14847161572052403,-0.5327510917030568,-0.1091703056768559,-0.7510917030567685,-0.10043668122270742,-0.8864628820960698,-0.10480349344978165,-1.0,-0.17903930131004367,-0.48034934497816595,0.07860262008733625,-0.6026200873362445,0.1615720524017467,-0.4759825327510917,0.17903930131004367,-0.38427947598253276,-0.14847161572052403,-0.4017467248908297,0.10043668122270742,-0.5152838427947598,0.16593886462882096,-0.3799126637554585,0.16593886462882096,-0.28820960698689957,-0.08296943231441048,-0.32751091703056767,-0.03056768558951965,-0.4847161572052402,0.0,-0.6026200873362445,0.03056768558951965,-0.7161572052401747
2,0.0,0.0,0.16751269035532995,-0.23857868020304568,0.17766497461928935,-0.47715736040609136,0.17766497461928935,-0.6243654822335025,0.16243654822335024,-0.7563451776649747,-0.1319796954314721,-0.6345177664974619,-0.050761421319796954,-0.8527918781725888,-0.03553299492385787,-0.9390862944162437,-0.050761421319796954,-1.0,-0.19289340101522842,-0.5736040609137056,0.09137055837563451,-0.7157360406091371,0.20304568527918782,-0.5685279187817259,0.23857868020304568,-0.4517766497461929,-0.18781725888324874,-0.49238578680203043,0.09644670050761421,-0.6243654822335025,0.20812182741116753,-0.4619289340101523,0.23857868020304568,-0.34517766497461927,-0.13705583756345177,-0.41116751269035534,-0.07106598984771574,-0.6040609137055838,-0.025380710659898477,-0.7258883248730964,0.02030456852791878,-0.8426395939086294
2,0.0,0.0,0.13973799126637554,-0.14410480349344978,0.1703056768558952,-0.34934497816593885,0.18777292576419213,-0.4890829694323144,0.19213973799126638,-0.6026200873362445,0.008733624454148471,-0.537117903930131,-0.008733624454148471,-0.759825327510917,-0.013100436681222707,-0.8864628820960698,-0.026200873362445413,-1.0,-0.056768558951965066,-0.5065502183406113,0.08296943231441048,-0.6069868995633187,0.16593886462882096,-0.45414847161572053,0.18340611353711792,-0.34934497816593885,-0.10480349344978165,-0.45414847161572053,0.039301310043668124,-0.5502183406113537,0.13100436681222707,-0.40611353711790393,0.1572052401746725,-0.3056768558951965,-0.13537117903930132,-0.39737991266375544,-0.1091703056768559,-0.5764192139737991,-0.08296943231441048,-0.6812227074235808,-0.056768558951965066,-0.777292576419214
2,0.0,0.0,0.1483050847457627,-0.11864406779661017,0.19915254237288135,-0.3220338983050847,0.22033898305084745,-0.461864406779661,0.23728813559322035,-0.5805084745762712,0.06779661016949153,-0.5254237288135594,0.0423728813559322,-0.7542372881355932,0.038135593220338986,-0.885593220338983,0.029661016949152543,-1.0,-0.00423728813559322,-0.5042372881355932,0.1016949152542373,-0.5932203389830508,0.1694915254237288,-0.4491525423728814,0.18220338983050846,-0.3432203389830508,-0.0635593220338983,-0.4576271186440678,0.0423728813559322,-0.5508474576271186,0.11440677966101695,-0.4025423728813559,0.13559322033898305,-0.2966101694915254,-0.11864406779661017,-0.4067796610169492,-0.11016949152542373,-0.5720338983050848,-0.07627118644067797,-0.6694915254237288,-0.0423728813559322,-0.7711864406779662
2,0.0,0.0,0.15350877192982457,-0.09649122807017543,0.22807017543859648,-0.2894736842105263,0.27631578947368424,-0.4298245614035088,0.30701754385964913,-0.5394736842105263,0.10087719298245613,-0.5175438596491229,0.08333333333333333,-0.75,0.08771929824561403,-0.881578947368421,0.08771929824561403,-1.0,0.021929824561403508,-0.5043859649122807,0.12280701754385964,-0.6052631578947368,0.18859649122807018,-0.4517543859649123,0.19736842105263158,-0.33771929824561403,-0.04824561403508772,-0.47368421052631576,0.04824561403508772,-0.5701754385964912,0.12719298245614036,-0.42105263157894735,0.14473684210526316,-0.31140350877192985,-0.10964912280701754,-0.4342105263157895,-0.11842105263157894,-0.6052631578947368,-0.08771929824561403,-0.706140350877193,-0.06140350877192982,-0.8026315789473685
2,0.0,0.0,0.16363636363636364,-0.09090909090909091,0.2590909090909091,-0.2863636363636364,0.31363636363636366,-0.42272727272727273,0.37272727272727274,-0.5227272727272727,0.13636363636363635,-0.5136363636363637,0.12727272727272726,-0.75,0.1318181818181818,-0.8818181818181818,0.1318181818181818,-1.0,0.04090909090909091,-0.509090909090909,0.1318181818181818,-0.6090909090909091,0.18636363636363637,-0.4590909090909091,0.19545454545454546,-0.33636363636363636,-0.045454545454545456,-0.4863636363636364,0.031818181818181815,-0.5954545454545455,0.09545454545454546,-0.44545454545454544,0.11818181818181818,-0.32272727272727275,-0.12727272727272726,-0.4590909090909091,-0.13636363636363635,-0.6409090909090909,-0.10909090909090909,-0.7454545454545455,-0.08181818181818182,-0.8454545454545455
2,0.0,0.0,0.18433179723502305,-0.09216589861751152,0.31797235023041476,-0.2764976958525346,0.39631336405529954,-0.4055299539170507,0.45622119815668205,-0.5023041474654378,0.17050691244239632,-0.5253456221198156,0.17511520737327188,-0.7511520737327189,0.17511520737327188,-0.880184331797235,0.17511520737327188,-1.0,0.06451612903225806,-0.5207373271889401,0.1382488479262673,-0.6405529953917051,0.1889400921658986,-0.4700460829493088,0.1935483870967742,-0.3317972350230415,-0.03686635944700461,-0.4976958525345622,0.027649769585253458,-0.6175115207373272,0.09216589861751152,-0.45622119815668205,0.1152073732718894,-0.33640552995391704,-0.1382488479262673,-0.4700460829493088,-0.1382488479262673,-0.6589861751152074,-0.1152073732718894,-0.7741935483870968,-0.0967741935483871,-0.8847926267281107
2,0.0,0.0,0.17757009345794392,-0.08411214953271028,0.32242990654205606,-0.26635514018691586,0.411214953271028,-0.40186915887850466,0.4766355140186916,-0.49065420560747663,0.17289719626168223,-0.5280373831775701,0.1822429906542056,-0.7476635514018691,0.18691588785046728,-0.8785046728971962,0.1822429906542056,-1.0,0.06074766355140187,-0.5233644859813084,0.1308411214953271,-0.6588785046728972,0.16822429906542055,-0.48130841121495327,0.16355140186915887,-0.3364485981308411,-0.04205607476635514,-0.5,0.009345794392523364,-0.6308411214953271,0.06542056074766354,-0.46261682242990654,0.08411214953271028,-0.3411214953271028,-0.14953271028037382,-0.4672897196261682,-0.1588785046728972,-0.6542056074766355,-0.13551401869158877,-0.7710280373831776,-0.11682242990654206,-0.8878504672897196
2,0.0,0.0,0.20095693779904306,-0.07177033492822966,0.3684210526315789,-0.24401913875598086,0.47368421052631576,-0.37799043062200954,0.5502392344497608,-0.4688995215311005,0.22009569377990432,-0.5215311004784688,0.23923444976076555,-0.7464114832535885,0.24401913875598086,-0.8803827751196173,0.24880382775119617,-1.0,0.10047846889952153,-0.5311004784688995,0.14832535885167464,-0.6985645933014354,0.17703349282296652,-0.5215311004784688,0.1722488038277512,-0.3684210526315789,-0.019138755980861243,-0.5167464114832536,0.019138755980861243,-0.6555023923444976,0.06698564593301436,-0.4784688995215311,0.08133971291866028,-0.3492822966507177,-0.13875598086124402,-0.49282296650717705,-0.15311004784688995,-0.6889952153110048,-0.1339712918660287,-0.8038277511961722,-0.11483253588516747,-0.9234449760765551
2,0.0,0.0,0.20388349514563106,-0.05825242718446602,0.38349514563106796,-0.21844660194174756,0.5048543689320388,-0.34951456310679613,0.5970873786407767,-0.441747572815534,0.25728155339805825,-0.5145631067961165,0.28640776699029125,-0.7427184466019418,0.30097087378640774,-0.8786407766990292,0.3058252427184466,-1.0,0.13106796116504854,-0.529126213592233,0.16990291262135923,-0.6844660194174758,0.18932038834951456,-0.5097087378640777,0.1796116504854369,-0.3640776699029126,0.0048543689320388345,-0.5145631067961165,0.03398058252427184,-0.6456310679611651,0.07281553398058252,-0.470873786407767,0.0825242718446602,-0.3446601941747573,-0.1262135922330097,-0.49029126213592233,-0.1407766990291262,-0.6941747572815534,-0.11650485436893204,-0.8058252427184466,-0.0970873786407767,-0.9320388349514563
2,0.0,0.0,0.2146341463414634,-0.04390243902439024,0.4146341463414634,-0.1902439024390244,0.5463414634146342,-0.3170731707317073,0.6487804878048781,-0.40487804878048783,0.2926829268292683,-0.5170731707317073,0.34146341463414637,-0.7414634146341463,0.36097560975609755,-0.8780487804878049,0.375609756097561,-1.0,0.15609756097560976,-0.5365853658536586,0.1951219512195122,-0.6878048780487804,0.2,-0.5121951219512195,0.18536585365853658,-0.36097560975609755,0.024390243902439025,-0.526829268292683,0.04878048780487805,-0.6536585365853659,0.07804878048780488,-0.47317073170731705,0.08780487804878048,-0.3463414634146341,-0.1073170731707317,-0.5073170731707317,-0.11219512195121951,-0.697560975609756,-0.09268292682926829,-0.8097560975609757,-0.06829268292682927,-0.9365853658536586
2,0.0,0.0,0.22277227722772278,-0.04455445544554455,0.4306930693069307,-0.18316831683168316,0.5792079207920792,-0.30198019801980197,0.6782178217821783,-0.3910891089108911,0.3217821782178218,-0.5099009900990099,0.37623762376237624,-0.7326732673267327,0.400990099009901,-0.8762376237623762,0.42574257425742573,-1.0,0.1782178217821782,-0.5346534653465347,0.21287128712871287,-0.6831683168316832,0.2079207920792079,-0.5,0.18811881188118812,-0.3415841584158416,0.039603960396039604,-0.5346534653465347,0.0594059405940594,-0.6633663366336634,0.07425742574257425,-0.4752475247524752,0.08415841584158416,-0.33663366336633666,-0.09405940594059406,-0.5198019801980198,-0.09405940594059406,-0.7128712871287128,-0.06930693069306931,-0.8267326732673267,-0.04455445544554455,-0.9504950495049505
2,0.0,0.0,0.24120603015075376,-0.035175879396984924,0.4623115577889447,-0.1658291457286432,0.628140703517588,-0.2914572864321608,0.7386934673366834,-0.37185929648241206,0.36180904522613067,-0.507537688442211,0.4271356783919598,-0.7336683417085427,0.457286432160804,-0.8743718592964824,0.4824120603015075,-1.0,0.21608040201005024,-0.5376884422110553,0.24120603015075376,-0.6934673366834171,0.21608040201005024,-0.49748743718592964,0.19095477386934673,-0.3417085427135678,0.07537688442211055,-0.542713567839196,0.09045226130653267,-0.6733668341708543,0.09045226130653267,-0.4824120603015075,0.09045226130653267,-0.34673366834170855,-0.07035175879396985,-0.5376884422110553,-0.06030150753768844,-0.7286432160804021,-0.04020100502512563,-0.8341708542713567,-0.010050251256281407,-0.964824120603015
2,0.0,0.0,0.24489795918367346,-0.02040816326530612,0.4744897959183674,-0.14285714285714285,0.6479591836734694,-0.27040816326530615,0.7806122448979592,-0.3622448979591837,0.3979591836734694,-0.5051020408163265,0.4744897959183674,-0.7244897959183674,0.5153061224489796,-0.8724489795918368,0.5408163265306123,-1.0,0.25,-0.5459183673469388,0.2755102040816326,-0.6887755102040817,0.23979591836734693,-0.4897959183673469,0.20918367346938777,-0.33163265306122447,0.10714285714285714,-0.5510204081632653,0.11734693877551021,-0.673469387755102,0.10204081632653061,-0.4744897959183674,0.10204081632653061,-0.34183673469387754,-0.04081632653061224,-0.5510204081632653,-0.025510204081632654,-0.7397959183673469,-0.00510204081632653,-0.8469387755102041,0.030612244897959183,-0.9693877551020408
2,0.0,0.0,0.2553191489361702,0.010638297872340425,0.5159574468085106,-0.0797872340425532,0.7127659574468085,-0.19680851063829788,0.851063829787234,-0.2925531914893617,0.46808510638297873,-0.4787234042553192,0.574468085106383,-0.7021276595744681,0.6329787234042553,-0.8563829787234043,0.675531914893617,-0.9893617021276596,0.31382978723404253,-0.5372340425531915,0.3404255319148936,-0.6861702127659575,0.28191489361702127,-0.48936170212765956,0.22872340425531915,-0.324468085106383,0.1595744680851064,-0.5585106382978723,0.1702127659574468,-0.6808510638297872,0.13829787234042554,-0.48936170212765956,0.11702127659574468,-0.35106382978723405,0.005319148936170213,-0.5691489361702128,0.03723404255319149,-0.7712765957446809,0.06382978723404255,-0.8776595744680851,0.10106382978723404,-1.0
2,0.0,0.0,0.24864864864864866,0.021621621621621623,0.518918918918919,-0.05945945945945946,0.7243243243243244,-0.15675675675675677,0.8756756756756757,-0.23243243243243245,0.5081081081081081,-0.4594594594594595,0.6324324324324324,-0.6810810810810811,0.6972972972972973,-0.8324324324324325,0.745945945945946,-0.9621621621621622,0.3567567567567568,-0.5297297297297298,0.3837837837837838,-0.6756756756756757,0.3027027027027027,-0.4810810810810811,0.24324324324324326,-0.31891891891891894,0.2,-0.5567567567567567,0.21081081081081082,-0.6756756756756757,0.15675675675675677,-0.4864864864864865,0.12972972972972974,-0.3567567567567568,0.043243243243243246,-0.5783783783783784,0.08648648648648649,-0.772972972972973,0.11351351351351352,-0.8810810810810811,0.15135135135135136,-1.0
2,0.0,0.0,0.2459016393442623,0.04371584699453552,0.5355191256830601,-0.02185792349726776,0.7486338797814208,-0.1092896174863388,0.907103825136612,-0.17486338797814208,0.5519125683060109,-0.4262295081967213,0.6939890710382514,-0.639344262295082,0.7650273224043715,-0.7868852459016393,0.825136612021858,-0.9234972677595629,0.40437158469945356,-0.5081967213114754,0.4371584699453552,-0.6612021857923497,0.32786885245901637,-0.47540983606557374,0.2459016393442623,-0.31693989071038253,0.2459016393442623,-0.5519125683060109,0.25136612021857924,-0.6721311475409836,0.18032786885245902,-0.4972677595628415,0.1366120218579235,-0.36065573770491804,0.08743169398907104,-0.5737704918032787,0.1366120218579235,-0.7704918032786885,0.16393442622950818,-0.8797814207650273,0.20765027322404372,-1.0
2,0.0,0.0,0.24725274725274726,0.06043956043956044,0.5439560439560439,-0.005494505494505495,0.7637362637362637,-0.09340659340659341,0.9285714285714286,-0.15384615384615385,0.5714285714285714,-0.41208791208791207,0.7142857142857143,-0.6208791208791209,0.7912087912087912,-0.7802197802197802,0.8461538461538461,-0.9175824175824175,0.4230769230769231,-0.4945054945054945,0.44505494505494503,-0.6483516483516484,0.33516483516483514,-0.46153846153846156,0.25274725274725274,-0.3021978021978022,0.26373626373626374,-0.5439560439560439,0.26373626373626374,-0.6648351648351648,0.18681318681318682,-0.4835164835164835,0.14285714285714285,-0.3516483516483517,0.1043956043956044,-0.5769230769230769,0.15934065934065933,-0.7747252747252747,0.18681318681318682,-0.8846153846153846,0.23076923076923078,-1.0
2,0.0,0.0,0.2388888888888889,0.07777777777777778,0.5388888888888889,0.03888888888888889,0.7666666666666667,-0.027777777777777776,0.9444444444444444,-0.07777777777777778,0.6,-0.37222222222222223,0.7666666666666667,-0.5777777777777777,0.8611111111111112,-0.7222222222222222,0.9277777777777778,-0.85,0.46111111111111114,-0.4666666666666667,0.48333333333333334,-0.6055555555555555,0.35,-0.4444444444444444,0.25555555555555554,-0.3,0.3055555555555556,-0.5222222222222223,0.3055555555555556,-0.65,0.2111111111111111,-0.48333333333333334,0.16111111111111112,-0.35,0.15555555555555556,-0.5666666666666667,0.2222222222222222,-0.7666666666666667,0.25555555555555554,-0.8777777777777778,0.3055555555555556,-1.0
2,0.0,0.0,0.2222222222222222,0.08888888888888889,0.5111111111111111,0.08333333333333333,0.7333333333333333,0.03888888888888889,0.9055555555555556,0.011111111111111112,0.6277777777777778,-0.3111111111111111,0.8111111111111111,-0.5,0.9166666666666666,-0.6333333333333333,1.0,-0.75,0.5,-0.4166666666666667,0.5222222222222223,-0.55,0.36666666666666664,-0.4,0.25555555555555554,-0.26666666666666666,0.35555555555555557,-0.49444444444444446,0.34444444444444444,-0.6111111111111112,0.23333333333333334,-0.45555555555555555,0.16666666666666666,-0.3388888888888889,0.2111111111111111,-0.55,0.28888888888888886,-0.7333333333333333,0.3277777777777778,-0.8444444444444444,0.38333333333333336,-0.9555555555555556
2,0.0,0.0,0.20108695652173914,0.09782608695652174,0.47282608695652173,0.11413043478260869,0.6847826086956522,0.08695652173913043,0.8532608695652174,0.06521739130434782,0.625,-0.266304347826087,0.8152173913043478,-0.43478260869565216,0.9184782608695652,-0.5652173913043478,1.0,-0.6739130434782609,0.5108695652173914,-0.375,0.5380434782608695,-0.4945652173913043,0.375,-0.3695652173913043,0.2554347826086957,-0.25,0.3804347826086957,-0.45652173913043476,0.375,-0.5652173913043478,0.2554347826086957,-0.43478260869565216,0.18478260869565216,-0.32065217391304346,0.24456521739130435,-0.5217391304347826,0.32608695652173914,-0.6956521739130435,0.3641304347826087,-0.7989130434782609,0.41847826086956524,-0.9021739130434783
2,0.0,0.0,0.18229166666666666,0.109375,0.4375,0.13541666666666666,0.640625,0.125,0.8072916666666666,0.125,0.6041666666666666,-0.19791666666666666,0.7916666666666666,-0.34375,0.90625,-0.4583333333333333,1.0,-0.5572916666666666,0.5104166666666666,-0.3125,0.53125,-0.4322916666666667,0.3645833333333333,-0.328125,0.23958333333333334,-0.22395833333333334,0.3958333333333333,-0.3958333333333333,0.3802083333333333,-0.5,0.2552083333333333,-0.3802083333333333,0.18229166666666666,-0.2760416666666667,0.2760416666666667,-0.46875,0.3645833333333333,-0.625,0.4166666666666667,-0.71875,0.4791666666666667,-0.8125
2,0.0,0.0,0.18041237113402062,0.10824742268041238,0.42783505154639173,0.14432989690721648,0.6288659793814433,0.14948453608247422,0.7835051546391752,0.14948453608247422,0.6030927835051546,-0.18556701030927836,0.7938144329896907,-0.3247422680412371,0.9072164948453608,-0.4381443298969072,1.0,-0.5412371134020618,0.5103092783505154,-0.29896907216494845,0.5412371134020618,-0.4072164948453608,0.37628865979381443,-0.30927835051546393,0.25773195876288657,-0.211340206185567,0.3917525773195876,-0.3865979381443299,0.39690721649484534,-0.4845360824742268,0.26804123711340205,-0.3711340206185567,0.19072164948453607,-0.26804123711340205,0.27835051546391754,-0.4639175257731959,0.3711340206185567,-0.6134020618556701,0.4175257731958763,-0.711340206185567,0.4793814432989691,-0.7938144329896907
2,0.0,0.0,0.17258883248730963,0.1116751269035533,0.41624365482233505,0.14720812182741116,0.6142131979695431,0.15736040609137056,0.766497461928934,0.16751269035532995,0.5989847715736041,-0.17766497461928935,0.7868020304568528,-0.29949238578680204,0.9035532994923858,-0.4010152284263959,1.0,-0.4873096446700508,0.5126903553299492,-0.2893401015228426,0.5685279187817259,-0.38578680203045684,0.4010152284263959,-0.29441624365482233,0.2639593908629442,-0.20304568527918782,0.4010152284263959,-0.3756345177664975,0.4213197969543147,-0.467005076142132,0.29441624365482233,-0.3604060913705584,0.20812182741116753,-0.25888324873096447,0.28426395939086296,-0.4467005076142132,0.38578680203045684,-0.5939086294416244,0.4365482233502538,-0.6852791878172588,0.5025380710659898,-0.766497461928934
2,0.0,0.0,0.1708542713567839,0.11557788944723618,0.4120603015075377,0.15577889447236182,0.6080402010050251,0.1658291457286432,0.7587939698492462,0.18090452261306533,0.5979899497487438,-0.1507537688442211,0.7889447236180904,-0.27638190954773867,0.8994974874371859,-0.3768844221105528,1.0,-0.4623115577889447,0.5125628140703518,-0.2663316582914573,0.5577889447236181,-0.36180904522613067,0.3869346733668342,-0.2814070351758794,0.2562814070351759,-0.19597989949748743,0.40703517587939697,-0.35678391959798994,0.4221105527638191,-0.4472361809045226,0.2914572864321608,-0.34673366834170855,0.20603015075376885,-0.25125628140703515,0.2914572864321608,-0.4321608040201005,0.3869346733668342,-0.5728643216080402,0.4371859296482412,-0.6633165829145728,0.5025125628140703,-0.7437185929648241
2,0.0,0.0,0.17,0.11,0.405,0.15,0.605,0.17,0.765,0.195,0.595,-0.16,0.78,-0.285,0.9,-0.385,1.0,-0.47,0.51,-0.275,0.55,-0.37,0.385,-0.285,0.255,-0.195,0.405,-0.365,0.42,-0.445,0.285,-0.335,0.195,-0.24,0.3,-0.435,0.4,-0.575,0.45,-0.66,0.515,-0.74
2,0.0,0.0,0.16666666666666666,0.12121212121212122,0.4090909090909091,0.16666666666666666,0.601010101010101,0.1919191919191919,0.7575757575757576,0.21212121212121213,0.601010101010101,-0.16666666666666666,0.7878787878787878,-0.29292929292929293,0.9040404040404041,-0.3939393939393939,1.0,-0.4797979797979798,0.5151515151515151,-0.2727272727272727,0.5353535353535354,-0.3686868686868687,0.36363636363636365,-0.2777777777777778,0.23737373737373738,-0.18686868686868688,0.398989898989899,-0.36363636363636365,0.4090909090909091,-0.4444444444444444,0.2676767676767677,-0.3383838383838384,0.18181818181818182,-0.23737373737373738,0.2828282828282828,-0.43434343434343436,0.3888888888888889,-0.5757575757575758,0.4393939393939394,-0.6666666666666666,0.5,-0.7525252525252525
3,0.0,0.0,0.13690476190476192,-0.24404761904761904,0.3273809523809524,-0.4642857142857143,0.44047619047619047,-0.6369047619047619,0.4107142857142857,-0.7976190476190477,0.6071428571428571,-0.39285714285714285,0.8511904761904762,-0.23214285714285715,0.75,-0.17857142857142858,0.6309523809523809,-0.20833333333333334,0.5952380952380952,-0.21428571428571427,0.8273809523809523,-0.06547619047619048,0.7440476190476191,-0.023809523809523808,0.6428571428571429,-0.05357142857142857,0.5654761904761905,-0.023809523809523808,0.7857142857142857,0.09523809523809523,0.7083333333333334,0.125,0.6130952380952381,0.08928571428571429,0.5238095238095238,0.16666666666666666,0.7797619047619048,0.20833333333333334,0.8988095238095238,0.22023809523809523,1.0,0.20238095238095238
3,0.0,0.0,0.15384615384615385,-0.27972027972027974,0.3776223776223776,-0.5384615384615384,0.5104895104895105,-0.7482517482517482,0.4825174825174825,-0.9370629370629371,0.7132867132867133,-0.4755244755244755,1.0,-0.27972027972027974,0.8811188811188811,-0.21678321678321677,0.7482517482517482,-0.25874125874125875,0.6993006993006993,-0.26573426573426573,0.972027972027972,-0.08391608391608392,0.8531468531468531,-0.03496503496503497,0.7342657342657343,-0.07692307692307693,0.6643356643356644,-0.04195804195804196,0.916083916083916,0.11188811188811189,0.8111888111888111,0.13986013986013987,0.6853146853146853,0.09090909090909091,0.6153846153846154,0.18181818181818182,0.8321678321678322,0.2727272727272727,0.7622377622377622,0.2727272727272727,0.6853146853146853,0.22377622377622378
3,0.0,0.0,0.1736111111111111,-0.2777777777777778,0.3958333333333333,-0.5208333333333334,0.5208333333333334,-0.7152777777777778,0.5138888888888888,-0.9097222222222222,0.7291666666666666,-0.4513888888888889,1.0,-0.2569444444444444,0.8888888888888888,-0.19444444444444445,0.7569444444444444,-0.24305555555555555,0.7083333333333334,-0.24305555555555555,0.9652777777777778,-0.05555555555555555,0.8611111111111112,-0.020833333333333332,0.75,-0.0625,0.6597222222222222,-0.020833333333333332,0.9166666666666666,0.13194444444444445,0.8125,0.1527777777777778,0.7013888888888888,0.09722222222222222,0.5902777777777778,0.2013888888888889,0.8333333333333334,0.2777777777777778,0.8125,0.2777777777777778,0.7708333333333334,0.2222222222222222
3,0.0,0.0,0.1597222222222222,-0.2638888888888889,0.3819444444444444,-0.5069444444444444,0.5208333333333334,-0.7083333333333334,0.5069444444444444,-0.8958333333333334,0.7222222222222222,-0.4375,1.0,-0.22916666666666666,0.8819444444444444,-0.18055555555555555,0.7430555555555556,-0.22916666666666666,0.7083333333333334,-0.2361111111111111,0.9722222222222222,-0.041666666666666664,0.8541666666666666,0.0,0.7291666666666666,-0.04861111111111111,0.6666666666666666,-0.020833333333333332,0.9166666666666666,0.1527777777777778,0.7986111111111112,0.1736111111111111,0.6666666666666666,0.11805555555555555,0.6041666666666666,0.19444444444444445,0.8125,0.3055555555555556,0.6944444444444444,0.3055555555555556,0.5763888888888888,0.25
3,0.0,0.0,0.16083916083916083,-0.2727272727272727,0.38461538461538464,-0.5174825174825175,0.5174825174825175,-0.7202797202797203,0.5174825174825175,-0.9090909090909091,0.7272727272727273,-0.45454545454545453,1.0,-0.24475524475524477,0.8881118881118881,-0.1888111888111888,0.7552447552447552,-0.23076923076923078,0.7132867132867133,-0.2517482517482518,0.9790209790209791,-0.04895104895104895,0.8601398601398601,-0.006993006993006993,0.7342657342657343,-0.055944055944055944,0.6713286713286714,-0.027972027972027972,0.916083916083916,0.14685314685314685,0.7972027972027972,0.16783216783216784,0.6713286713286714,0.11188811188811189,0.6153846153846154,0.18181818181818182,0.8111888111888111,0.3076923076923077,0.6993006993006993,0.3006993006993007,0.5874125874125874,0.23776223776223776
3,0.0,0.0,0.1597222222222222,-0.2708333333333333,0.3888888888888889,-0.5208333333333334,0.5208333333333334,-0.7222222222222222,0.5208333333333334,-0.9166666666666666,0.7222222222222222,-0.4513888888888889,1.0,-0.25,0.8819444444444444,-0.1875,0.7430555555555556,-0.22916666666666666,0.7083333333333334,-0.2569444444444444,0.9722222222222222,-0.04861111111111111,0.8541666666666666,-0.006944444444444444,0.7291666666666666,-0.05555555555555555,0.6666666666666666,-0.041666666666666664,0.9027777777777778,0.14583333333333334,0.7916666666666666,0.1736111111111111,0.6666666666666666,0.1111111111111111,0.6111111111111112,0.16666666666666666,0.8055555555555556,0.3055555555555556,0.6875,0.3055555555555556,0.5763888888888888,0.24305555555555555
3,0.0,0.0,0.16551724137931034,-0.27586206896551724,0.4,-0.5172413793103449,0.5379310344827586,-0.7103448275862069,0.5310344827586206,-0.903448275862069,0.7241379310344828,-0.4482758620689655,1.0,-0.2482758620689655,0.8896551724137931,-0.18620689655172415,0.7517241379310344,-0.22758620689655173,0.7034482758620689,-0.2482758620689655,0.9724137931034482,-0.04827586206896552,0.8620689655172413,-0.006896551724137931,0.7379310344827587,-0.06206896551724138,0.6620689655172414,-0.041379310344827586,0.9172413793103448,0.14482758620689656,0.7931034482758621,0.1724137931034483,0.6758620689655173,0.1103448275862069,0.6068965517241379,0.1724137931034483,0.8137931034482758,0.30344827586206896,0.696551724137931,0.296551724137931,0.5793103448275863,0.23448275862068965
3,0.0,0.0,0.16551724137931034,-0.27586206896551724,0.4068965517241379,-0.5103448275862069,0.5448275862068965,-0.7034482758620689,0.5379310344827586,-0.8827586206896552,0.7172413793103448,-0.43448275862068964,1.0,-0.2206896551724138,0.8758620689655172,-0.15862068965517243,0.7379310344827587,-0.20689655172413793,0.6896551724137931,-0.2413793103448276,0.9724137931034482,-0.027586206896551724,0.8482758620689655,0.006896551724137931,0.7310344827586207,-0.04827586206896552,0.6482758620689655,-0.027586206896551724,0.903448275862069,0.15862068965517243,0.7862068965517242,0.1724137931034483,0.6689655172413793,0.11724137931034483,0.5793103448275863,0.18620689655172415,0.8,0.3103448275862069,0.6827586206896552,0.3103448275862069,0.5724137931034483,0.2482758620689655
3,0.0,0.0,0.1643835616438356,-0.2602739726027397,0.4041095890410959,-0.4931506849315068,0.5547945205479452,-0.684931506849315,0.5616438356164384,-0.8698630136986302,0.7123287671232876,-0.4315068493150685,1.0,-0.22602739726027396,0.8835616438356164,-0.1643835616438356,0.7465753424657534,-0.2054794520547945,0.6917808219178082,-0.23972602739726026,0.9726027397260274,-0.02054794520547945,0.8493150684931506,0.0136986301369863,0.726027397260274,-0.0410958904109589,0.6438356164383562,-0.0273972602739726,0.9041095890410958,0.17123287671232876,0.7876712328767124,0.18493150684931506,0.6643835616438356,0.11643835616438356,0.5821917808219178,0.18493150684931506,0.7945205479452054,0.3219178082191781,0.6712328767123288,0.3150684931506849,0.5616438356164384,0.2534246575342466
3,0.0,0.0,0.1643835616438356,-0.2671232876712329,0.3972602739726027,-0.5,0.547945205479452,-0.684931506849315,0.5547945205479452,-0.8698630136986302,0.726027397260274,-0.4315068493150685,1.0,-0.2191780821917808,0.8767123287671232,-0.15753424657534246,0.7465753424657534,-0.2054794520547945,0.6986301369863014,-0.2465753424657534,0.958904109589041,-0.02054794520547945,0.8356164383561644,0.0136986301369863,0.726027397260274,-0.04794520547945205,0.6506849315068494,-0.03424657534246575,0.8835616438356164,0.1643835616438356,0.7671232876712328,0.1780821917808219,0.6506849315068494,0.11643835616438356,0.5821917808219178,0.17123287671232876,0.773972602739726,0.3150684931506849,0.6643835616438356,0.3082191780821918,0.5616438356164384,0.2465753424657534
3,0.0,0.0,0.1643835616438356,-0.2671232876712329,0.410958904109589,-0.5,0.5684931506849316,-0.684931506849315,0.5684931506849316,-0.8698630136986302,0.7328767123287672,-0.4246575342465753,1.0,-0.21232876712328766,0.8767123287671232,-0.1506849315068493,0.7534246575342466,-0.19863013698630136,0.6986301369863014,-0.2328767123287671,0.9657534246575342,-0.0136986301369863,0.8424657534246576,0.0273972602739726,0.726027397260274,-0.03424657534246575,0.6506849315068494,-0.02054794520547945,0.8904109589041096,0.1780821917808219,0.773972602739726,0.1917808219178082,0.6506849315068494,0.1232876712328767,0.5821917808219178,0.18493150684931506,0.7876712328767124,0.3219178082191781,0.6712328767123288,0.3219178082191781,0.5684931506849316,0.2602739726027397
3,0.0,0.0,0.17006802721088435,-0.2653061224489796,0.40816326530612246,-0.4965986394557823,0.5714285714285714,-0.6870748299319728,0.5850340136054422,-0.8707482993197279,0.7142857142857143,-0.42857142857142855,1.0,-0.23809523809523808,0.8843537414965986,-0.16326530612244897,0.7551020408163265,-0.20408163265306123,0.6938775510204082,-0.23129251700680273,0.9659863945578231,-0.027210884353741496,0.8435374149659864,0.02040816326530612,0.7278911564625851,-0.034013605442176874,0.6462585034013606,-0.02040816326530612,0.8979591836734694,0.16326530612244897,0.7755102040816326,0.19047619047619047,0.6530612244897959,0.12244897959183673,0.5782312925170068,0.1836734693877551,0.7891156462585034,0.3197278911564626,0.6666666666666666,0.3129251700680272,0.5578231292517006,0.25170068027210885
3,0.0,0.0,0.17123287671232876,-0.273972602739726,0.4178082191780822,-0.5,0.5684931506849316,-0.684931506849315,0.5753424657534246,-0.8698630136986302,0.726027397260274,-0.410958904109589,1.0,-0.2054794520547945,0.8835616438356164,-0.14383561643835616,0.7465753424657534,-0.1917808219178082,0.6917808219178082,-0.21232876712328766,0.958904109589041,0.0,0.8424657534246576,0.03424657534246575,0.7191780821917808,-0.0273972602739726,0.636986301369863,0.0,0.8835616438356164,0.18493150684931506,0.7671232876712328,0.2054794520547945,0.6438356164383562,0.136986301369863,0.5616438356164384,0.2054794520547945,0.773972602739726,0.3424657534246575,0.6575342465753424,0.3356164383561644,0.547945205479452,0.2671232876712329
3,0.0,0.0,0.1724137931034483,-0.2620689655172414,0.4206896551724138,-0.503448275862069,0.5793103448275863,-0.6896551724137931,0.5862068965517241,-0.8758620689655172,0.7241379310344828,-0.42758620689655175,1.0,-0.2206896551724138,0.8827586206896552,-0.15172413793103448,0.7448275862068966,-0.2,0.696551724137931,-0.23448275862068965,0.9655172413793104,-0.006896551724137931,0.8482758620689655,0.034482758620689655,0.7310344827586207,-0.034482758620689655,0.6482758620689655,-0.020689655172413793,0.896551724137931,0.18620689655172415,0.7793103448275862,0.2,0.6551724137931034,0.1310344827586207,0.5793103448275863,0.18620689655172415,0.7862068965517242,0.3310344827586207,0.6758620689655173,0.3310344827586207,0.5655172413793104,0.2620689655172414
3,0.0,0.0,0.17687074829931973,-0.2585034013605442,0.42857142857142855,-0.48299319727891155,0.5782312925170068,-0.673469387755102,0.5850340136054422,-0.8503401360544217,0.7278911564625851,-0.4013605442176871,1.0,-0.19727891156462585,0.8843537414965986,-0.14285714285714285,0.7551020408163265,-0.19047619047619047,0.6938775510204082,-0.2108843537414966,0.9591836734693877,0.006802721088435374,0.8435374149659864,0.04081632653061224,0.7278911564625851,-0.02040816326530612,0.6394557823129252,0.0,0.8843537414965986,0.19727891156462585,0.7687074829931972,0.20408163265306123,0.6530612244897959,0.14285714285714285,0.5714285714285714,0.20408163265306123,0.7755102040816326,0.3469387755102041,0.6666666666666666,0.3401360544217687,0.5578231292517006,0.272108843537415
3,0.0,0.0,0.17687074829931973,-0.272108843537415,0.42857142857142855,-0.5034013605442177,0.5850340136054422,-0.6870748299319728,0.5986394557823129,-0.8843537414965986,0.7142857142857143,-0.4217687074829932,1.0,-0.22448979591836735,0.8843537414965986,-0.16326530612244897,0.7619047619047619,-0.2108843537414966,0.6870748299319728,-0.23129251700680273,0.9591836734693877,-0.034013605442176874,0.8435374149659864,0.006802721088435374,0.7278911564625851,-0.047619047619047616,0.6326530612244898,-0.02040816326530612,0.891156462585034,0.1564625850340136,0.7755102040816326,0.17687074829931973,0.6530612244897959,0.12244897959183673,0.564625850340136,0.19047619047619047,0.7755102040816326,0.3129251700680272,0.6598639455782312,0.3129251700680272,0.5510204081632653,0.25170068027210885
3,0.0,0.0,0.17687074829931973,-0.2653061224489796,0.43537414965986393,-0.5102040816326531,0.5918367346938775,-0.7074829931972789,0.5918367346938775,-0.8979591836734694,0.6598639455782312,-0.43537414965986393,1.0,-0.2585034013605442,0.891156462585034,-0.20408163265306123,0.7687074829931972,-0.25170068027210885,0.6190476190476191,-0.24489795918367346,0.9659863945578231,-0.06802721088435375,0.8571428571428571,-0.02040816326530612,0.7482993197278912,-0.07482993197278912,0.564625850340136,-0.034013605442176874,0.8979591836734694,0.12244897959183673,0.7959183673469388,0.14965986394557823,0.6802721088435374,0.10204081632653061,0.5102040816326531,0.17687074829931973,0.7891156462585034,0.272108843537415,0.7210884353741497,0.2789115646258503,0.6394557823129252,0.23129251700680273
3,0.0,0.0,0.17123287671232876,-0.2808219178082192,0.4452054794520548,-0.5342465753424658,0.6164383561643836,-0.726027397260274,0.6232876712328768,-0.9246575342465754,0.636986301369863,-0.4589041095890411,1.0,-0.2808219178082192,0.8972602739726028,-0.2191780821917808,0.7602739726027398,-0.2671232876712329,0.5821917808219178,-0.2671232876712329,0.9726027397260274,-0.0821917808219178,0.8561643835616438,-0.03424657534246575,0.7191780821917808,-0.08904109589041095,0.5273972602739726,-0.04794520547945205,0.9041095890410958,0.1095890410958904,0.7808219178082192,0.14383561643835616,0.636986301369863,0.08904109589041095,0.4657534246575342,0.17123287671232876,0.7945205479452054,0.2808219178082192,0.678082191780822,0.2945205479452055,0.5547945205479452,0.2465753424657534
3,0.0,0.0,0.1780821917808219,-0.273972602739726,0.4589041095890411,-0.5273972602739726,0.636986301369863,-0.726027397260274,0.636986301369863,-0.9315068493150684,0.6232876712328768,-0.4589041095890411,1.0,-0.2808219178082192,0.9041095890410958,-0.21232876712328766,0.7671232876712328,-0.2602739726027397,0.5684931506849316,-0.2534246575342466,0.9726027397260274,-0.0684931506849315,0.8493150684931506,-0.0273972602739726,0.7123287671232876,-0.0821917808219178,0.5136986301369864,-0.03424657534246575,0.8972602739726028,0.13013698630136986,0.773972602739726,0.1506849315068493,0.636986301369863,0.0958904109589041,0.4520547945205479,0.18493150684931506,0.7808219178082192,0.3082191780821918,0.678082191780822,0.3082191780821918,0.547945205479452,0.2465753424657534
3,0.0,0.0,0.18309859154929578,-0.2746478873239437,0.4788732394366197,-0.5492957746478874,0.6408450704225352,-0.7676056338028169,0.6549295774647887,-0.9859154929577465,0.5563380281690141,-0.5,1.0,-0.3380281690140845,0.9014084507042254,-0.2535211267605634,0.7464788732394366,-0.2887323943661972,0.5,-0.2887323943661972,0.971830985915493,-0.11971830985915492,0.852112676056338,-0.06338028169014084,0.6901408450704225,-0.11267605633802817,0.4507042253521127,-0.056338028169014086,0.8873239436619719,0.09154929577464789,0.7676056338028169,0.11971830985915492,0.6126760563380281,0.07042253521126761,0.4014084507042254,0.16901408450704225,0.7746478873239436,0.28169014084507044,0.676056338028169,0.2887323943661972,0.5352112676056338,0.23943661971830985
3,0.0,0.0,0.16326530612244897,-0.2789115646258503,0.4421768707482993,-0.5578231292517006,0.5986394557823129,-0.782312925170068,0.5986394557823129,-1.0,0.46258503401360546,-0.4965986394557823,0.9183673469387755,-0.3741496598639456,0.8503401360544217,-0.2789115646258503,0.6938775510204082,-0.2925170068027211,0.41496598639455784,-0.2789115646258503,0.8979591836734694,-0.14285714285714285,0.7959183673469388,-0.08163265306122448,0.6326530612244898,-0.12244897959183673,0.38095238095238093,-0.05442176870748299,0.8231292517006803,0.061224489795918366,0.7142857142857143,0.09523809523809523,0.5578231292517006,0.05442176870748299,0.3469387755102041,0.17006802721088435,0.7142857142857143,0.2585034013605442,0.6326530612244898,0.2653061224489796,0.4897959183673469,0.22448979591836735
3,0.0,0.0,0.16,-0.26666666666666666,0.41333333333333333,-0.5466666666666666,0.5466666666666666,-0.78,0.54,-1.0,0.37333333333333335,-0.5066666666666667,0.8333333333333334,-0.42,0.82,-0.3,0.68,-0.28,0.32,-0.2866666666666667,0.8266666666666667,-0.18,0.7533333333333333,-0.10666666666666667,0.58,-0.12,0.28,-0.05333333333333334,0.7466666666666667,0.02666666666666667,0.6733333333333333,0.06,0.52,0.04,0.26666666666666666,0.16,0.66,0.22666666666666666,0.6133333333333333,0.22666666666666666,0.47333333333333333,0.19333333333333333
3,0.0,0.0,0.17218543046357615,-0.2582781456953642,0.4304635761589404,-0.543046357615894,0.5629139072847682,-0.7748344370860927,0.5562913907284768,-1.0,0.3708609271523179,-0.5165562913907285,0.8013245033112583,-0.4370860927152318,0.7947019867549668,-0.2980132450331126,0.6688741721854304,-0.26490066225165565,0.304635761589404,-0.304635761589404,0.8079470198675497,-0.19205298013245034,0.7483443708609272,-0.11258278145695365,0.5894039735099338,-0.11258278145695365,0.26490066225165565,-0.0728476821192053,0.7350993377483444,0.013245033112582781,0.6688741721854304,0.052980132450331126,0.5298013245033113,0.033112582781456956,0.24503311258278146,0.1456953642384106,0.6357615894039735,0.2052980132450331,0.5894039735099338,0.2119205298013245,0.45695364238410596,0.17880794701986755
3,0.0,0.0,0.19642857142857142,-0.2619047619047619,0.4107142857142857,-0.5535714285714286,0.5119047619047619,-0.7857142857142857,0.4880952380952381,-1.0,0.27380952380952384,-0.5535714285714286,0.6607142857142857,-0.48214285714285715,0.625,-0.35119047619047616,0.5178571428571429,-0.3333333333333333,0.19047619047619047,-0.3630952380952381,0.6547619047619048,-0.2619047619047619,0.6011904761904762,-0.16071428571428573,0.47023809523809523,-0.16071428571428573,0.1488095238095238,-0.1488095238095238,0.5833333333333334,-0.05952380952380952,0.5297619047619048,0.0,0.4166666666666667,-0.017857142857142856,0.13690476190476192,0.047619047619047616,0.49404761904761907,0.11904761904761904,0.4642857142857143,0.13690476190476192,0.3630952380952381,0.1130952380952381
3,0.0,0.0,0.18947368421052632,-0.2736842105263158,0.3631578947368421,-0.5736842105263158,0.45263157894736844,-0.8,0.4263157894736842,-1.0,0.2,-0.631578947368421,0.5789473684210527,-0.5473684210526316,0.5473684210526316,-0.4105263157894737,0.4368421052631579,-0.39473684210526316,0.1368421052631579,-0.4631578947368421,0.5526315789473685,-0.3684210526315789,0.5,-0.2578947368421053,0.39473684210526316,-0.25263157894736843,0.10526315789473684,-0.2736842105263158,0.49473684210526314,-0.18947368421052632,0.4263157894736842,-0.11052631578947368,0.3263157894736842,-0.12105263157894737,0.1,-0.09473684210526316,0.42105263157894735,-0.042105263157894736,0.3736842105263158,0.005263157894736842,0.26842105263157895,-0.005263157894736842
3,0.0,0.0,0.1099476439790576,-0.2774869109947644,0.16230366492146597,-0.5706806282722513,0.17277486910994763,-0.7958115183246073,0.11518324607329843,-1.0,-0.10471204188481675,-0.6020942408376964,0.2670157068062827,-0.5026178010471204,0.25654450261780104,-0.39790575916230364,0.14136125654450263,-0.39790575916230364,-0.17801047120418848,-0.4293193717277487,0.24083769633507854,-0.2931937172774869,0.18848167539267016,-0.23036649214659685,0.07329842931937172,-0.24083769633507854,-0.19895287958115182,-0.2356020942408377,0.18324607329842932,-0.11518324607329843,0.14659685863874344,-0.06806282722513089,0.041884816753926704,-0.09424083769633508,-0.18848167539267016,-0.06282722513089005,0.1099476439790576,0.020942408376963352,0.09947643979057591,0.03664921465968586,0.005235602094240838,0.02617801047120419
3,0.0,0.0,0.1005586592178771,-0.25139664804469275,0.1005586592178771,-0.547486033519553,0.0782122905027933,-0.7821229050279329,0.0223463687150838,-1.0,-0.2011173184357542,-0.547486033519553,0.16759776536312848,-0.4245810055865922,0.2011173184357542,-0.33519553072625696,0.11731843575418995,-0.3240223463687151,-0.2905027932960894,-0.3407821229050279,0.16759776536312848,-0.2122905027932961,0.1340782122905028,-0.1564245810055866,0.0111731843575419,-0.16201117318435754,-0.3128491620111732,-0.12849162011173185,0.10614525139664804,-0.027932960893854747,0.0782122905027933,0.00558659217877095,-0.03910614525139665,-0.01675977653631285,-0.3016759776536313,0.0782122905027933,0.0223463687150838,0.12849162011173185,0.01675977653631285,0.13966480446927373,-0.08379888268156424,0.1340782122905028
3,0.0,0.0,0.1589958158995816,-0.30962343096234307,0.23430962343096234,-0.5941422594142259,0.24686192468619247,-0.8158995815899581,0.21338912133891214,-1.0,0.008368200836820083,-0.6359832635983264,0.3138075313807531,-0.602510460251046,0.35564853556485354,-0.4811715481171548,0.3054393305439331,-0.4351464435146444,-0.0502092050209205,-0.502092050209205,0.32217573221757323,-0.4351464435146444,0.3138075313807531,-0.3263598326359833,0.22594142259414227,-0.30962343096234307,-0.06276150627615062,-0.3472803347280335,0.2928870292887029,-0.28451882845188287,0.27615062761506276,-0.200836820083682,0.19246861924686193,-0.200836820083682,-0.04184100418410042,-0.20502092050209206,0.2384937238493724,-0.16317991631799164,0.23430962343096234,-0.11715481171548117,0.1506276150627615,-0.11715481171548117
3,0.0,0.0,0.11891891891891893,-0.25405405405405407,0.15135135135135136,-0.5405405405405406,0.15675675675675677,-0.7783783783783784,0.10810810810810811,-1.0,-0.14594594594594595,-0.5513513513513514,0.2756756756756757,-0.4540540540540541,0.2864864864864865,-0.34594594594594597,0.16756756756756758,-0.31891891891891894,-0.22702702702702704,-0.34054054054054056,0.2594594594594595,-0.24324324324324326,0.22162162162162163,-0.17297297297297298,0.08648648648648649,-0.16756756756756758,-0.23783783783783785,-0.11891891891891893,0.20540540540540542,-0.043243243243243246,0.16756756756756758,0.005405405405405406,0.043243243243243246,-0.005405405405405406,-0.22162162162162163,0.0918918918918919,0.12432432432432433,0.12432432432432433,0.11891891891891893,0.12972972972972974,0.021621621621621623,0.12972972972972974
3,0.0,0.0,0.11616161616161616,-0.25757575757575757,0.15151515151515152,-0.5505050505050505,0.16161616161616163,-0.7878787878787878,0.11616161616161616,-1.0,-0.13636363636363635,-0.5707070707070707,0.2727272727272727,-0.5,0.2777777777777778,-0.3787878787878788,0.15656565656565657,-0.35858585858585856,-0.21212121212121213,-0.3686868686868687,0.26262626262626265,-0.29292929292929293,0.21717171717171718,-0.20707070707070707,0.09090909090909091,-0.20202020202020202,-0.21717171717171718,-0.15151515151515152,0.21717171717171718,-0.09090909090909091,0.17676767676767677,-0.03535353535353535,0.06060606060606061,-0.04040404040404041,-0.20202020202020202,0.050505050505050504,0.1414141414141414,0.07575757575757576,0.13131313131313133,0.08080808080808081,0.04040404040404041,0.07575757575757576
3,0.0,0.0,0.13857677902621723,-0.3295880149812734,0.1797752808988764,-0.6217228464419475,0.16853932584269662,-0.8314606741573034,0.12734082397003746,-1.0,-0.056179775280898875,-0.6329588014981273,0.23220973782771537,-0.6142322097378277,0.2546816479400749,-0.50187265917603,0.1797752808988764,-0.46441947565543074,-0.11610486891385768,-0.4794007490636704,0.24719101123595505,-0.44569288389513106,0.22846441947565543,-0.352059925093633,0.12359550561797752,-0.3408239700374532,-0.12359550561797752,-0.31835205992509363,0.2209737827715356,-0.2883895131086142,0.1947565543071161,-0.2209737827715356,0.10112359550561797,-0.2209737827715356,-0.09737827715355805,-0.16853932584269662,0.1760299625468165,-0.15355805243445692,0.16104868913857678,-0.1198501872659176,0.06741573033707865,-0.12734082397003746
3,0.0,0.0,0.10697674418604651,-0.25116279069767444,0.13488372093023257,-0.5488372093023256,0.13488372093023257,-0.786046511627907,0.08372093023255814,-1.0,-0.14883720930232558,-0.5720930232558139,0.25116279069767444,-0.5116279069767442,0.2558139534883721,-0.39069767441860465,0.14883720930232558,-0.3674418604651163,-0.21395348837209302,-0.3767441860465116,0.24651162790697675,-0.3116279069767442,0.2,-0.2186046511627907,0.09302325581395349,-0.20465116279069767,-0.2186046511627907,-0.16744186046511628,0.20465116279069767,-0.11162790697674418,0.15813953488372093,-0.046511627906976744,0.05116279069767442,-0.05116279069767442,-0.2,0.027906976744186046,0.12558139534883722,0.046511627906976744,0.10232558139534884,0.06976744186046512,0.009302325581395349,0.06976744186046512
3,0.0,0.0,0.10407239819004525,-0.26244343891402716,0.11312217194570136,-0.5520361990950227,0.09954751131221719,-0.7873303167420814,0.04524886877828054,-1.0,-0.20361990950226244,-0.5384615384615384,0.2081447963800905,-0.4751131221719457,0.2398190045248869,-0.36199095022624433,0.13122171945701358,-0.33031674208144796,-0.27601809954751133,-0.3212669683257919,0.2081447963800905,-0.2579185520361991,0.19909502262443438,-0.18552036199095023,0.08144796380090498,-0.17647058823529413,-0.27149321266968324,-0.10407239819004525,0.16289592760180996,-0.06334841628959276,0.1493212669683258,-0.01809954751131222,0.03619909502262444,-0.01809954751131222,-0.24434389140271492,0.09954751131221719,0.08597285067873303,0.11312217194570136,0.09954751131221719,0.10407239819004525,0.01809954751131222,0.09049773755656108
3,0.0,0.0,0.08906882591093117,-0.2631578947368421,0.05263157894736842,-0.562753036437247,0.012145748987854251,-0.7975708502024291,-0.048582995951417005,-1.0,-0.2834008097165992,-0.5587044534412956,0.0931174089068826,-0.5060728744939271,0.13765182186234817,-0.38866396761133604,0.03643724696356275,-0.3643724696356275,-0.3522267206477733,-0.3643724696356275,0.10121457489878542,-0.30364372469635625,0.11336032388663968,-0.21862348178137653,-0.004048582995951417,-0.20647773279352227,-0.3481781376518219,-0.15789473684210525,0.06072874493927125,-0.11336032388663968,0.0728744939271255,-0.05668016194331984,-0.02834008097165992,-0.05668016194331984,-0.3117408906882591,0.04048582995951417,0.0,0.05668016194331984,0.016194331983805668,0.06882591093117409,-0.06477732793522267,0.06882591093117409
3,0.0,0.0,0.08943089430894309,-0.27235772357723576,0.052845528455284556,-0.5650406504065041,0.0040650406504065045,-0.7926829268292683,-0.06097560975609756,-1.0,-0.3089430894308943,-0.5487804878048781,0.06097560975609756,-0.5040650406504065,0.12601626016260162,-0.3943089430894309,0.036585365853658534,-0.36585365853658536,-0.3902439024390244,-0.34552845528455284,0.07317073170731707,-0.3008130081300813,0.11382113821138211,-0.22357723577235772,0.0,-0.21544715447154472,-0.3821138211382114,-0.13821138211382114,0.028455284552845527,-0.1016260162601626,0.06910569105691057,-0.06097560975609756,-0.036585365853658534,-0.06910569105691057,-0.34146341463414637,0.06097560975609756,-0.032520325203252036,0.07723577235772358,0.008130081300813009,0.07317073170731707,-0.06910569105691057,0.06504065040650407
3,0.0,0.0,0.08979591836734693,-0.27346938775510204,0.0163265306122449,-0.5918367346938775,-0.061224489795918366,-0.8040816326530612,-0.12653061224489795,-1.0,-0.4204081632653061,-0.5142857142857142,-0.1469387755102041,-0.46530612244897956,0.036734693877551024,-0.3795918367346939,0.00816326530612245,-0.3510204081632653,-0.5224489795918368,-0.2816326530612245,-0.1469387755102041,-0.22040816326530613,0.02857142857142857,-0.18775510204081633,-0.02857142857142857,-0.19591836734693877,-0.5224489795918368,-0.04897959183673469,-0.18775510204081633,-0.00816326530612245,-0.0326530612244898,-0.0163265306122449,-0.07755102040816327,-0.04897959183673469,-0.4775510204081633,0.1673469387755102,-0.2571428571428571,0.2,-0.11836734693877551,0.16326530612244897,-0.12244897959183673,0.12244897959183673
3,0.0,0.0,0.08130081300813008,-0.2845528455284553,-0.012195121951219513,-0.5894308943089431,-0.08130081300813008,-0.8008130081300813,-0.15040650406504066,-1.0,-0.43902439024390244,-0.5203252032520326,-0.16260162601626016,-0.47560975609756095,0.024390243902439025,-0.3821138211382114,-0.0040650406504065045,-0.34552845528455284,-0.5365853658536586,-0.2804878048780488,-0.16666666666666666,-0.22764227642276422,0.012195121951219513,-0.1951219512195122,-0.04065040650406504,-0.2032520325203252,-0.524390243902439,-0.036585365853658534,-0.1910569105691057,-0.008130081300813009,-0.024390243902439025,-0.016260162601626018,-0.06504065040650407,-0.036585365853658534,-0.47560975609756095,0.1910569105691057,-0.23983739837398374,0.21544715447154472,-0.09349593495934959,0.16666666666666666,-0.09349593495934959,0.13008130081300814
3,0.0,0.0,0.08502024291497975,-0.27125506072874495,-0.012145748987854251,-0.5748987854251012,-0.08502024291497975,-0.7935222672064778,-0.15384615384615385,-1.0,-0.44534412955465585,-0.5141700404858299,-0.15789473684210525,-0.46153846153846156,0.02834008097165992,-0.3765182186234818,-0.004048582995951417,-0.3481781376518219,-0.5465587044534413,-0.27530364372469635,-0.1659919028340081,-0.21052631578947367,0.008097165991902834,-0.1902834008097166,-0.044534412955465584,-0.20242914979757085,-0.5384615384615384,-0.03643724696356275,-0.20647773279352227,0.0,-0.04048582995951417,-0.016194331983805668,-0.08502024291497975,-0.048582995951417005,-0.4939271255060729,0.1862348178137652,-0.2631578947368421,0.22267206477732793,-0.12550607287449392,0.17408906882591094,-0.13360323886639677,0.12955465587044535
3,0.0,0.0,0.08661417322834646,-0.2755905511811024,0.003937007874015748,-0.5708661417322834,-0.06299212598425197,-0.7913385826771654,-0.12598425196850394,-1.0,-0.4409448818897638,-0.5196850393700787,-0.16141732283464566,-0.4566929133858268,0.011811023622047244,-0.3700787401574803,-0.011811023622047244,-0.3425196850393701,-0.5393700787401575,-0.29133858267716534,-0.18110236220472442,-0.21653543307086615,-0.011811023622047244,-0.18503937007874016,-0.04330708661417323,-0.19291338582677164,-0.5393700787401575,-0.05905511811023622,-0.2283464566929134,-0.003937007874015748,-0.06692913385826772,-0.015748031496062992,-0.08661417322834646,-0.05511811023622047,-0.5,0.15748031496062992,-0.2952755905511811,0.20078740157480315,-0.15354330708661418,0.15748031496062992,-0.13385826771653545,0.1062992125984252
3,0.0,0.0,0.07509881422924901,-0.2766798418972332,-0.003952569169960474,-0.5731225296442688,-0.08300395256916997,-0.7944664031620553,-0.14624505928853754,-1.0,-0.48616600790513836,-0.541501976284585,-0.233201581027668,-0.4743083003952569,-0.05533596837944664,-0.391304347826087,-0.07905138339920949,-0.3675889328063241,-0.5889328063241107,-0.308300395256917,-0.25691699604743085,-0.23715415019762845,-0.06719367588932806,-0.20553359683794467,-0.09486166007905138,-0.2134387351778656,-0.5928853754940712,-0.07114624505928854,-0.2964426877470356,-0.015810276679841896,-0.11067193675889328,-0.02766798418972332,-0.1225296442687747,-0.06324110671936758,-0.549407114624506,0.15019762845849802,-0.32806324110671936,0.19367588932806323,-0.16205533596837945,0.14624505928853754,-0.13438735177865613,0.09090909090909091
3,0.0,0.0,0.03529411764705882,-0.2901960784313726,-0.08235294117647059,-0.5843137254901961,-0.18823529411764706,-0.8,-0.25882352941176473,-1.0,-0.5803921568627451,-0.5372549019607843,-0.3843137254901961,-0.47058823529411764,-0.1843137254901961,-0.38823529411764707,-0.19607843137254902,-0.36470588235294116,-0.6823529411764706,-0.3058823529411765,-0.403921568627451,-0.2235294117647059,-0.17647058823529413,-0.2,-0.20784313725490197,-0.2196078431372549,-0.6823529411764706,-0.07058823529411765,-0.43529411764705883,-0.011764705882352941,-0.22745098039215686,-0.023529411764705882,-0.24705882352941178,-0.06274509803921569,-0.6313725490196078,0.14901960784313725,-0.4392156862745098,0.19607843137254902,-0.25882352941176473,0.1450980392156863,-0.24313725490196078,0.09411764705882353
3,0.0,0.0,0.030303030303030304,-0.2916666666666667,-0.08333333333333333,-0.5795454545454546,-0.18181818181818182,-0.7954545454545454,-0.24242424242424243,-1.0,-0.5757575757575758,-0.5492424242424242,-0.38636363636363635,-0.5075757575757576,-0.1856060606060606,-0.4166666666666667,-0.19318181818181818,-0.3787878787878788,-0.6818181818181818,-0.32575757575757575,-0.4053030303030303,-0.26515151515151514,-0.18181818181818182,-0.23106060606060605,-0.2159090909090909,-0.23863636363636365,-0.6742424242424242,-0.08712121212121213,-0.4393939393939394,-0.05303030303030303,-0.22348484848484848,-0.06060606060606061,-0.24242424242424243,-0.08712121212121213,-0.6174242424242424,0.12878787878787878,-0.42045454545454547,0.15151515151515152,-0.24242424242424243,0.10227272727272728,-0.23106060606060605,0.04924242424242424
3,0.0,0.0,-0.007407407407407408,-0.2814814814814815,-0.12962962962962962,-0.5888888888888889,-0.26296296296296295,-0.8111111111111111,-0.32592592592592595,-1.0,-0.6370370370370371,-0.5148148148148148,-0.5407407407407407,-0.5111111111111111,-0.3111111111111111,-0.42592592592592593,-0.29259259259259257,-0.37407407407407406,-0.7407407407407407,-0.2851851851851852,-0.5703703703703704,-0.26296296296296295,-0.29259259259259257,-0.24074074074074073,-0.2962962962962963,-0.24814814814814815,-0.7296296296296296,-0.05555555555555555,-0.5925925925925926,-0.04814814814814815,-0.34074074074074073,-0.05555555555555555,-0.337037037037037,-0.07777777777777778,-0.662962962962963,0.16296296296296298,-0.562962962962963,0.16666666666666666,-0.37037037037037035,0.11851851851851852,-0.35185185185185186,0.07777777777777778
3,0.0,0.0,-0.021660649819494584,-0.2924187725631769,-0.15162454873646208,-0.592057761732852,-0.296028880866426,-0.8050541516245487,-0.3574007220216607,-1.0,-0.6606498194945848,-0.5342960288808665,-0.5956678700361011,-0.5270758122743683,-0.34657039711191334,-0.4368231046931408,-0.3285198555956679,-0.3935018050541516,-0.7653429602888087,-0.3104693140794224,-0.628158844765343,-0.2815884476534296,-0.33574007220216606,-0.2563176895306859,-0.33935018050541516,-0.2743682310469314,-0.7509025270758123,-0.07942238267148015,-0.6750902527075813,-0.06498194945848375,-0.3971119133574007,-0.07581227436823104,-0.37906137184115524,-0.10469314079422383,-0.6859205776173285,0.1407942238267148,-0.631768953068592,0.16606498194945848,-0.4332129963898917,0.10830324909747292,-0.4187725631768953,0.05415162454873646
3,0.0,0.0,-0.02142857142857143,-0.3107142857142857,-0.15714285714285714,-0.6142857142857143,-0.2892857142857143,-0.8285714285714286,-0.34285714285714286,-1.0,-0.5928571428571429,-0.5571428571428572,-0.6214285714285714,-0.6,-0.3821428571428571,-0.4785714285714286,-0.325,-0.42142857142857143,-0.6785714285714286,-0.3392857142857143,-0.6892857142857143,-0.3821428571428571,-0.3892857142857143,-0.30714285714285716,-0.3392857142857143,-0.29285714285714287,-0.6892857142857143,-0.125,-0.7321428571428571,-0.15,-0.4392857142857143,-0.125,-0.375,-0.1357142857142857,-0.6571428571428571,0.08214285714285714,-0.6928571428571428,0.08571428571428572,-0.4857142857142857,0.04285714285714286,-0.425,-0.0035714285714285713
3,0.0,0.0,-0.010676156583629894,-0.298932384341637,-0.15302491103202848,-0.594306049822064,-0.2918149466192171,-0.8220640569395018,-0.34519572953736655,-1.0,-0.5587188612099644,-0.5444839857651246,-0.6832740213523132,-0.5907473309608541,-0.4555160142348754,-0.47686832740213525,-0.3416370106761566,-0.4092526690391459,-0.6441281138790036,-0.33451957295373663,-0.7615658362989324,-0.3807829181494662,-0.45195729537366547,-0.30604982206405695,-0.3416370106761566,-0.28113879003558717,-0.6761565836298933,-0.12811387900355872,-0.800711743772242,-0.1494661921708185,-0.49466192170818507,-0.12455516014234876,-0.37722419928825623,-0.12455516014234876,-0.6619217081850534,0.08540925266903915,-0.7722419928825622,0.07829181494661921,-0.5444839857651246,0.042704626334519574,-0.4306049822064057,0.010676156583629894
3,0.0,0.0,-0.021505376344086023,-0.3046594982078853,-0.17921146953405018,-0.6021505376344086,-0.3154121863799283,-0.8279569892473119,-0.36917562724014336,-1.0,-0.5806451612903226,-0.5591397849462365,-0.7204301075268817,-0.6021505376344086,-0.5089605734767025,-0.4838709677419355,-0.37992831541218636,-0.4121863799283154,-0.6666666666666666,-0.35125448028673834,-0.8028673835125448,-0.3835125448028674,-0.5053763440860215,-0.3010752688172043,-0.37992831541218636,-0.27956989247311825,-0.7025089605734767,-0.14336917562724014,-0.8530465949820788,-0.16845878136200718,-0.5519713261648745,-0.13261648745519714,-0.4229390681003584,-0.12544802867383512,-0.6989247311827957,0.06451612903225806,-0.8136200716845878,0.05017921146953405,-0.5878136200716846,0.03225806451612903,-0.4659498207885305,0.010752688172043012
3,0.0,0.0,-0.07692307692307693,-0.3481781376518219,-0.29554655870445345,-0.6558704453441295,-0.47368421052631576,-0.8623481781376519,-0.5425101214574899,-1.0,-0.7206477732793523,-0.5141700404858299,-0.8866396761133604,-0.6032388663967612,-0.6396761133603239,-0.5182186234817814,-0.4574898785425101,-0.4291497975708502,-0.7935222672064778,-0.291497975708502,-0.9635627530364372,-0.3724696356275304,-0.6275303643724697,-0.31983805668016196,-0.4534412955465587,-0.27125506072874495,-0.805668016194332,-0.06882591093117409,-0.9838056680161943,-0.12955465587044535,-0.6558704453441295,-0.12955465587044535,-0.48582995951417,-0.10121457489878542,-0.7692307692307693,0.1700404858299595,-0.9230769230769231,0.10121457489878542,-0.6923076923076923,0.044534412955465584,-0.5425101214574899,0.02834008097165992
3,0.0,0.0,-0.09387755102040816,-0.3551020408163265,-0.3183673469387755,-0.6408163265306123,-0.49795918367346936,-0.8367346938775511,-0.5795918367346938,-0.9673469387755103,-0.7346938775510204,-0.4816326530612245,-0.9224489795918367,-0.5673469387755102,-0.673469387755102,-0.49387755102040815,-0.4897959183673469,-0.4122448979591837,-0.7918367346938775,-0.2612244897959184,-0.9918367346938776,-0.3346938775510204,-0.6530612244897959,-0.2938775510204082,-0.47346938775510206,-0.24897959183673468,-0.8,-0.04081632653061224,-1.0,-0.09795918367346938,-0.673469387755102,-0.10204081632653061,-0.5061224489795918,-0.07755102040816327,-0.7591836734693878,0.19183673469387755,-0.9387755102040817,0.1346938775510204,-0.7020408163265306,0.08163265306122448,-0.5591836734693878,0.0653061224489796
3,0.0,0.0,-0.12048192771084337,-0.36947791164658633,-0.3293172690763052,-0.6385542168674698,-0.5261044176706827,-0.8232931726907631,-0.606425702811245,-0.9477911646586346,-0.7429718875502008,-0.46987951807228917,-0.9477911646586346,-0.5421686746987951,-0.6947791164658634,-0.4738955823293173,-0.5100401606425703,-0.40562248995983935,-0.7991967871485943,-0.24899598393574296,-1.0,-0.30522088353413657,-0.6546184738955824,-0.27309236947791166,-0.4779116465863454,-0.24497991967871485,-0.7991967871485943,-0.0321285140562249,-1.0,-0.060240963855421686,-0.6706827309236948,-0.07630522088353414,-0.5060240963855421,-0.06827309236947791,-0.7469879518072289,0.19678714859437751,-0.927710843373494,0.17670682730923695,-0.6907630522088354,0.10843373493975904,-0.5542168674698795,0.07630522088353414
3,0.0,0.0,-0.13229571984435798,-0.3463035019455253,-0.3463035019455253,-0.6108949416342413,-0.5214007782101168,-0.8093385214007782,-0.5992217898832685,-0.9182879377431906,-0.7392996108949417,-0.4396887159533074,-0.9455252918287937,-0.4980544747081712,-0.6964980544747081,-0.4396887159533074,-0.5097276264591439,-0.38132295719844356,-0.7898832684824902,-0.2178988326848249,-0.9883268482490273,-0.2607003891050584,-0.6575875486381323,-0.24124513618677043,-0.48249027237354086,-0.22568093385214008,-0.7859922178988327,-0.0038910505836575876,-1.0,-0.0311284046692607,-0.6809338521400778,-0.05058365758754864,-0.5097276264591439,-0.05058365758754864,-0.7392996108949417,0.2178988326848249,-0.9221789883268483,0.21011673151750973,-0.7003891050583657,0.14007782101167315,-0.556420233463035,0.09727626459143969
3,0.0,0.0,-0.1556420233463035,-0.3657587548638132,-0.29961089494163423,-0.6381322957198443,-0.4357976653696498,-0.867704280155642,-0.5136186770428015,-0.9883268482490273,-0.7626459143968871,-0.4474708171206226,-0.953307392996109,-0.4785992217898833,-0.6926070038910506,-0.43190661478599224,-0.5252918287937743,-0.38910505836575876,-0.8054474708171206,-0.22178988326848248,-1.0,-0.2490272373540856,-0.6575875486381323,-0.24124513618677043,-0.49416342412451364,-0.23735408560311283,-0.7898832684824902,-0.0038910505836575876,-1.0,-0.01556420233463035,-0.6809338521400778,-0.042801556420233464,-0.5097276264591439,-0.0622568093385214,-0.7198443579766537,0.20622568093385213,-0.9027237354085603,0.2178988326848249,-0.6770428015564203,0.13618677042801555,-0.5486381322957199,0.07782101167315175
3,0.0,0.0,-0.13229571984435798,-0.36186770428015563,-0.28793774319066145,-0.6342412451361867,-0.42023346303501946,-0.867704280155642,-0.48638132295719844,-0.9961089494163424,-0.7665369649805448,-0.4357976653696498,-0.980544747081712,-0.47470817120622566,-0.7120622568093385,-0.43190661478599224,-0.5252918287937743,-0.38910505836575876,-0.8054474708171206,-0.20622568093385213,-1.0,-0.23346303501945526,-0.6575875486381323,-0.22568093385214008,-0.49416342412451364,-0.22178988326848248,-0.7898832684824902,0.007782101167315175,-1.0,0.0,-0.6770428015564203,-0.027237354085603113,-0.5058365758754864,-0.038910505836575876,-0.7198443579766537,0.2178988326848249,-0.9105058365758755,0.23735408560311283,-0.688715953307393,0.1556420233463035,-0.5486381322957199,0.10116731517509728
3,0.0,0.0,-0.1773049645390071,-0.3617021276595745,-0.2765957446808511,-0.6170212765957447,-0.3723404255319149,-0.8617021276595744,-0.40425531914893614,-1.0,-0.723404255319149,-0.4397163120567376,-0.9042553191489362,-0.48226950354609927,-0.6560283687943262,-0.4397163120567376,-0.49645390070921985,-0.40070921985815605,-0.7588652482269503,-0.22340425531914893,-0.9432624113475178,-0.25886524822695034,-0.6170212765957447,-0.25886524822695034,-0.46099290780141844,-0.25177304964539005,-0.7340425531914894,-0.024822695035460994,-0.9397163120567376,-0.03900709219858156,-0.6524822695035462,-0.06028368794326241,-0.4858156028368794,-0.08156028368794327,-0.6524822695035462,0.14893617021276595,-0.8333333333333334,0.1595744680851064,-0.6382978723404256,0.09574468085106383,-0.5283687943262412,0.04609929078014184
3,0.0,0.0,-0.15862068965517243,-0.33448275862068966,-0.25862068965517243,-0.593103448275862,-0.3413793103448276,-0.8482758620689655,-0.36551724137931035,-1.0,-0.6931034482758621,-0.4413793103448276,-0.8724137931034482,-0.46551724137931033,-0.6275862068965518,-0.4206896551724138,-0.4793103448275862,-0.3931034482758621,-0.7344827586206897,-0.22758620689655173,-0.9137931034482759,-0.2482758620689655,-0.596551724137931,-0.24482758620689654,-0.4586206896551724,-0.24482758620689654,-0.7137931034482758,-0.03103448275862069,-0.9137931034482759,-0.041379310344827586,-0.6310344827586207,-0.05862068965517241,-0.4724137931034483,-0.07931034482758621,-0.6448275862068965,0.1413793103448276,-0.8068965517241379,0.15862068965517243,-0.6103448275862069,0.09310344827586207,-0.506896551724138,0.04827586206896552
3,0.0,0.0,-0.1605351170568562,-0.3411371237458194,-0.23411371237458195,-0.5953177257525084,-0.3110367892976589,-0.8494983277591973,-0.33444816053511706,-1.0,-0.6655518394648829,-0.43812709030100333,-0.8327759197324415,-0.4816053511705686,-0.6020066889632107,-0.43478260869565216,-0.46488294314381273,-0.39464882943143814,-0.7090301003344481,-0.23411371237458195,-0.8729096989966555,-0.27424749163879597,-0.568561872909699,-0.26421404682274247,-0.431438127090301,-0.25418060200668896,-0.6923076923076923,-0.043478260869565216,-0.882943143812709,-0.06688963210702341,-0.6086956521739131,-0.0802675585284281,-0.45484949832775917,-0.09364548494983277,-0.6254180602006689,0.12374581939799331,-0.7892976588628763,0.12709030100334448,-0.5919732441471572,0.06688963210702341,-0.4916387959866221,0.023411371237458192
3,0.0,0.0,-0.14473684210526316,-0.3157894736842105,-0.23355263157894737,-0.569078947368421,-0.29605263157894735,-0.8322368421052632,-0.27631578947368424,-1.0,-0.6447368421052632,-0.4309210526315789,-0.8125,-0.46710526315789475,-0.5921052631578947,-0.41776315789473684,-0.45723684210526316,-0.3848684210526316,-0.694078947368421,-0.23355263157894737,-0.8552631578947368,-0.26644736842105265,-0.5592105263157895,-0.2532894736842105,-0.4342105263157895,-0.25,-0.6842105263157895,-0.046052631578947366,-0.8618421052631579,-0.0625,-0.5953947368421053,-0.07894736842105263,-0.4506578947368421,-0.09539473684210527,-0.6282894736842105,0.12171052631578948,-0.7763157894736842,0.13486842105263158,-0.5888157894736842,0.06907894736842106,-0.4901315789473684,0.023026315789473683
3,0.0,0.0,-0.1498371335504886,-0.31596091205211724,-0.2247557003257329,-0.5667752442996743,-0.28338762214983715,-0.8338762214983714,-0.26058631921824105,-1.0,-0.6416938110749185,-0.4495114006514658,-0.7980456026058632,-0.4788273615635179,-0.5732899022801303,-0.42671009771986973,-0.4560260586319218,-0.40390879478827363,-0.6840390879478827,-0.247557003257329,-0.8403908794788274,-0.28013029315960913,-0.5439739413680782,-0.2671009771986971,-0.43322475570032576,-0.26384364820846906,-0.6710097719869706,-0.05537459283387622,-0.8403908794788274,-0.08143322475570032,-0.5798045602605864,-0.08794788273615635,-0.44625407166123776,-0.10423452768729642,-0.6091205211726385,0.10423452768729642,-0.758957654723127,0.11400651465798045,-0.5700325732899023,0.05537459283387622,-0.4788273615635179,0.013029315960912053
3,0.0,0.0,-0.1291390728476821,-0.31125827814569534,-0.2185430463576159,-0.5662251655629139,-0.27483443708609273,-0.8278145695364238,-0.25165562913907286,-1.0,-0.6324503311258278,-0.44039735099337746,-0.8013245033112583,-0.4735099337748344,-0.5794701986754967,-0.4139072847682119,-0.4503311258278146,-0.3841059602649007,-0.6854304635761589,-0.24172185430463577,-0.847682119205298,-0.271523178807947,-0.5529801324503312,-0.25496688741721857,-0.4271523178807947,-0.24834437086092714,-0.6788079470198676,-0.059602649006622516,-0.8609271523178808,-0.0695364238410596,-0.5927152317880795,-0.08278145695364239,-0.4470198675496689,-0.09602649006622517,-0.6291390728476821,0.10927152317880795,-0.7781456953642384,0.12582781456953643,-0.5894039735099338,0.06291390728476821,-0.48344370860927155,0.019867549668874173
3,0.0,0.0,-0.11262798634812286,-0.30716723549488056,-0.21160409556313994,-0.5665529010238908,-0.25597269624573377,-0.8225255972696246,-0.21843003412969283,-1.0,-0.6245733788395904,-0.4402730375426621,-0.8122866894197952,-0.47440273037542663,-0.5870307167235495,-0.41638225255972694,-0.44368600682593856,-0.3822525597269625,-0.6791808873720137,-0.2354948805460751,-0.8532423208191127,-0.26621160409556316,-0.552901023890785,-0.24232081911262798,-0.4197952218430034,-0.2354948805460751,-0.6825938566552902,-0.04436860068259386,-0.8737201365187713,-0.05802047781569966,-0.5938566552901023,-0.07167235494880546,-0.447098976109215,-0.07508532423208192,-0.6484641638225256,0.14334470989761092,-0.8088737201365188,0.15699658703071673,-0.6143344709897611,0.09215017064846416,-0.49829351535836175,0.051194539249146756
3,0.0,0.0,-0.11784511784511785,-0.3063973063973064,-0.20202020202020202,-0.5656565656565656,-0.24915824915824916,-0.8249158249158249,-0.21885521885521886,-1.0,-0.6195286195286195,-0.44107744107744107,-0.7946127946127947,-0.48148148148148145,-0.5723905723905723,-0.4208754208754209,-0.4377104377104377,-0.3838383838383838,-0.6767676767676768,-0.24242424242424243,-0.8383838383838383,-0.2760942760942761,-0.5521885521885522,-0.25252525252525254,-0.4276094276094276,-0.24242424242424243,-0.6801346801346801,-0.05387205387205387,-0.8619528619528619,-0.07407407407407407,-0.5925925925925926,-0.08417508417508418,-0.4511784511784512,-0.08417508417508418,-0.6498316498316499,0.13468013468013468,-0.8114478114478114,0.13468013468013468,-0.622895622895623,0.07407407407407407,-0.5084175084175084,0.04377104377104377
3,0.0,0.0,-0.12244897959183673,-0.3129251700680272,-0.20408163265306123,-0.564625850340136,-0.25170068027210885,-0.8299319727891157,-0.21428571428571427,-1.0,-0.6224489795918368,-0.4489795918367347,-0.8061224489795918,-0.47619047619047616,-0.5748299319727891,-0.41496598639455784,-0.43197278911564624,-0.3843537414965986,-0.6768707482993197,-0.24489795918367346,-0.8571428571428571,-0.2687074829931973,-0.5578231292517006,-0.24489795918367346,-0.4217687074829932,-0.24149659863945577,-0.6768707482993197,-0.05442176870748299,-0.8673469387755102,-0.06462585034013606,-0.5918367346938775,-0.07482993197278912,-0.445578231292517,-0.08503401360544217,-0.6360544217687075,0.12585034013605442,-0.7959183673469388,0.1360544217687075,-0.6020408163265306,0.08163265306122448,-0.4931972789115646,0.04081632653061224
3,0.0,0.0,-0.14006514657980457,-0.31596091205211724,-0.20195439739413681,-0.5635179153094463,-0.24429967426710097,-0.8306188925081434,-0.21172638436482086,-1.0,-0.6221498371335505,-0.44299674267100975,-0.7850162866449512,-0.4820846905537459,-0.5700325732899023,-0.42671009771986973,-0.44625407166123776,-0.3973941368078176,-0.6742671009771987,-0.24104234527687296,-0.8306188925081434,-0.28013029315960913,-0.5342019543973942,-0.25732899022801303,-0.41368078175895767,-0.250814332247557,-0.6644951140065146,-0.048859934853420196,-0.8436482084690554,-0.08469055374592833,-0.5798045602605864,-0.08794788273615635,-0.4364820846905538,-0.09446254071661238,-0.6123778501628665,0.11400651465798045,-0.762214983713355,0.10749185667752444,-0.5798045602605864,0.05537459283387622,-0.48534201954397393,0.02280130293159609
3,0.0,0.0,-0.12956810631229235,-0.31561461794019935,-0.2026578073089701,-0.5714285714285714,-0.25249169435215946,-0.8305647840531561,-0.22259136212624583,-1.0,-0.627906976744186,-0.4418604651162791,-0.7940199335548173,-0.4850498338870432,-0.5714285714285714,-0.42857142857142855,-0.44518272425249167,-0.39867109634551495,-0.6843853820598007,-0.24584717607973422,-0.8438538205980066,-0.292358803986711,-0.5514950166112956,-0.2691029900332226,-0.42857142857142855,-0.2558139534883721,-0.6843853820598007,-0.059800664451827246,-0.867109634551495,-0.08970099667774087,-0.5980066445182725,-0.09966777408637874,-0.45514950166112955,-0.09966777408637874,-0.6445182724252492,0.11627906976744186,-0.8006644518272426,0.10631229235880399,-0.6146179401993356,0.04983388704318937,-0.5083056478405316,0.019933554817275746
3,0.0,0.0,-0.12121212121212122,-0.30976430976430974,-0.19865319865319866,-0.569023569023569,-0.24242424242424243,-0.8316498316498316,-0.21885521885521886,-1.0,-0.622895622895623,-0.4511784511784512,-0.8013468013468014,-0.47474747474747475,-0.5757575757575758,-0.4208754208754209,-0.4444444444444444,-0.3939393939393939,-0.6835016835016835,-0.24915824915824916,-0.8518518518518519,-0.2760942760942761,-0.5555555555555556,-0.2558922558922559,-0.43097643097643096,-0.24579124579124578,-0.6868686868686869,-0.05387205387205387,-0.8720538720538721,-0.0707070707070707,-0.5993265993265994,-0.07744107744107744,-0.4511784511784512,-0.08417508417508418,-0.6464646464646465,0.12457912457912458,-0.8013468013468014,0.13468013468013468,-0.6094276094276094,0.07744107744107744,-0.5016835016835017,0.037037037037037035
3,0.0,0.0,-0.1,-0.30689655172413793,-0.20344827586206896,-0.5689655172413793,-0.25517241379310346,-0.8241379310344827,-0.22758620689655173,-1.0,-0.6310344827586207,-0.4482758620689655,-0.8241379310344827,-0.4724137931034483,-0.596551724137931,-0.4068965517241379,-0.45517241379310347,-0.3758620689655172,-0.6862068965517242,-0.2413793103448276,-0.8724137931034482,-0.2655172413793103,-0.5724137931034483,-0.23793103448275862,-0.43448275862068964,-0.23448275862068965,-0.6931034482758621,-0.05172413793103448,-0.896551724137931,-0.05862068965517241,-0.6068965517241379,-0.06896551724137931,-0.45517241379310347,-0.07241379310344828,-0.6689655172413793,0.13793103448275862,-0.8275862068965517,0.1482758620689655,-0.6275862068965518,0.09310344827586207,-0.503448275862069,0.05517241379310345
3,0.0,0.0,-0.09225092250922509,-0.31365313653136534,-0.1992619926199262,-0.5940959409594095,-0.25092250922509224,-0.8376383763837638,-0.2767527675276753,-1.0,-0.6752767527675276,-0.46494464944649444,-0.8782287822878229,-0.5166051660516605,-0.6346863468634686,-0.44649446494464945,-0.47601476014760147,-0.3985239852398524,-0.7269372693726938,-0.24723247232472326,-0.922509225092251,-0.2767527675276753,-0.6051660516605166,-0.25092250922509224,-0.45387453874538747,-0.23985239852398524,-0.7380073800738007,-0.04059040590405904,-0.9520295202952029,-0.055350553505535055,-0.6457564575645757,-0.06642066420664207,-0.4833948339483395,-0.06642066420664207,-0.7121771217712177,0.16605166051660517,-0.8856088560885609,0.16605166051660517,-0.6715867158671587,0.11070110701107011,-0.5313653136531366,0.07749077490774908
3,0.0,0.0,-0.08394160583941605,-0.3102189781021898,-0.19708029197080293,-0.5948905109489051,-0.24817518248175183,-0.8357664233576643,-0.25547445255474455,-1.0,-0.6715328467153284,-0.45985401459854014,-0.8686131386861314,-0.5109489051094891,-0.6277372262773723,-0.43795620437956206,-0.4744525547445255,-0.38686131386861317,-0.7226277372262774,-0.24452554744525548,-0.9124087591240876,-0.2737226277372263,-0.5948905109489051,-0.24817518248175183,-0.45255474452554745,-0.24087591240875914,-0.7299270072992701,-0.040145985401459854,-0.9379562043795621,-0.04744525547445255,-0.6313868613138686,-0.06204379562043796,-0.4708029197080292,-0.06569343065693431,-0.7007299270072993,0.1678832116788321,-0.8722627737226277,0.17153284671532848,-0.6532846715328468,0.11313868613138686,-0.5182481751824818,0.072992700729927
3,0.0,0.0,-0.0842911877394636,-0.32950191570881227,-0.18773946360153257,-0.6206896551724138,-0.2567049808429119,-0.8544061302681992,-0.3333333333333333,-0.9923371647509579,-0.6973180076628352,-0.4904214559386973,-0.9042145593869731,-0.5478927203065134,-0.6513409961685823,-0.47509578544061304,-0.4827586206896552,-0.41379310344827586,-0.7586206896551724,-0.26436781609195403,-0.9540229885057471,-0.2988505747126437,-0.6245210727969349,-0.26436781609195403,-0.4521072796934866,-0.24904214559386972,-0.7739463601532567,-0.04980842911877394,-1.0,-0.06513409961685823,-0.6781609195402298,-0.07279693486590039,-0.49808429118773945,-0.06896551724137931,-0.7509578544061303,0.15708812260536398,-0.9310344827586207,0.16475095785440613,-0.7088122605363985,0.11494252873563218,-0.5593869731800766,0.0842911877394636
3,0.0,0.0,-0.07335907335907337,-0.3281853281853282,-0.19305019305019305,-0.6293436293436293,-0.277992277992278,-0.8648648648648649,-0.3783783783783784,-0.9884169884169884,-0.6988416988416989,-0.4942084942084942,-0.9073359073359073,-0.5482625482625483,-0.6563706563706564,-0.46332046332046334,-0.4942084942084942,-0.4015444015444015,-0.7606177606177607,-0.26640926640926643,-0.9613899613899614,-0.28957528957528955,-0.6254826254826255,-0.25096525096525096,-0.4671814671814672,-0.24324324324324326,-0.7837837837837838,-0.04633204633204633,-1.0,-0.05405405405405406,-0.6718146718146718,-0.05791505791505792,-0.4980694980694981,-0.06563706563706563,-0.7722007722007722,0.17374517374517376,-0.9420849420849421,0.18532818532818532,-0.7065637065637066,0.13513513513513514,-0.5598455598455598,0.09652509652509653
3,0.0,0.0,-0.07692307692307693,-0.3269230769230769,-0.19230769230769232,-0.6269230769230769,-0.2846153846153846,-0.8615384615384616,-0.38846153846153847,-0.9846153846153847,-0.7076923076923077,-0.48846153846153845,-0.9153846153846154,-0.5269230769230769,-0.6538461538461539,-0.45,-0.4846153846153846,-0.39615384615384613,-0.7653846153846153,-0.25384615384615383,-0.9615384615384616,-0.2692307692307692,-0.6269230769230769,-0.23461538461538461,-0.46923076923076923,-0.23461538461538461,-0.7846153846153846,-0.03461538461538462,-1.0,-0.03076923076923077,-0.676923076923077,-0.038461538461538464,-0.5038461538461538,-0.05384615384615385,-0.7692307692307693,0.18076923076923077,-0.9461538461538461,0.19615384615384615,-0.7153846153846154,0.14615384615384616,-0.5615384615384615,0.10384615384615385
3,0.0,0.0,-0.08171206225680934,-0.33073929961089493,-0.22568093385214008,-0.6264591439688716,-0.3463035019455253,-0.8521400778210116,-0.4669260700389105,-0.980544747081712,-0.7470817120622568,-0.45525291828793774,-0.9571984435797666,-0.47470817120622566,-0.6964980544747081,-0.4046692607003891,-0.5214007782101168,-0.36186770428015563,-0.7937743190661478,-0.21011673151750973,-0.9961089494163424,-0.19844357976653695,-0.6536964980544747,-0.1867704280155642,-0.48249027237354086,-0.20622568093385213,-0.7937743190661478,0.011673151750972763,-1.0,0.04669260700389105,-0.6809338521400778,0.011673151750972763,-0.5097276264591439,-0.027237354085603113,-0.7587548638132295,0.22178988326848248,-0.9299610894941635,0.26848249027237353,-0.7120622568093385,0.20233463035019456,-0.5719844357976653,0.13618677042801555
3,0.0,0.0,-0.08661417322834646,-0.33858267716535434,-0.24015748031496062,-0.6456692913385826,-0.3779527559055118,-0.8700787401574803,-0.515748031496063,-0.9881889763779528,-0.7440944881889764,-0.4763779527559055,-0.9606299212598425,-0.48031496062992124,-0.7086614173228346,-0.4094488188976378,-0.531496062992126,-0.37401574803149606,-0.7952755905511811,-0.23622047244094488,-0.9960629921259843,-0.2125984251968504,-0.65748031496063,-0.1968503937007874,-0.4921259842519685,-0.22440944881889763,-0.8031496062992126,-0.015748031496062992,-1.0,0.023622047244094488,-0.6889763779527559,-0.003937007874015748,-0.5236220472440944,-0.05511811023622047,-0.7755905511811023,0.19291338582677164,-0.9291338582677166,0.24803149606299213,-0.7165354330708661,0.18503937007874016,-0.5866141732283464,0.11023622047244094
3,0.0,0.0,-0.0873015873015873,-0.3492063492063492,-0.2698412698412698,-0.6349206349206349,-0.44047619047619047,-0.8373015873015873,-0.5912698412698413,-0.9484126984126984,-0.753968253968254,-0.4603174603174603,-0.9841269841269841,-0.4444444444444444,-0.7023809523809523,-0.373015873015873,-0.5119047619047619,-0.34523809523809523,-0.7936507936507936,-0.21428571428571427,-1.0,-0.17857142857142858,-0.6428571428571429,-0.15476190476190477,-0.46825396825396826,-0.1865079365079365,-0.7976190476190477,0.003968253968253968,-0.996031746031746,0.05555555555555555,-0.6706349206349206,0.03571428571428571,-0.49603174603174605,-0.01984126984126984,-0.7698412698412699,0.20634920634920634,-0.9246031746031746,0.2619047619047619,-0.6904761904761905,0.21825396825396826,-0.5436507936507936,0.14682539682539683
3,0.0,0.0,-0.08527131782945736,-0.34108527131782945,-0.2713178294573643,-0.6162790697674418,-0.45348837209302323,-0.8178294573643411,-0.6007751937984496,-0.9302325581395349,-0.748062015503876,-0.4496124031007752,-0.9767441860465116,-0.42248062015503873,-0.7054263565891473,-0.35271317829457366,-0.5232558139534884,-0.3333333333333333,-0.7868217054263565,-0.2131782945736434,-1.0,-0.16279069767441862,-0.6511627906976745,-0.14728682170542637,-0.4806201550387597,-0.18992248062015504,-0.7906976744186046,0.003875968992248062,-0.9883720930232558,0.06201550387596899,-0.6627906976744186,0.03875968992248062,-0.5,-0.023255813953488372,-0.7558139534883721,0.20155038759689922,-0.9069767441860465,0.2558139534883721,-0.6782945736434108,0.20930232558139536,-0.5426356589147286,0.13565891472868216
3,0.0,0.0,-0.08494208494208494,-0.3359073359073359,-0.2702702702702703,-0.61003861003861,-0.444015444015444,-0.8108108108108109,-0.5907335907335908,-0.9305019305019305,-0.7567567567567568,-0.44787644787644787,-0.9652509652509652,-0.42084942084942084,-0.694980694980695,-0.3436293436293436,-0.5019305019305019,-0.3204633204633205,-0.7915057915057915,-0.2084942084942085,-1.0,-0.16216216216216217,-0.6447876447876448,-0.14285714285714285,-0.4671814671814672,-0.18146718146718147,-0.7915057915057915,0.011583011583011582,-0.9845559845559846,0.06563706563706563,-0.6602316602316602,0.04247104247104247,-0.49034749034749037,-0.015444015444015444,-0.752895752895753,0.21235521235521235,-0.9034749034749034,0.2625482625482625,-0.6718146718146718,0.21235521235521235,-0.5328185328185329,0.14285714285714285
3,0.0,0.0,-0.07003891050583658,-0.3346303501945525,-0.23346303501945526,-0.6264591439688716,-0.3852140077821012,-0.8560311284046692,-0.5291828793774319,-0.9883268482490273,-0.7431906614785992,-0.490272373540856,-0.953307392996109,-0.4591439688715953,-0.6848249027237354,-0.36964980544747084,-0.4980544747081712,-0.3346303501945525,-0.7937743190661478,-0.245136186770428,-1.0,-0.19066147859922178,-0.6459143968871596,-0.15953307392996108,-0.46303501945525294,-0.19844357976653695,-0.8054474708171206,-0.023346303501945526,-0.9922178988326849,0.03501945525291829,-0.6653696498054474,0.023346303501945526,-0.49416342412451364,-0.03501945525291829,-0.7859922178988327,0.17120622568093385,-0.9221789883268483,0.22957198443579765,-0.6809338521400778,0.19066147859922178,-0.5408560311284046,0.1245136186770428
3,0.0,0.0,-0.07722007722007722,-0.3359073359073359,-0.25096525096525096,-0.6254826254826255,-0.40540540540540543,-0.8416988416988417,-0.528957528957529,-0.9806949806949807,-0.7413127413127413,-0.4749034749034749,-0.9575289575289575,-0.44787644787644787,-0.6911196911196911,-0.3590733590733591,-0.5212355212355212,-0.3359073359073359,-0.7799227799227799,-0.2277992277992278,-1.0,-0.18532818532818532,-0.6447876447876448,-0.15444015444015444,-0.4826254826254826,-0.1969111969111969,-0.7837837837837838,-0.003861003861003861,-0.9884169884169884,0.05019305019305019,-0.667953667953668,0.03474903474903475,-0.5096525096525096,-0.023166023166023165,-0.752895752895753,0.1969111969111969,-0.918918918918919,0.25096525096525096,-0.6911196911196911,0.20463320463320464,-0.5598455598455598,0.13513513513513514
3,0.0,0.0,-0.05223880597014925,-0.31716417910447764,-0.20522388059701493,-0.6044776119402985,-0.35447761194029853,-0.835820895522388,-0.47388059701492535,-1.0,-0.6940298507462687,-0.48507462686567165,-0.8694029850746269,-0.4701492537313433,-0.6044776119402985,-0.3880597014925373,-0.458955223880597,-0.3619402985074627,-0.75,-0.2462686567164179,-0.9291044776119403,-0.22014925373134328,-0.582089552238806,-0.1865671641791045,-0.45149253731343286,-0.22388059701492538,-0.7723880597014925,-0.029850746268656716,-0.9589552238805971,0.014925373134328358,-0.6380597014925373,0.007462686567164179,-0.4962686567164179,-0.048507462686567165,-0.7574626865671642,0.17537313432835822,-0.8955223880597015,0.23134328358208955,-0.664179104477612,0.1828358208955224,-0.5410447761194029,0.11194029850746269
3,0.0,0.0,-0.03942652329749104,-0.3010752688172043,-0.18996415770609318,-0.5985663082437276,-0.3333333333333333,-0.8136200716845878,-0.4121863799283154,-1.0,-0.6451612903225806,-0.46953405017921146,-0.7383512544802867,-0.43727598566308246,-0.48028673835125446,-0.36917562724014336,-0.4121863799283154,-0.3763440860215054,-0.7132616487455197,-0.23655913978494625,-0.7956989247311828,-0.20430107526881722,-0.4731182795698925,-0.17921146953405018,-0.43727598566308246,-0.22939068100358423,-0.7311827956989247,-0.025089605734767026,-0.8387096774193549,0.021505376344086023,-0.5376344086021505,0.007168458781362007,-0.48028673835125446,-0.06093189964157706,-0.7204301075268817,0.1827956989247312,-0.7777777777777778,0.24014336917562723,-0.5698924731182796,0.1935483870967742,-0.5089605734767025,0.12186379928315412
3,0.0,0.0,-0.01056338028169014,-0.2887323943661972,-0.1443661971830986,-0.602112676056338,-0.2852112676056338,-0.8098591549295775,-0.36619718309859156,-1.0,-0.676056338028169,-0.5105633802816901,-0.6443661971830986,-0.4295774647887324,-0.39436619718309857,-0.36619718309859156,-0.3415492957746479,-0.36971830985915494,-0.7887323943661971,-0.29225352112676056,-0.6795774647887324,-0.18661971830985916,-0.38380281690140844,-0.176056338028169,-0.36971830985915494,-0.2323943661971831,-0.8028169014084507,-0.07042253521126761,-0.7288732394366197,0.028169014084507043,-0.4471830985915493,0.0,-0.4119718309859155,-0.08450704225352113,-0.7711267605633803,0.1443661971830986,-0.7253521126760564,0.22183098591549297,-0.5211267605633803,0.1795774647887324,-0.47183098591549294,0.10915492957746478
3,0.0,0.0,0.03461538461538462,-0.28846153846153844,-0.09615384615384616,-0.5653846153846154,-0.21153846153846154,-0.7653846153846153,-0.2653846153846154,-1.0,-0.6461538461538462,-0.5153846153846153,-0.40384615384615385,-0.39615384615384613,-0.21153846153846154,-0.33076923076923076,-0.23846153846153847,-0.35384615384615387,-0.7653846153846153,-0.2846153846153846,-0.43846153846153846,-0.1346153846153846,-0.21153846153846154,-0.11538461538461539,-0.25384615384615383,-0.16538461538461538,-0.7807692307692308,-0.05,-0.49230769230769234,0.08846153846153847,-0.28076923076923077,0.06538461538461539,-0.3076923076923077,-0.007692307692307693,-0.7538461538461538,0.16153846153846155,-0.5384615384615384,0.27692307692307694,-0.3576923076923077,0.24615384615384617,-0.34615384615384615,0.18461538461538463
3,0.0,0.0,0.03076923076923077,-0.2923076923076923,-0.09615384615384616,-0.5653846153846154,-0.2153846153846154,-0.7692307692307693,-0.27307692307692305,-1.0,-0.6538461538461539,-0.5076923076923077,-0.4115384615384615,-0.3730769230769231,-0.21153846153846154,-0.31153846153846154,-0.22692307692307692,-0.33076923076923076,-0.7769230769230769,-0.27692307692307694,-0.4576923076923077,-0.11538461538461539,-0.2230769230769231,-0.1,-0.25384615384615383,-0.15,-0.7884615384615384,-0.04230769230769231,-0.5076923076923077,0.1076923076923077,-0.29615384615384616,0.08076923076923077,-0.3153846153846154,0.007692307692307693,-0.7538461538461538,0.16538461538461538,-0.5384615384615384,0.29615384615384616,-0.3576923076923077,0.2653846153846154,-0.34615384615384615,0.19615384615384615
3,0.0,0.0,0.03076923076923077,-0.28076923076923077,-0.1,-0.5538461538461539,-0.2230769230769231,-0.7576923076923077,-0.27307692307692305,-1.0,-0.6692307692307692,-0.5115384615384615,-0.41923076923076924,-0.3730769230769231,-0.21923076923076923,-0.3076923076923077,-0.24615384615384617,-0.3192307692307692,-0.7923076923076923,-0.27307692307692305,-0.47307692307692306,-0.1076923076923077,-0.23461538461538461,-0.09230769230769231,-0.27307692307692305,-0.14615384615384616,-0.8038461538461539,-0.03461538461538462,-0.5076923076923077,0.11538461538461539,-0.2923076923076923,0.08461538461538462,-0.3192307692307692,0.007692307692307693,-0.7692307692307693,0.18076923076923077,-0.5269230769230769,0.3,-0.3346153846153846,0.25,-0.3269230769230769,0.16923076923076924
3,0.0,0.0,0.0199203187250996,-0.2868525896414343,-0.12749003984063745,-0.5537848605577689,-0.27091633466135456,-0.749003984063745,-0.3147410358565737,-1.0,-0.7211155378486056,-0.4900398406374502,-0.5219123505976095,-0.3545816733067729,-0.2948207171314741,-0.29880478087649404,-0.3187250996015936,-0.32270916334661354,-0.8326693227091634,-0.24302788844621515,-0.5776892430278885,-0.0796812749003984,-0.2948207171314741,-0.08366533864541832,-0.32669322709163345,-0.15139442231075698,-0.8286852589641435,0.00796812749003984,-0.5976095617529881,0.1593625498007968,-0.3426294820717131,0.10756972111553785,-0.3705179282868526,0.01593625498007968,-0.7768924302788844,0.23107569721115537,-0.5856573705179283,0.3466135458167331,-0.3705179282868526,0.2749003984063745,-0.3665338645418327,0.17928286852589642
3,0.0,0.0,-0.12015503875968993,-0.29069767441860467,-0.38372093023255816,-0.5348837209302325,-0.5581395348837209,-0.748062015503876,-0.5542635658914729,-0.9534883720930233,-0.7984496124031008,-0.3643410852713178,-0.9922480620155039,-0.3488372093023256,-0.7441860465116279,-0.313953488372093,-0.5581395348837209,-0.3062015503875969,-0.8294573643410853,-0.13565891472868216,-1.0,-0.10465116279069768,-0.6705426356589147,-0.1124031007751938,-0.49612403100775193,-0.12790697674418605,-0.813953488372093,0.08139534883720931,-0.9689922480620154,0.11627906976744186,-0.6627906976744186,0.07364341085271318,-0.49224806201550386,0.03488372093023256,-0.7713178294573644,0.2868217054263566,-0.9031007751937985,0.29457364341085274,-0.6782945736434108,0.24806201550387597,-0.5426356589147286,0.19767441860465115
3,0.0,0.0,-0.08300395256916997,-0.30434782608695654,-0.3438735177865613,-0.5612648221343873,-0.5217391304347826,-0.7786561264822134,-0.5177865612648221,-1.0,-0.7707509881422925,-0.4624505928853755,-0.9683794466403162,-0.37549407114624506,-0.6956521739130435,-0.31225296442687744,-0.525691699604743,-0.33201581027667987,-0.8023715415019763,-0.2134387351778656,-0.9881422924901185,-0.12648221343873517,-0.6284584980237155,-0.1225296442687747,-0.4743083003952569,-0.17786561264822134,-0.7944664031620553,0.015810276679841896,-0.9644268774703557,0.09090909090909091,-0.6205533596837944,0.05533596837944664,-0.45454545454545453,-0.015810276679841896,-0.7549407114624506,0.233201581027668,-0.8932806324110671,0.2766798418972332,-0.6442687747035574,0.22924901185770752,-0.5059288537549407,0.16205533596837945
3,0.0,0.0,-0.07335907335907337,-0.3127413127413127,-0.30115830115830117,-0.5791505791505791,-0.4749034749034749,-0.7953667953667953,-0.4826254826254826,-1.0,-0.722007722007722,-0.5096525096525096,-0.9034749034749034,-0.46332046332046334,-0.637065637065637,-0.36293436293436293,-0.4671814671814672,-0.3359073359073359,-0.7837837837837838,-0.277992277992278,-0.9613899613899614,-0.20077220077220076,-0.6138996138996139,-0.15444015444015444,-0.4594594594594595,-0.18532818532818532,-0.806949806949807,-0.05791505791505792,-0.9613899613899614,0.023166023166023165,-0.6293436293436293,0.023166023166023165,-0.4749034749034749,-0.023166023166023165,-0.7953667953667953,0.15057915057915058,-0.8996138996138996,0.21621621621621623,-0.6563706563706564,0.19305019305019305,-0.5328185328185329,0.13127413127413126
3,0.0,0.0,-0.06177606177606178,-0.3204633204633205,-0.2972972972972973,-0.5945945945945946,-0.4671814671814672,-0.803088803088803,-0.4671814671814672,-1.0,-0.6833976833976834,-0.5096525096525096,-0.8803088803088803,-0.5019305019305019,-0.6254826254826255,-0.40540540540540543,-0.47104247104247104,-0.3783783783783784,-0.7335907335907336,-0.27413127413127414,-0.9266409266409267,-0.2471042471042471,-0.5868725868725869,-0.20077220077220076,-0.44787644787644787,-0.22393822393822393,-0.7451737451737451,-0.06177606177606178,-0.9227799227799228,-0.023166023166023165,-0.5984555984555985,-0.023166023166023165,-0.4555984555984556,-0.06177606177606178,-0.722007722007722,0.138996138996139,-0.861003861003861,0.1776061776061776,-0.6254826254826255,0.14671814671814673,-0.4942084942084942,0.09266409266409266
3,0.0,0.0,-0.057692307692307696,-0.3192307692307692,-0.3038461538461538,-0.5884615384615385,-0.47307692307692306,-0.8,-0.4846153846153846,-1.0,-0.7,-0.5192307692307693,-0.8846153846153846,-0.5192307692307693,-0.6307692307692307,-0.41923076923076924,-0.47307692307692306,-0.3769230769230769,-0.7538461538461538,-0.2846153846153846,-0.9384615384615385,-0.2653846153846154,-0.5961538461538461,-0.21923076923076923,-0.46153846153846156,-0.23461538461538461,-0.7615384615384615,-0.06538461538461539,-0.9461538461538461,-0.038461538461538464,-0.6115384615384616,-0.038461538461538464,-0.46923076923076923,-0.06923076923076923,-0.7307692307692307,0.13846153846153847,-0.8730769230769231,0.16923076923076924,-0.6423076923076924,0.13076923076923078,-0.5153846153846153,0.07692307692307693
3,0.0,0.0,-0.050387596899224806,-0.3178294573643411,-0.27906976744186046,-0.5813953488372093,-0.46124031007751937,-0.7906976744186046,-0.4806201550387597,-1.0,-0.6744186046511628,-0.5193798449612403,-0.8643410852713178,-0.5310077519379846,-0.6046511627906976,-0.42248062015503873,-0.4573643410852713,-0.37209302325581395,-0.7403100775193798,-0.2868217054263566,-0.9263565891472868,-0.2751937984496124,-0.5813953488372093,-0.22093023255813954,-0.44573643410852715,-0.22868217054263565,-0.7596899224806202,-0.06976744186046512,-0.937984496124031,-0.03875968992248062,-0.6007751937984496,-0.03488372093023256,-0.4573643410852713,-0.06589147286821706,-0.7441860465116279,0.13953488372093023,-0.8837209302325582,0.17054263565891473,-0.6434108527131783,0.13953488372093023,-0.5155038759689923,0.08914728682170543
3,0.0,0.0,-0.045454545454545456,-0.3143939393939394,-0.2840909090909091,-0.5871212121212122,-0.4621212121212121,-0.7954545454545454,-0.48484848484848486,-1.0,-0.6704545454545454,-0.5151515151515151,-0.8636363636363636,-0.5265151515151515,-0.6022727272727273,-0.42424242424242425,-0.45454545454545453,-0.3712121212121212,-0.7310606060606061,-0.2840909090909091,-0.9204545454545454,-0.26515151515151514,-0.5757575757575758,-0.22348484848484848,-0.4431818181818182,-0.23484848484848486,-0.7462121212121212,-0.06439393939393939,-0.9242424242424242,-0.03409090909090909,-0.5871212121212122,-0.041666666666666664,-0.45075757575757575,-0.07196969696969698,-0.7272727272727273,0.14393939393939395,-0.8636363636363636,0.17803030303030304,-0.625,0.13636363636363635,-0.5037878787878788,0.08712121212121213
3,0.0,0.0,-0.041353383458646614,-0.3157894736842105,-0.2744360902255639,-0.5939849624060151,-0.4473684210526316,-0.8007518796992481,-0.4774436090225564,-1.0,-0.6578947368421053,-0.5263157894736842,-0.8233082706766918,-0.5488721804511278,-0.5601503759398496,-0.4323308270676692,-0.4398496240601504,-0.38721804511278196,-0.7180451127819549,-0.2857142857142857,-0.8721804511278195,-0.2857142857142857,-0.5263157894736842,-0.22556390977443608,-0.41729323308270677,-0.24060150375939848,-0.7255639097744361,-0.06390977443609022,-0.8759398496240601,-0.03759398496240601,-0.5375939849624061,-0.03383458646616541,-0.42857142857142855,-0.07894736842105263,-0.6992481203007519,0.15037593984962405,-0.8045112781954887,0.18045112781954886,-0.5601503759398496,0.13909774436090225,-0.4548872180451128,0.07894736842105263
3,0.0,0.0,-0.02962962962962963,-0.3074074074074074,-0.24444444444444444,-0.6111111111111112,-0.4222222222222222,-0.8037037037037037,-0.4666666666666667,-1.0,-0.6592592592592592,-0.5185185185185185,-0.7222222222222222,-0.5185185185185185,-0.45185185185185184,-0.4185185185185185,-0.37037037037037035,-0.3814814814814815,-0.7185185185185186,-0.2814814814814815,-0.7518518518518519,-0.26296296296296295,-0.42592592592592593,-0.2222222222222222,-0.3888888888888889,-0.23703703703703705,-0.7111111111111111,-0.05555555555555555,-0.7703703703703704,-0.02962962962962963,-0.45925925925925926,-0.03333333333333333,-0.4185185185185185,-0.06666666666666667,-0.6666666666666666,0.16296296296296298,-0.7111111111111111,0.18888888888888888,-0.4888888888888889,0.14444444444444443,-0.44074074074074077,0.08888888888888889
3,0.0,0.0,0.007633587786259542,-0.31297709923664124,-0.16412213740458015,-0.6183206106870229,-0.3435114503816794,-0.7977099236641222,-0.4389312977099237,-1.0,-0.7022900763358778,-0.5534351145038168,-0.5687022900763359,-0.549618320610687,-0.30916030534351147,-0.45038167938931295,-0.2900763358778626,-0.3969465648854962,-0.7938931297709924,-0.29770992366412213,-0.5877862595419847,-0.2786259541984733,-0.29389312977099236,-0.24045801526717558,-0.31297709923664124,-0.24045801526717558,-0.7709923664122137,-0.04580152671755725,-0.5992366412213741,-0.022900763358778626,-0.3282442748091603,-0.04198473282442748,-0.3435114503816794,-0.07251908396946564,-0.6908396946564885,0.18702290076335878,-0.5610687022900763,0.20229007633587787,-0.3549618320610687,0.1450381679389313,-0.3511450381679389,0.09541984732824428
3,0.0,0.0,0.03345724907063197,-0.30855018587360594,-0.11152416356877323,-0.6096654275092936,-0.2527881040892193,-0.7955390334572491,-0.34572490706319703,-1.0,-0.620817843866171,-0.5762081784386617,-0.40148698884758366,-0.5278810408921933,-0.18587360594795538,-0.42379182156133827,-0.1970260223048327,-0.3754646840148699,-0.7323420074349443,-0.32342007434944237,-0.4275092936802974,-0.2527881040892193,-0.1821561338289963,-0.21189591078066913,-0.21933085501858737,-0.22304832713754646,-0.7211895910780669,-0.06691449814126393,-0.4646840148698885,-0.007434944237918215,-0.2342007434944238,-0.01486988847583643,-0.2527881040892193,-0.055762081784386616,-0.6617100371747212,0.16728624535315986,-0.45353159851301117,0.21561338289962825,-0.26394052044609667,0.1524163568773234,-0.24907063197026022,0.08550185873605948
3,0.0,0.0,0.05185185185185185,-0.3074074074074074,-0.08518518518518518,-0.6037037037037037,-0.21481481481481482,-0.7925925925925926,-0.3111111111111111,-1.0,-0.5888888888888889,-0.5777777777777777,-0.34444444444444444,-0.5185185185185185,-0.13703703703703704,-0.4074074074074074,-0.15185185185185185,-0.3592592592592593,-0.7,-0.32592592592592595,-0.3851851851851852,-0.24814814814814815,-0.14814814814814814,-0.1962962962962963,-0.1814814814814815,-0.2074074074074074,-0.6962962962962963,-0.07407407407407407,-0.4185185185185185,-0.003703703703703704,-0.1962962962962963,-0.007407407407407408,-0.21481481481481482,-0.05185185185185185,-0.6481481481481481,0.15925925925925927,-0.44074074074074077,0.21851851851851853,-0.2518518518518518,0.16296296296296298,-0.22962962962962963,0.09259259259259259
3,0.0,0.0,0.05185185185185185,-0.31851851851851853,-0.08888888888888889,-0.6222222222222222,-0.2222222222222222,-0.8037037037037037,-0.3148148148148148,-1.0,-0.5666666666666667,-0.5703703703703704,-0.31851851851851853,-0.5296296296296297,-0.11851851851851852,-0.42592592592592593,-0.12962962962962962,-0.37777777777777777,-0.6777777777777778,-0.31851851851851853,-0.34074074074074073,-0.25555555555555554,-0.11851851851851852,-0.2,-0.15555555555555556,-0.1962962962962963,-0.674074074074074,-0.06666666666666667,-0.36666666666666664,-0.014814814814814815,-0.15925925925925927,-0.014814814814814815,-0.18518518518518517,-0.040740740740740744,-0.6222222222222222,0.16666666666666666,-0.3962962962962963,0.2074074074074074,-0.2111111111111111,0.14074074074074075,-0.18888888888888888,0.07407407407407407
3,0.0,0.0,0.0625,-0.3235294117647059,-0.07720588235294118,-0.6323529411764706,-0.20588235294117646,-0.8161764705882353,-0.29411764705882354,-1.0,-0.5404411764705882,-0.5735294117647058,-0.27205882352941174,-0.5367647058823529,-0.08455882352941177,-0.4411764705882353,-0.11397058823529412,-0.40441176470588236,-0.6544117647058824,-0.3235294117647059,-0.2867647058823529,-0.26838235294117646,-0.08088235294117647,-0.21323529411764705,-0.12867647058823528,-0.20955882352941177,-0.6507352941176471,-0.07352941176470588,-0.3125,-0.03308823529411765,-0.11764705882352941,-0.029411764705882353,-0.15441176470588236,-0.05514705882352941,-0.6029411764705882,0.15808823529411764,-0.35294117647058826,0.1875,-0.17279411764705882,0.12867647058823528,-0.15441176470588236,0.0625
3,0.0,0.0,0.04946996466431095,-0.31448763250883394,-0.09187279151943463,-0.6183745583038869,-0.21908127208480566,-0.8127208480565371,-0.30742049469964666,-1.0,-0.5053003533568905,-0.5759717314487632,-0.2226148409893993,-0.558303886925795,-0.04240282685512368,-0.4416961130742049,-0.06007067137809187,-0.38162544169611307,-0.6042402826855123,-0.33568904593639576,-0.22614840989399293,-0.28975265017667845,-0.045936395759717315,-0.21908127208480566,-0.09540636042402827,-0.1978798586572438,-0.6007067137809188,-0.09540636042402827,-0.254416961130742,-0.06007067137809187,-0.08480565371024736,-0.0353356890459364,-0.127208480565371,-0.0353356890459364,-0.558303886925795,0.13074204946996468,-0.31802120141342755,0.1519434628975265,-0.1625441696113074,0.12014134275618374,-0.15547703180212014,0.08480565371024736
3,0.0,0.0,0.07394366197183098,-0.29577464788732394,-0.04225352112676056,-0.602112676056338,-0.15492957746478872,-0.7992957746478874,-0.24647887323943662,-1.0,-0.43661971830985913,-0.5563380281690141,-0.1443661971830986,-0.5140845070422535,0.017605633802816902,-0.41901408450704225,-0.028169014084507043,-0.38380281690140844,-0.5352112676056338,-0.323943661971831,-0.12323943661971831,-0.2746478873239437,0.017605633802816902,-0.20774647887323944,-0.07042253521126761,-0.1936619718309859,-0.5316901408450704,-0.0880281690140845,-0.16901408450704225,-0.04929577464788732,-0.035211267605633804,-0.03169014084507042,-0.10211267605633803,-0.03873239436619718,-0.49295774647887325,0.13380281690140844,-0.2112676056338028,0.16549295774647887,-0.0880281690140845,0.1443661971830986,-0.11619718309859155,0.12323943661971831
3,0.0,0.0,0.0851063829787234,-0.3049645390070922,-0.028368794326241134,-0.6170212765957447,-0.1276595744680851,-0.8191489361702128,-0.23404255319148937,-1.0,-0.4078014184397163,-0.5780141843971631,-0.08865248226950355,-0.5354609929078015,0.04964539007092199,-0.42907801418439717,-0.01773049645390071,-0.3971631205673759,-0.5106382978723404,-0.35106382978723405,-0.08865248226950355,-0.28368794326241137,0.04609929078014184,-0.2198581560283688,-0.04964539007092199,-0.22340425531914893,-0.5141843971631206,-0.11702127659574468,-0.13120567375886524,-0.06382978723404255,-0.0070921985815602835,-0.04609929078014184,-0.09219858156028368,-0.06382978723404255,-0.4787234042553192,0.09574468085106383,-0.1879432624113475,0.13120567375886524,-0.07092198581560284,0.12056737588652482,-0.11702127659574468,0.10283687943262411
3,0.0,0.0,0.08191126279863481,-0.30716723549488056,-0.013651877133105802,-0.6143344709897611,-0.10921501706484642,-0.825938566552901,-0.21160409556313994,-1.0,-0.3583617747440273,-0.6006825938566553,-0.04436860068259386,-0.5767918088737202,0.05460750853242321,-0.45733788395904434,-0.027303754266211604,-0.4232081911262799,-0.44368600682593856,-0.39590443686006827,-0.034129692832764506,-0.35494880546075086,0.06825938566552901,-0.2627986348122867,-0.034129692832764506,-0.26621160409556316,-0.4402730375426621,-0.18430034129692832,-0.06484641638225255,-0.15017064846416384,0.020477815699658702,-0.10580204778156997,-0.07508532423208192,-0.11604095563139932,-0.40273037542662116,0.010238907849829351,-0.11945392491467577,0.040955631399317405,-0.030716723549488054,0.030716723549488054,-0.08191126279863481,0.010238907849829351
3,0.0,0.0,0.08650519031141868,-0.3044982698961938,0.01730103806228374,-0.5986159169550173,-0.06228373702422145,-0.8200692041522492,-0.16608996539792387,-1.0,-0.29411764705882354,-0.6020761245674741,0.04844290657439446,-0.5986159169550173,0.11764705882352941,-0.47058823529411764,0.02768166089965398,-0.42560553633217996,-0.370242214532872,-0.40484429065743943,0.058823529411764705,-0.3806228373702422,0.12110726643598616,-0.28027681660899656,0.010380622837370242,-0.27335640138408307,-0.36678200692041524,-0.20069204152249134,0.02768166089965398,-0.17647058823529413,0.07612456747404844,-0.12110726643598616,-0.02422145328719723,-0.12110726643598616,-0.328719723183391,-0.010380622837370242,-0.03806228373702422,0.0034602076124567475,0.01730103806228374,0.010380622837370242,-0.04844290657439446,0.006920415224913495
3,0.0,0.0,0.08710801393728224,-0.31010452961672474,0.020905923344947737,-0.6132404181184669,-0.05574912891986063,-0.8327526132404182,-0.156794425087108,-1.0,-0.27526132404181186,-0.6167247386759582,0.09407665505226481,-0.6202090592334495,0.13937282229965156,-0.4808362369337979,0.03832752613240418,-0.4355400696864111,-0.34843205574912894,-0.4355400696864111,0.10801393728222997,-0.4146341463414634,0.12195121951219512,-0.30313588850174217,0.013937282229965157,-0.2857142857142857,-0.34494773519163763,-0.24041811846689895,0.07665505226480836,-0.21602787456445993,0.08710801393728224,-0.14285714285714285,-0.017421602787456445,-0.14285714285714285,-0.30662020905923343,-0.05574912891986063,0.006968641114982578,-0.05226480836236934,0.0313588850174216,-0.020905923344947737,-0.04529616724738676,-0.013937282229965157
3,0.0,0.0,0.07636363636363637,-0.29454545454545455,0.02181818181818182,-0.6,-0.05454545454545454,-0.8254545454545454,-0.16,-1.0,-0.28,-0.5890909090909091,0.11636363636363636,-0.5745454545454546,0.15272727272727274,-0.44727272727272727,0.04363636363636364,-0.4072727272727273,-0.3490909090909091,-0.3890909090909091,0.13090909090909092,-0.36,0.13090909090909092,-0.26181818181818184,0.014545454545454545,-0.24,-0.3381818181818182,-0.1781818181818182,0.09454545454545454,-0.14909090909090908,0.09090909090909091,-0.08727272727272728,-0.01818181818181818,-0.08727272727272728,-0.29818181818181816,0.01818181818181818,0.01818181818181818,0.025454545454545455,0.03272727272727273,0.04363636363636364,-0.05090909090909091,0.04727272727272727
3,0.0,0.0,0.09541984732824428,-0.29770992366412213,0.08396946564885496,-0.5954198473282443,0.030534351145038167,-0.816793893129771,-0.08396946564885496,-1.0,-0.1946564885496183,-0.5954198473282443,0.24045801526717558,-0.5534351145038168,0.2480916030534351,-0.4351145038167939,0.12595419847328243,-0.40458015267175573,-0.2595419847328244,-0.3816793893129771,0.26717557251908397,-0.33969465648854963,0.21755725190839695,-0.2480916030534351,0.08015267175572519,-0.22900763358778625,-0.2480916030534351,-0.15648854961832062,0.23282442748091603,-0.1297709923664122,0.17557251908396945,-0.06870229007633588,0.04198473282442748,-0.06870229007633588,-0.20229007633587787,0.05725190839694656,0.15267175572519084,0.061068702290076333,0.12595419847328243,0.07633587786259542,0.019083969465648856,0.08015267175572519
3,0.0,0.0,0.08766233766233766,-0.288961038961039,0.11688311688311688,-0.5811688311688312,0.12987012987012986,-0.8051948051948052,0.12337662337662338,-1.0,-0.12987012987012986,-0.6168831168831169,0.21428571428571427,-0.5714285714285714,0.2012987012987013,-0.474025974025974,0.09740259740259741,-0.4642857142857143,-0.19155844155844157,-0.4383116883116883,0.22402597402597402,-0.37337662337662336,0.18181818181818182,-0.30194805194805197,0.07467532467532467,-0.30194805194805197,-0.19480519480519481,-0.24025974025974026,0.18831168831168832,-0.18506493506493507,0.1525974025974026,-0.1331168831168831,0.05194805194805195,-0.14285714285714285,-0.17207792207792208,-0.05844155844155844,0.12987012987012986,-0.02922077922077922,0.12012987012987013,-0.016233766233766232,0.025974025974025976,-0.022727272727272728
3,0.0,0.0,0.09747292418772563,-0.26714801444043323,0.1371841155234657,-0.5523465703971119,0.16967509025270758,-0.779783393501805,0.17328519855595667,-1.0,-0.18772563176895307,-0.5703971119133574,0.23104693140794225,-0.5018050541516246,0.20938628158844766,-0.4151624548736462,0.07942238267148015,-0.41155234657039713,-0.2563176895306859,-0.3574007220216607,0.22382671480144403,-0.2996389891696751,0.15162454873646208,-0.24548736462093862,0.021660649819494584,-0.2527075812274368,-0.2563176895306859,-0.1371841155234657,0.18050541516245489,-0.09386281588447654,0.11191335740072202,-0.05054151624548736,-0.007220216606498195,-0.061371841155234655,-0.22743682310469315,0.06498194945848375,0.09747292418772563,0.08303249097472924,0.05054151624548736,0.09386281588447654,-0.06498194945848375,0.09386281588447654
3,0.0,0.0,0.12043795620437957,-0.2846715328467153,0.1678832116788321,-0.5583941605839416,0.21532846715328466,-0.7773722627737226,0.22992700729927007,-1.0,-0.22262773722627738,-0.551094890510949,0.22262773722627738,-0.48175182481751827,0.2518248175182482,-0.3905109489051095,0.13138686131386862,-0.36496350364963503,-0.3102189781021898,-0.3248175182481752,0.22627737226277372,-0.26277372262773724,0.2116788321167883,-0.21897810218978103,0.05474452554744526,-0.22262773722627738,-0.3175182481751825,-0.10218978102189781,0.15328467153284672,-0.058394160583941604,0.145985401459854,-0.043795620437956206,0.0072992700729927005,-0.05474452554744526,-0.291970802919708,0.11678832116788321,0.06934306569343066,0.12408759124087591,0.08759124087591241,0.10948905109489052,-0.010948905109489052,0.11313868613138686
3,0.0,0.0,0.11469534050179211,-0.2831541218637993,0.15412186379928317,-0.5591397849462365,0.1935483870967742,-0.7813620071684588,0.20430107526881722,-1.0,-0.23655913978494625,-0.5698924731182796,0.20430107526881722,-0.5089605734767025,0.2222222222222222,-0.4121863799283154,0.1003584229390681,-0.3870967741935484,-0.32616487455197135,-0.3548387096774194,0.20430107526881722,-0.2974910394265233,0.17921146953405018,-0.24731182795698925,0.03225806451612903,-0.24372759856630824,-0.3333333333333333,-0.13620071684587814,0.13620071684587814,-0.0967741935483871,0.11469534050179211,-0.07526881720430108,-0.017921146953405017,-0.08960573476702509,-0.30824372759856633,0.08243727598566308,0.04659498207885305,0.07885304659498207,0.05734767025089606,0.06810035842293907,-0.035842293906810034,0.07168458781362007
3,0.0,0.0,0.10726643598615918,-0.29411764705882354,0.12802768166089964,-0.5743944636678201,0.15570934256055363,-0.7923875432525952,0.17647058823529413,-1.0,-0.22837370242214533,-0.5916955017301038,0.17647058823529413,-0.5363321799307958,0.20069204152249134,-0.4359861591695502,0.08996539792387544,-0.4186851211072664,-0.31141868512110726,-0.3806228373702422,0.17647058823529413,-0.33217993079584773,0.16608996539792387,-0.27335640138408307,0.03806228373702422,-0.27335640138408307,-0.31833910034602075,-0.16608996539792387,0.11418685121107267,-0.13494809688581316,0.10726643598615918,-0.11072664359861592,-0.01384083044982699,-0.12110726643598616,-0.2906574394463668,0.03806228373702422,0.02768166089965398,0.02422145328719723,0.04498269896193772,0.01384083044982699,-0.04152249134948097,0.006920415224913495
3,0.0,0.0,0.09059233449477352,-0.28222996515679444,0.10801393728222997,-0.5644599303135889,0.14634146341463414,-0.7874564459930313,0.1672473867595819,-1.0,-0.24041811846689895,-0.5993031358885017,0.17073170731707318,-0.5435540069686411,0.17770034843205576,-0.4425087108013937,0.0627177700348432,-0.42857142857142855,-0.313588850174216,-0.39372822299651566,0.17421602787456447,-0.34843205574912894,0.13937282229965156,-0.289198606271777,0.006968641114982578,-0.289198606271777,-0.313588850174216,-0.17421602787456447,0.12195121951219512,-0.15331010452961671,0.0975609756097561,-0.11498257839721254,-0.020905923344947737,-0.1254355400696864,-0.28222996515679444,0.0313588850174216,0.041811846689895474,0.010452961672473868,0.04878048780487805,0.003484320557491289,-0.03832752613240418,0.0
3,0.0,0.0,0.10526315789473684,-0.2912280701754386,0.13333333333333333,-0.5684210526315789,0.1824561403508772,-0.7894736842105263,0.21754385964912282,-1.0,-0.21403508771929824,-0.6105263157894737,0.18596491228070175,-0.5368421052631579,0.19649122807017544,-0.43859649122807015,0.09473684210526316,-0.43508771929824563,-0.2912280701754386,-0.40350877192982454,0.19298245614035087,-0.3508771929824561,0.1543859649122807,-0.2807017543859649,0.021052631578947368,-0.28421052631578947,-0.29473684210526313,-0.18947368421052632,0.14736842105263157,-0.1543859649122807,0.10877192982456141,-0.10877192982456141,-0.014035087719298246,-0.12280701754385964,-0.26666666666666666,0.017543859649122806,0.056140350877192984,0.010526315789473684,0.05263157894736842,0.014035087719298246,-0.03508771929824561,0.014035087719298246
3,0.0,0.0,0.11231884057971014,-0.29347826086956524,0.15942028985507245,-0.5797101449275363,0.2318840579710145,-0.7934782608695652,0.2826086956521739,-1.0,-0.213768115942029,-0.6304347826086957,0.20652173913043478,-0.5615942028985508,0.2210144927536232,-0.4528985507246377,0.10507246376811594,-0.4420289855072464,-0.29347826086956524,-0.42391304347826086,0.20652173913043478,-0.36594202898550726,0.17391304347826086,-0.2971014492753623,0.03985507246376811,-0.2971014492753623,-0.3007246376811594,-0.2028985507246377,0.15217391304347827,-0.15942028985507245,0.12681159420289856,-0.11594202898550725,0.0036231884057971015,-0.13405797101449277,-0.2753623188405797,0.007246376811594203,0.06159420289855073,0.0036231884057971015,0.06884057971014493,0.0036231884057971015,-0.025362318840579712,0.0036231884057971015
3,0.0,0.0,0.12455516014234876,-0.302491103202847,0.18505338078291814,-0.5907473309608541,0.2669039145907473,-0.800711743772242,0.3238434163701068,-1.0,-0.20640569395017794,-0.6441281138790036,0.18505338078291814,-0.5871886120996441,0.2206405693950178,-0.4697508896797153,0.12099644128113879,-0.45195729537366547,-0.2846975088967972,-0.4412811387900356,0.18505338078291814,-0.3879003558718861,0.18861209964412812,-0.3096085409252669,0.060498220640569395,-0.3167259786476868,-0.29537366548042704,-0.22419928825622776,0.12811387900355872,-0.19217081850533807,0.1387900355871886,-0.1423487544483986,0.017793594306049824,-0.15302491103202848,-0.2704626334519573,-0.014234875444839857,0.060498220640569395,-0.021352313167259787,0.09252669039145907,-0.021352313167259787,0.010676156583629894,-0.02491103202846975
3,0.0,0.0,0.11552346570397112,-0.30324909747292417,0.17689530685920576,-0.592057761732852,0.2743682310469314,-0.8014440433212996,0.35018050541516244,-1.0,-0.21299638989169675,-0.6570397111913358,0.18772563176895307,-0.5956678700361011,0.20938628158844766,-0.48014440433212996,0.10469314079422383,-0.4584837545126354,-0.296028880866426,-0.45126353790613716,0.18411552346570398,-0.3971119133574007,0.16967509025270758,-0.3212996389891697,0.036101083032490974,-0.3249097472924188,-0.30685920577617326,-0.23104693140794225,0.1299638989169675,-0.20216606498194944,0.1263537906137184,-0.15162454873646208,0.0036101083032490976,-0.1588447653429603,-0.2815884476534296,-0.018050541516245487,0.05776173285198556,-0.032490974729241874,0.07581227436823104,-0.02888086642599278,-0.010830324909747292,-0.02888086642599278
3,0.0,0.0,0.12452830188679245,-0.30943396226415093,0.21132075471698114,-0.5962264150943396,0.3283018867924528,-0.8113207547169812,0.4226415094339623,-1.0,-0.2188679245283019,-0.6830188679245283,0.2037735849056604,-0.6188679245283019,0.2188679245283019,-0.5056603773584906,0.10943396226415095,-0.47924528301886793,-0.3018867924528302,-0.4641509433962264,0.2037735849056604,-0.4075471698113208,0.16981132075471697,-0.33962264150943394,0.026415094339622643,-0.3433962264150943,-0.3018867924528302,-0.23018867924528302,0.15849056603773584,-0.2037735849056604,0.12452830188679245,-0.16226415094339622,-0.007547169811320755,-0.1660377358490566,-0.27169811320754716,-0.007547169811320755,0.08679245283018867,-0.03018867924528302,0.0830188679245283,-0.026415094339622643,-0.022641509433962263,-0.022641509433962263
3,0.0,0.0,0.13793103448275862,-0.3103448275862069,0.21839080459770116,-0.5938697318007663,0.3371647509578544,-0.8084291187739464,0.42528735632183906,-1.0,-0.2413793103448276,-0.7011494252873564,0.1685823754789272,-0.6475095785440613,0.19540229885057472,-0.5325670498084292,0.09961685823754789,-0.5095785440613027,-0.32567049808429116,-0.4904214559386973,0.17624521072796934,-0.4367816091954023,0.16475095785440613,-0.3486590038314176,0.038314176245210725,-0.3448275862068966,-0.3333333333333333,-0.26436781609195403,0.13026819923371646,-0.2222222222222222,0.1111111111111111,-0.16475095785440613,-0.019157088122605363,-0.16475095785440613,-0.3065134099616858,-0.034482758620689655,0.05747126436781609,-0.038314176245210725,0.06896551724137931,-0.03065134099616858,-0.02681992337164751,-0.038314176245210725
3,0.0,0.0,0.13545816733067728,-0.3107569721115538,0.22709163346613545,-0.5896414342629482,0.35856573705179284,-0.8047808764940239,0.46215139442231074,-1.0,-0.250996015936255,-0.7051792828685259,0.17131474103585656,-0.6533864541832669,0.199203187250996,-0.5418326693227091,0.099601593625498,-0.5099601593625498,-0.3386454183266932,-0.4860557768924303,0.18326693227091634,-0.44223107569721115,0.17131474103585656,-0.35856573705179284,0.035856573705179286,-0.3545816733067729,-0.3426294820717131,-0.24302788844621515,0.12350597609561753,-0.22310756972111553,0.11155378486055777,-0.17131474103585656,-0.0199203187250996,-0.17928286852589642,-0.3187250996015936,-0.00398406374501992,0.0398406374501992,-0.027888446215139442,0.06374501992031872,-0.027888446215139442,-0.027888446215139442,-0.035856573705179286
3,0.0,0.0,0.14516129032258066,-0.3185483870967742,0.24596774193548387,-0.5967741935483871,0.3911290322580645,-0.8064516129032258,0.5080645161290323,-1.0,-0.24596774193548387,-0.7096774193548387,0.18548387096774194,-0.6612903225806451,0.2217741935483871,-0.5403225806451613,0.12096774193548387,-0.5161290322580645,-0.33064516129032256,-0.4798387096774194,0.1975806451612903,-0.43951612903225806,0.1935483870967742,-0.3588709677419355,0.056451612903225805,-0.3629032258064516,-0.3346774193548387,-0.23790322580645162,0.14516129032258066,-0.21774193548387097,0.13306451612903225,-0.17338709677419356,0.0,-0.18548387096774194,-0.3064516129032258,-0.004032258064516129,0.06451612903225806,-0.020161290322580645,0.08064516129032258,-0.028225806451612902,-0.016129032258064516,-0.04032258064516129
3,0.0,0.0,0.14682539682539683,-0.30952380952380953,0.24206349206349206,-0.5912698412698413,0.38095238095238093,-0.8055555555555556,0.5,-1.0,-0.24206349206349206,-0.7142857142857143,0.1865079365079365,-0.6587301587301587,0.20238095238095238,-0.5317460317460317,0.09523809523809523,-0.5079365079365079,-0.32936507936507936,-0.4880952380952381,0.19444444444444445,-0.44841269841269843,0.17063492063492064,-0.3531746031746032,0.023809523809523808,-0.35714285714285715,-0.3333333333333333,-0.25,0.14285714285714285,-0.23015873015873015,0.11904761904761904,-0.1746031746031746,-0.01984126984126984,-0.18253968253968253,-0.30952380952380953,-0.015873015873015872,0.05952380952380952,-0.03968253968253968,0.06349206349206349,-0.03968253968253968,-0.03571428571428571,-0.051587301587301584
3,0.0,0.0,0.138996138996139,-0.3204633204633205,0.2277992277992278,-0.5984555984555985,0.36293436293436293,-0.8146718146718147,0.4749034749034749,-1.0,-0.24324324324324326,-0.7065637065637066,0.16602316602316602,-0.6602316602316602,0.20463320463320464,-0.528957528957529,0.10810810810810811,-0.4942084942084942,-0.3281853281853282,-0.4864864864864865,0.17374517374517376,-0.4517374517374517,0.17374517374517376,-0.3474903474903475,0.03861003861003861,-0.35135135135135137,-0.3359073359073359,-0.2548262548262548,0.11583011583011583,-0.23938223938223938,0.11969111969111969,-0.18146718146718147,-0.011583011583011582,-0.18146718146718147,-0.3127413127413127,-0.023166023166023165,0.04247104247104247,-0.05019305019305019,0.0694980694980695,-0.04633204633204633,-0.02702702702702703,-0.05019305019305019
3,0.0,0.0,0.1056338028169014,-0.2992957746478873,0.1443661971830986,-0.5845070422535211,0.20422535211267606,-0.8028169014084507,0.24295774647887325,-1.0,-0.24295774647887325,-0.6302816901408451,0.15845070422535212,-0.573943661971831,0.19718309859154928,-0.45774647887323944,0.09507042253521127,-0.4295774647887324,-0.323943661971831,-0.4295774647887324,0.15140845070422534,-0.3732394366197183,0.15845070422535212,-0.3028169014084507,0.03873239436619718,-0.2992957746478873,-0.33098591549295775,-0.2147887323943662,0.0880281690140845,-0.18661971830985916,0.10211267605633803,-0.1443661971830986,-0.014084507042253521,-0.14788732394366197,-0.30633802816901406,-0.007042253521126761,0.01056338028169014,-0.02464788732394366,0.045774647887323945,-0.02112676056338028,-0.035211267605633804,-0.02112676056338028
3,0.0,0.0,0.11785714285714285,-0.29285714285714287,0.16785714285714284,-0.5821428571428572,0.2392857142857143,-0.7964285714285714,0.28214285714285714,-1.0,-0.225,-0.6321428571428571,0.175,-0.5678571428571428,0.21071428571428572,-0.44642857142857145,0.10714285714285714,-0.425,-0.3107142857142857,-0.4357142857142857,0.16428571428571428,-0.375,0.16785714285714284,-0.29285714285714287,0.04285714285714286,-0.29285714285714287,-0.325,-0.225,0.09642857142857143,-0.18571428571428572,0.10714285714285714,-0.13214285714285715,-0.007142857142857143,-0.1357142857142857,-0.30714285714285716,-0.014285714285714285,0.014285714285714285,-0.025,0.05357142857142857,-0.017857142857142856,-0.02142857142857143,-0.017857142857142856
3,0.0,0.0,0.11191335740072202,-0.296028880866426,0.16606498194945848,-0.5812274368231047,0.2490974729241877,-0.7978339350180506,0.30324909747292417,-1.0,-0.22382671480144403,-0.631768953068592,0.17689530685920576,-0.5703971119133574,0.20577617328519857,-0.4584837545126354,0.10108303249097472,-0.4368231046931408,-0.30685920577617326,-0.4332129963898917,0.17328519855595667,-0.36462093862815886,0.16967509025270758,-0.296028880866426,0.04332129963898917,-0.30324909747292417,-0.3212996389891697,-0.21660649819494585,0.10469314079422383,-0.17328519855595667,0.10830324909747292,-0.13357400722021662,-0.010830324909747292,-0.148014440433213,-0.2996389891696751,-0.007220216606498195,0.018050541516245487,-0.010830324909747292,0.04693140794223827,-0.007220216606498195,-0.039711191335740074,-0.007220216606498195
3,0.0,0.0,0.11313868613138686,-0.2956204379562044,0.1678832116788321,-0.583941605839416,0.2518248175182482,-0.8029197080291971,0.30656934306569344,-1.0,-0.22262773722627738,-0.6386861313868614,0.17883211678832117,-0.572992700729927,0.20437956204379562,-0.46715328467153283,0.09854014598540146,-0.4489051094890511,-0.3102189781021898,-0.4343065693430657,0.17518248175182483,-0.3686131386861314,0.1678832116788321,-0.30656934306569344,0.040145985401459854,-0.30656934306569344,-0.3248175182481752,-0.21897810218978103,0.11313868613138686,-0.17883211678832117,0.11313868613138686,-0.14233576642335766,-0.014598540145985401,-0.15328467153284672,-0.30656934306569344,-0.0072992700729927005,0.032846715328467155,-0.01824817518248175,0.058394160583941604,-0.01824817518248175,-0.025547445255474453,-0.014598540145985401
3,0.0,0.0,0.11231884057971014,-0.2971014492753623,0.15942028985507245,-0.5869565217391305,0.2318840579710145,-0.7971014492753623,0.27898550724637683,-1.0,-0.213768115942029,-0.6268115942028986,0.17753623188405798,-0.5760869565217391,0.20652173913043478,-0.4601449275362319,0.10144927536231885,-0.4384057971014493,-0.3079710144927536,-0.42391304347826086,0.17028985507246377,-0.3695652173913043,0.17028985507246377,-0.29347826086956524,0.03985507246376811,-0.30434782608695654,-0.322463768115942,-0.21014492753623187,0.10507246376811594,-0.17753623188405798,0.11594202898550725,-0.12681159420289856,-0.0036231884057971015,-0.13768115942028986,-0.30434782608695654,0.0036231884057971015,0.018115942028985508,-0.010869565217391304,0.05434782608695652,-0.007246376811594203,-0.021739130434782608,-0.010869565217391304
3,0.0,0.0,0.11071428571428571,-0.29642857142857143,0.15357142857142858,-0.5821428571428572,0.21428571428571427,-0.7964285714285714,0.25357142857142856,-1.0,-0.22857142857142856,-0.6285714285714286,0.175,-0.5678571428571428,0.20714285714285716,-0.45357142857142857,0.1,-0.42857142857142855,-0.31785714285714284,-0.43214285714285716,0.16071428571428573,-0.3678571428571429,0.16428571428571428,-0.29285714285714287,0.03571428571428571,-0.29285714285714287,-0.32857142857142857,-0.21785714285714286,0.09285714285714286,-0.17857142857142858,0.1,-0.13214285714285715,-0.02142857142857143,-0.1392857142857143,-0.3142857142857143,-0.010714285714285714,0.007142857142857143,-0.02142857142857143,0.04285714285714286,-0.017857142857142856,-0.039285714285714285,-0.014285714285714285
3,0.0,0.0,0.10622710622710622,-0.2857142857142857,0.15018315018315018,-0.575091575091575,0.21611721611721613,-0.7948717948717948,0.25274725274725274,-1.0,-0.24175824175824176,-0.6153846153846154,0.1684981684981685,-0.5531135531135531,0.19413919413919414,-0.4468864468864469,0.08424908424908426,-0.43223443223443225,-0.3333333333333333,-0.4139194139194139,0.1575091575091575,-0.3516483516483517,0.15018315018315018,-0.2857142857142857,0.018315018315018316,-0.29304029304029305,-0.34798534798534797,-0.19413919413919414,0.08791208791208792,-0.1575091575091575,0.09157509157509157,-0.12454212454212454,-0.02564102564102564,-0.1391941391941392,-0.3333333333333333,0.014652014652014652,-0.007326007326007326,0.007326007326007326,0.029304029304029304,0.0,-0.04395604395604396,-0.007326007326007326
3,0.0,0.0,0.11510791366906475,-0.2949640287769784,0.16906474820143885,-0.5827338129496403,0.23381294964028776,-0.7985611510791367,0.2697841726618705,-1.0,-0.2014388489208633,-0.6258992805755396,0.21223021582733814,-0.5503597122302158,0.2158273381294964,-0.45323741007194246,0.10071942446043165,-0.44244604316546765,-0.2841726618705036,-0.4244604316546763,0.2014388489208633,-0.35611510791366907,0.16546762589928057,-0.2949640287769784,0.03237410071942446,-0.29856115107913667,-0.29856115107913667,-0.20863309352517986,0.1366906474820144,-0.16546762589928057,0.10071942446043165,-0.12949640287769784,-0.02877697841726619,-0.14388489208633093,-0.2805755395683453,0.0,0.050359712230215826,-0.0035971223021582736,0.04316546762589928,0.0,-0.05755395683453238,-0.0035971223021582736
3,0.0,0.0,0.10638297872340426,-0.2872340425531915,0.13120567375886524,-0.5709219858156028,0.1702127659574468,-0.7943262411347518,0.19148936170212766,-1.0,-0.22340425531914893,-0.6276595744680851,0.15602836879432624,-0.574468085106383,0.18439716312056736,-0.450354609929078,0.07801418439716312,-0.4326241134751773,-0.3120567375886525,-0.4397163120567376,0.1453900709219858,-0.38652482269503546,0.1453900709219858,-0.2978723404255319,0.031914893617021274,-0.29432624113475175,-0.32269503546099293,-0.23049645390070922,0.08865248226950355,-0.19148936170212766,0.09219858156028368,-0.1347517730496454,-0.02127659574468085,-0.14184397163120568,-0.3049645390070922,-0.031914893617021274,0.0070921985815602835,-0.031914893617021274,0.031914893617021274,-0.02127659574468085,-0.04964539007092199,-0.024822695035460994
3,0.0,0.0,0.10545454545454545,-0.2872727272727273,0.13090909090909092,-0.5636363636363636,0.1709090909090909,-0.7890909090909091,0.1890909090909091,-1.0,-0.22181818181818183,-0.6181818181818182,0.18181818181818182,-0.5527272727272727,0.20363636363636364,-0.44,0.09090909090909091,-0.4290909090909091,-0.31272727272727274,-0.41454545454545455,0.17454545454545456,-0.3563636363636364,0.16363636363636364,-0.28363636363636363,0.04,-0.28,-0.3236363636363636,-0.2,0.11636363636363636,-0.15636363636363637,0.10909090909090909,-0.11272727272727273,-0.014545454545454545,-0.12727272727272726,-0.3018181818181818,0.007272727272727273,0.02909090909090909,0.014545454545454545,0.04727272727272727,0.014545454545454545,-0.04,0.007272727272727273
3,0.0,0.0,0.11594202898550725,-0.286231884057971,0.14492753623188406,-0.5652173913043478,0.17753623188405798,-0.7862318840579711,0.18840579710144928,-1.0,-0.213768115942029,-0.6195652173913043,0.18478260869565216,-0.5543478260869565,0.21014492753623187,-0.44565217391304346,0.09782608695652174,-0.43478260869565216,-0.3079710144927536,-0.42028985507246375,0.17391304347826086,-0.358695652173913,0.16666666666666666,-0.2898550724637681,0.03985507246376811,-0.29347826086956524,-0.31521739130434784,-0.2028985507246377,0.11594202898550725,-0.15579710144927536,0.11231884057971014,-0.11956521739130435,-0.007246376811594203,-0.13405797101449277,-0.29347826086956524,0.0036231884057971015,0.028985507246376812,0.010869565217391304,0.05434782608695652,0.0036231884057971015,-0.03260869565217391,-0.007246376811594203
3,0.0,0.0,0.10507246376811594,-0.2826086956521739,0.12318840579710146,-0.5652173913043478,0.15217391304347827,-0.7898550724637681,0.16666666666666666,-1.0,-0.2318840579710145,-0.6268115942028986,0.16666666666666666,-0.5507246376811594,0.17753623188405798,-0.44565217391304346,0.06521739130434782,-0.4384057971014493,-0.32608695652173914,-0.42391304347826086,0.15579710144927536,-0.358695652173913,0.13405797101449277,-0.286231884057971,0.007246376811594203,-0.2826086956521739,-0.34057971014492755,-0.20652173913043478,0.09782608695652174,-0.15942028985507245,0.07608695652173914,-0.11594202898550725,-0.04710144927536232,-0.13405797101449277,-0.322463768115942,0.0036231884057971015,0.0036231884057971015,0.0,0.014492753623188406,-0.0036231884057971015,-0.07246376811594203,-0.010869565217391304
3,0.0,0.0,0.10869565217391304,-0.2826086956521739,0.13405797101449277,-0.5615942028985508,0.17391304347826086,-0.7862318840579711,0.1956521739130435,-1.0,-0.2210144927536232,-0.6123188405797102,0.19202898550724637,-0.5471014492753623,0.2028985507246377,-0.44565217391304346,0.09057971014492754,-0.4311594202898551,-0.3079710144927536,-0.4057971014492754,0.18478260869565216,-0.34782608695652173,0.15579710144927536,-0.2898550724637681,0.025362318840579712,-0.2826086956521739,-0.31521739130434784,-0.18840579710144928,0.13043478260869565,-0.14855072463768115,0.10144927536231885,-0.11956521739130435,-0.025362318840579712,-0.13405797101449277,-0.2971014492753623,0.021739130434782608,0.03985507246376811,0.014492753623188406,0.050724637681159424,0.0,-0.03985507246376811,-0.010869565217391304
3,0.0,0.0,0.10469314079422383,-0.296028880866426,0.12274368231046931,-0.5740072202166066,0.15162454873646208,-0.7942238267148014,0.16606498194945848,-1.0,-0.23104693140794225,-0.6173285198555957,0.16967509025270758,-0.5595667870036101,0.18772563176895307,-0.4584837545126354,0.07581227436823104,-0.4404332129963899,-0.3140794223826715,-0.4151624548736462,0.16606498194945848,-0.36462093862815886,0.1552346570397112,-0.296028880866426,0.036101083032490974,-0.2888086642599278,-0.3212996389891697,-0.20216606498194944,0.11191335740072202,-0.16606498194945848,0.10108303249097472,-0.1299638989169675,-0.018050541516245487,-0.1371841155234657,-0.2996389891696751,0.007220216606498195,0.02527075812274368,-0.0036101083032490976,0.04332129963898917,-0.010830324909747292,-0.039711191335740074,-0.01444043321299639
3,0.0,0.0,0.1003584229390681,-0.2831541218637993,0.11827956989247312,-0.5663082437275986,0.15053763440860216,-0.7885304659498208,0.15770609318996415,-1.0,-0.2222222222222222,-0.6057347670250897,0.17562724014336917,-0.5555555555555556,0.1863799283154122,-0.44802867383512546,0.07168458781362007,-0.43727598566308246,-0.3046594982078853,-0.40860215053763443,0.17562724014336917,-0.36917562724014336,0.13620071684587814,-0.2974910394265233,0.010752688172043012,-0.2939068100358423,-0.30824372759856633,-0.1971326164874552,0.12903225806451613,-0.16845878136200718,0.0931899641577061,-0.12186379928315412,-0.03225806451612903,-0.13261648745519714,-0.27956989247311825,0.007168458781362007,0.04659498207885305,-0.0035842293906810036,0.03942652329749104,0.0,-0.05734767025089606,-0.0035842293906810036
3,0.0,0.0,0.1263537906137184,-0.2815884476534296,0.18050541516245489,-0.5703971119133574,0.22743682310469315,-0.7906137184115524,0.2527075812274368,-1.0,-0.11191335740072202,-0.6101083032490975,0.2815884476534296,-0.5487364620938628,0.26714801444043323,-0.4404332129963899,0.148014440433213,-0.4332129963898917,-0.19133574007220217,-0.4151624548736462,0.2743682310469314,-0.36101083032490977,0.20938628158844766,-0.2815884476534296,0.09386281588447654,-0.2779783393501805,-0.19855595667870035,-0.19855595667870035,0.23465703971119134,-0.15162454873646208,0.17328519855595667,-0.09747292418772563,0.061371841155234655,-0.11552346570397112,-0.17689530685920576,0.0036101083032490976,0.15162454873646208,0.010830324909747292,0.11913357400722022,0.018050541516245487,0.01444043321299639,0.0036101083032490976
3,0.0,0.0,0.10909090909090909,-0.27636363636363637,0.17454545454545456,-0.5636363636363636,0.22545454545454546,-0.7890909090909091,0.23636363636363636,-1.0,-0.09454545454545454,-0.6,0.32,-0.5236363636363637,0.29454545454545455,-0.4218181818181818,0.16363636363636364,-0.41818181818181815,-0.16363636363636364,-0.39636363636363636,0.31272727272727274,-0.33454545454545453,0.23636363636363636,-0.2581818181818182,0.11272727272727273,-0.2581818181818182,-0.1709090909090909,-0.17454545454545456,0.26545454545454544,-0.12,0.19272727272727272,-0.07272727272727272,0.07636363636363637,-0.09454545454545454,-0.14909090909090908,0.03272727272727273,0.18181818181818182,0.04727272727272727,0.14181818181818182,0.04363636363636364,0.03636363636363636,0.02909090909090909
3,0.0,0.0,0.1039426523297491,-0.2724014336917563,0.15412186379928317,-0.5591397849462365,0.18996415770609318,-0.7813620071684588,0.1971326164874552,-1.0,-0.11469534050179211,-0.5949820788530465,0.2867383512544803,-0.5232974910394266,0.26881720430107525,-0.4229390681003584,0.13978494623655913,-0.41935483870967744,-0.1935483870967742,-0.4014336917562724,0.27956989247311825,-0.33691756272401435,0.2114695340501792,-0.26881720430107525,0.08602150537634409,-0.26881720430107525,-0.20430107526881722,-0.1935483870967742,0.22939068100358423,-0.13620071684587814,0.17204301075268819,-0.0931899641577061,0.06093189964157706,-0.10752688172043011,-0.1863799283154122,0.0035842293906810036,0.14336917562724014,0.025089605734767026,0.11827956989247312,0.025089605734767026,0.017921146953405017,0.014336917562724014
3,0.0,0.0,0.11564625850340136,-0.30272108843537415,0.19047619047619047,-0.5850340136054422,0.24149659863945577,-0.7959183673469388,0.272108843537415,-1.0,0.013605442176870748,-0.6054421768707483,0.41836734693877553,-0.5272108843537415,0.3945578231292517,-0.41156462585034015,0.2755102040816326,-0.3979591836734694,-0.04081632653061224,-0.41156462585034015,0.41156462585034015,-0.336734693877551,0.3469387755102041,-0.2585034013605442,0.23129251700680273,-0.2653061224489796,-0.05102040816326531,-0.20748299319727892,0.36054421768707484,-0.14625850340136054,0.3129251700680272,-0.09523809523809523,0.2108843537414966,-0.11904761904761904,-0.027210884353741496,-0.023809523809523808,0.2891156462585034,0.02040816326530612,0.2585034013605442,0.027210884353741496,0.1564625850340136,0.003401360544217687
3,0.0,0.0,0.1064516129032258,-0.3096774193548387,0.19032258064516128,-0.6,0.23870967741935484,-0.8096774193548387,0.2838709677419355,-1.0,0.035483870967741936,-0.632258064516129,0.4129032258064516,-0.5548387096774193,0.3774193548387097,-0.44516129032258067,0.2709677419354839,-0.44193548387096776,0.0,-0.44516129032258067,0.4290322580645161,-0.3709677419354839,0.35161290322580646,-0.2903225806451613,0.24193548387096775,-0.3064516129032258,-0.0032258064516129032,-0.25161290322580643,0.3903225806451613,-0.1870967741935484,0.3161290322580645,-0.12580645161290321,0.2161290322580645,-0.14838709677419354,0.016129032258064516,-0.07419354838709677,0.3193548387096774,-0.02258064516129032,0.2709677419354839,0.0032258064516129032,0.16774193548387098,-0.012903225806451613
3,0.0,0.0,0.09966777408637874,-0.28903654485049834,0.26245847176079734,-0.5780730897009967,0.3687707641196013,-0.7940199335548173,0.4119601328903654,-1.0,0.19269102990033224,-0.6179401993355482,0.5946843853820598,-0.5614617940199336,0.5448504983388704,-0.46511627906976744,0.42857142857142855,-0.45182724252491696,0.16943521594684385,-0.42857142857142855,0.6179401993355482,-0.3787375415282392,0.5348837209302325,-0.30564784053156147,0.4186046511627907,-0.3089700996677741,0.16943521594684385,-0.2292358803986711,0.584717607973422,-0.19269102990033224,0.49169435215946844,-0.1362126245847176,0.3787375415282392,-0.1461794019933555,0.1760797342192691,-0.046511627906976744,0.5083056478405316,-0.013289036544850499,0.43853820598006643,0.009966777408637873,0.32558139534883723,-0.0033222591362126247
3,0.0,0.0,0.09574468085106383,-0.2978723404255319,0.2872340425531915,-0.5957446808510638,0.425531914893617,-0.8049645390070922,0.4929078014184397,-1.0,0.2801418439716312,-0.6063829787234043,0.6773049645390071,-0.574468085106383,0.6134751773049646,-0.4858156028368794,0.48226950354609927,-0.4716312056737589,0.2695035460992908,-0.4219858156028369,0.7056737588652482,-0.37943262411347517,0.6170212765957447,-0.3191489361702128,0.48226950354609927,-0.3191489361702128,0.2765957446808511,-0.22340425531914893,0.6843971631205674,-0.1950354609929078,0.5815602836879432,-0.1595744680851064,0.45390070921985815,-0.17375886524822695,0.2978723404255319,-0.03900709219858156,0.6170212765957447,-0.024822695035460994,0.5283687943262412,-0.0070921985815602835,0.40070921985815605,-0.01773049645390071
3,0.0,0.0,0.10038610038610038,-0.28185328185328185,0.3127413127413127,-0.583011583011583,0.4517374517374517,-0.7953667953667953,0.5057915057915058,-1.0,0.3667953667953668,-0.5752895752895753,0.7799227799227799,-0.5173745173745173,0.7027027027027027,-0.4362934362934363,0.5598455598455598,-0.43243243243243246,0.3590733590733591,-0.3783783783783784,0.8146718146718147,-0.3204633204633205,0.7104247104247104,-0.26640926640926643,0.5675675675675675,-0.26640926640926643,0.3590733590733591,-0.16602316602316602,0.7760617760617761,-0.11583011583011583,0.6756756756756757,-0.08108108108108109,0.5444015444015444,-0.09266409266409266,0.3667953667953668,0.04247104247104247,0.6988416988416989,0.06563706563706563,0.6216216216216216,0.08108108108108109,0.5057915057915058,0.06563706563706563
3,0.0,0.0,0.09727626459143969,-0.2840466926070039,0.3151750972762646,-0.5875486381322957,0.46303501945525294,-0.8015564202334631,0.5214007782101168,-1.0,0.4046692607003891,-0.5642023346303502,0.8249027237354085,-0.4785992217898833,0.7509727626459144,-0.4163424124513619,0.6070038910505836,-0.4163424124513619,0.40077821011673154,-0.3540856031128405,0.8443579766536965,-0.29571984435797666,0.7315175097276264,-0.245136186770428,0.5758754863813229,-0.245136186770428,0.40077821011673154,-0.13229571984435798,0.8171206225680934,-0.0933852140077821,0.6964980544747081,-0.058365758754863814,0.5525291828793775,-0.07003891050583658,0.4046692607003891,0.08949416342412451,0.7509727626459144,0.10505836575875487,0.6459143968871596,0.12062256809338522,0.5019455252918288,0.10505836575875487
3,0.0,0.0,0.10588235294117647,-0.2901960784313726,0.3254901960784314,-0.596078431372549,0.47843137254901963,-0.807843137254902,0.5490196078431373,-1.0,0.45098039215686275,-0.592156862745098,0.8627450980392157,-0.49411764705882355,0.7764705882352941,-0.4196078431372549,0.6313725490196078,-0.4196078431372549,0.45098039215686275,-0.3843137254901961,0.8784313725490196,-0.3058823529411765,0.7568627450980392,-0.24313725490196078,0.6078431372549019,-0.24705882352941178,0.45098039215686275,-0.15294117647058825,0.8470588235294118,-0.09803921568627451,0.7176470588235294,-0.058823529411764705,0.5725490196078431,-0.06666666666666667,0.44313725490196076,0.07450980392156863,0.7764705882352941,0.10588235294117647,0.6627450980392157,0.12156862745098039,0.5215686274509804,0.10588235294117647
3,0.0,0.0,0.11320754716981132,-0.29056603773584905,0.3433962264150943,-0.5886792452830188,0.5018867924528302,-0.8037735849056604,0.569811320754717,-1.0,0.4716981132075472,-0.5660377358490566,0.8679245283018868,-0.47547169811320755,0.7924528301886793,-0.3886792452830189,0.6528301886792452,-0.3849056603773585,0.4679245283018868,-0.3584905660377358,0.8867924528301887,-0.2792452830188679,0.7773584905660378,-0.2188679245283019,0.6264150943396226,-0.22641509433962265,0.45660377358490567,-0.1320754716981132,0.8490566037735849,-0.07547169811320754,0.7283018867924528,-0.03773584905660377,0.5886792452830188,-0.052830188679245285,0.4490566037735849,0.09433962264150944,0.7811320754716982,0.12075471698113208,0.6830188679245283,0.1320754716981132,0.5509433962264151,0.11320754716981132
3,0.0,0.0,0.11406844106463879,-0.30798479087452474,0.33840304182509506,-0.6083650190114068,0.49809885931558934,-0.8174904942965779,0.5779467680608364,-1.0,0.49049429657794674,-0.5855513307984791,0.8669201520912547,-0.4828897338403042,0.7984790874524715,-0.41064638783269963,0.6653992395437263,-0.4068441064638783,0.49809885931558934,-0.376425855513308,0.8935361216730038,-0.29277566539923955,0.7946768060836502,-0.23954372623574144,0.6501901140684411,-0.24714828897338403,0.49429657794676807,-0.1520912547528517,0.8745247148288974,-0.09125475285171103,0.752851711026616,-0.057034220532319393,0.6121673003802282,-0.07224334600760456,0.4790874524714829,0.07224334600760456,0.8060836501901141,0.11026615969581749,0.6920152091254753,0.11787072243346007,0.5513307984790875,0.09125475285171103
3,0.0,0.0,0.11904761904761904,-0.32142857142857145,0.3373015873015873,-0.6190476190476191,0.5,-0.8214285714285714,0.5833333333333334,-1.0,0.5357142857142857,-0.5952380952380952,0.8928571428571429,-0.4642857142857143,0.8055555555555556,-0.3888888888888889,0.6626984126984127,-0.3968253968253968,0.5436507936507936,-0.38492063492063494,0.9087301587301587,-0.2698412698412698,0.7976190476190477,-0.21428571428571427,0.6587301587301587,-0.23015873015873015,0.5436507936507936,-0.15873015873015872,0.8928571428571429,-0.06349206349206349,0.7698412698412699,-0.027777777777777776,0.626984126984127,-0.051587301587301584,0.5277777777777778,0.06746031746031746,0.8214285714285714,0.12301587301587301,0.7023809523809523,0.1388888888888889,0.5634920634920635,0.10714285714285714
3,0.0,0.0,0.10714285714285714,-0.32142857142857145,0.31746031746031744,-0.6150793650793651,0.48412698412698413,-0.8214285714285714,0.5595238095238095,-1.0,0.5436507936507936,-0.5992063492063492,0.873015873015873,-0.47619047619047616,0.7896825396825397,-0.3968253968253968,0.6547619047619048,-0.40476190476190477,0.5674603174603174,-0.3968253968253968,0.8968253968253969,-0.28174603174603174,0.7857142857142857,-0.21825396825396826,0.6547619047619048,-0.23809523809523808,0.5714285714285714,-0.16666666666666666,0.8888888888888888,-0.07539682539682539,0.7619047619047619,-0.031746031746031744,0.626984126984127,-0.051587301587301584,0.5555555555555556,0.06746031746031746,0.8293650793650794,0.12301587301587301,0.7023809523809523,0.14285714285714285,0.5674603174603174,0.11507936507936507
3,0.0,0.0,0.10358565737051793,-0.3147410358565737,0.30677290836653387,-0.6095617529880478,0.46215139442231074,-0.8167330677290837,0.5298804780876494,-1.0,0.549800796812749,-0.6135458167330677,0.8685258964143426,-0.46215139442231074,0.7768924302788844,-0.38645418326693226,0.6334661354581673,-0.40239043824701193,0.5816733067729084,-0.41434262948207173,0.8924302788844621,-0.2788844621513944,0.7808764940239044,-0.21115537848605578,0.649402390438247,-0.23107569721115537,0.5936254980079682,-0.18326693227091634,0.900398406374502,-0.07569721115537849,0.7768924302788844,-0.02390438247011952,0.6454183266932271,-0.04780876494023904,0.5896414342629482,0.05179282868525897,0.8406374501992032,0.11553784860557768,0.7171314741035857,0.14342629482071714,0.5936254980079682,0.11553784860557768
3,0.0,0.0,0.0984251968503937,-0.3110236220472441,0.2874015748031496,-0.610236220472441,0.43700787401574803,-0.8188976377952756,0.5078740157480315,-1.0,0.547244094488189,-0.6141732283464567,0.8582677165354331,-0.4645669291338583,0.7677165354330708,-0.3779527559055118,0.6220472440944882,-0.38188976377952755,0.5826771653543307,-0.41732283464566927,0.8818897637795275,-0.2795275590551181,0.7677165354330708,-0.20866141732283464,0.6338582677165354,-0.22440944881889763,0.594488188976378,-0.1889763779527559,0.8858267716535433,-0.08267716535433071,0.7637795275590551,-0.027559055118110236,0.6299212598425197,-0.047244094488188976,0.5866141732283464,0.047244094488188976,0.8346456692913385,0.11023622047244094,0.7125984251968503,0.14173228346456693,0.5826771653543307,0.1141732283464567
3,0.0,0.0,0.10588235294117647,-0.3176470588235294,0.29411764705882354,-0.611764705882353,0.4470588235294118,-0.8235294117647058,0.5215686274509804,-1.0,0.5529411764705883,-0.615686274509804,0.8588235294117647,-0.4627450980392157,0.7803921568627451,-0.3803921568627451,0.6431372549019608,-0.3843137254901961,0.596078431372549,-0.4196078431372549,0.8823529411764706,-0.2823529411764706,0.7803921568627451,-0.21176470588235294,0.6470588235294118,-0.22745098039215686,0.615686274509804,-0.19215686274509805,0.8823529411764706,-0.08627450980392157,0.7725490196078432,-0.03137254901960784,0.6431372549019608,-0.050980392156862744,0.611764705882353,0.0392156862745098,0.8352941176470589,0.10196078431372549,0.7215686274509804,0.13333333333333333,0.6039215686274509,0.10980392156862745
3,0.0,0.0,0.09727626459143969,-0.31906614785992216,0.2723735408560311,-0.6147859922178989,0.41245136186770426,-0.8249027237354085,0.48638132295719844,-1.0,0.5369649805447471,-0.6342412451361867,0.8365758754863813,-0.48249027237354086,0.754863813229572,-0.39299610894941633,0.6147859922178989,-0.39299610894941633,0.5914396887159533,-0.44357976653696496,0.8599221789883269,-0.3035019455252918,0.7587548638132295,-0.22957198443579765,0.6264591439688716,-0.24124513618677043,0.6147859922178989,-0.22178988326848248,0.8715953307392996,-0.11284046692607004,0.7587548638132295,-0.058365758754863814,0.6264591439688716,-0.07003891050583658,0.6186770428015564,0.0038910505836575876,0.8249027237354085,0.06614785992217899,0.708171206225681,0.10116731517509728,0.5914396887159533,0.08560311284046693
3,0.0,0.0,0.09375,-0.33203125,0.26171875,-0.62109375,0.3984375,-0.828125,0.46484375,-1.0,0.546875,-0.63671875,0.8359375,-0.48828125,0.75,-0.3984375,0.6171875,-0.39453125,0.60546875,-0.44140625,0.86328125,-0.3046875,0.76171875,-0.234375,0.6328125,-0.23828125,0.6328125,-0.21875,0.87109375,-0.11328125,0.76171875,-0.05859375,0.6328125,-0.0703125,0.63671875,0.0078125,0.82421875,0.0625,0.71484375,0.09765625,0.6015625,0.08984375
3,0.0,0.0,0.09765625,-0.32421875,0.25,-0.62109375,0.37109375,-0.83203125,0.421875,-1.0,0.56640625,-0.63671875,0.828125,-0.46875,0.73828125,-0.3828125,0.60546875,-0.38671875,0.625,-0.44140625,0.8515625,-0.2890625,0.75390625,-0.21875,0.625,-0.2265625,0.65234375,-0.21875,0.85546875,-0.1171875,0.7578125,-0.05859375,0.62890625,-0.0625,0.65625,0.00390625,0.8203125,0.05078125,0.71875,0.0859375,0.609375,0.08203125
3,0.0,0.0,0.08396946564885496,-0.32061068702290074,0.22519083969465647,-0.6183206106870229,0.33587786259541985,-0.8282442748091603,0.38549618320610685,-1.0,0.5534351145038168,-0.648854961832061,0.8053435114503816,-0.4770992366412214,0.7175572519083969,-0.3893129770992366,0.5877862595419847,-0.3893129770992366,0.6145038167938931,-0.4618320610687023,0.8282442748091603,-0.29770992366412213,0.732824427480916,-0.22137404580152673,0.6068702290076335,-0.22519083969465647,0.648854961832061,-0.2480916030534351,0.8320610687022901,-0.1183206106870229,0.7366412213740458,-0.061068702290076333,0.6106870229007634,-0.06870229007633588,0.6603053435114504,-0.03435114503816794,0.8091603053435115,0.04198473282442748,0.7061068702290076,0.08015267175572519,0.5954198473282443,0.0648854961832061
3,0.0,0.0,0.07462686567164178,-0.3246268656716418,0.21641791044776118,-0.6194029850746269,0.3208955223880597,-0.8283582089552238,0.3656716417910448,-1.0,0.5447761194029851,-0.6492537313432836,0.7761194029850746,-0.5,0.7052238805970149,-0.40671641791044777,0.585820895522388,-0.39925373134328357,0.6156716417910447,-0.4701492537313433,0.8059701492537313,-0.3208955223880597,0.7238805970149254,-0.24253731343283583,0.6044776119402985,-0.23880597014925373,0.6529850746268657,-0.26119402985074625,0.8171641791044776,-0.14925373134328357,0.7313432835820896,-0.08955223880597014,0.6119402985074627,-0.08582089552238806,0.667910447761194,-0.05223880597014925,0.8059701492537313,0.0037313432835820895,0.7126865671641791,0.04477611940298507,0.6082089552238806,0.04477611940298507
3,0.0,0.0,0.060836501901140684,-0.3193916349809886,0.18631178707224336,-0.6159695817490495,0.2813688212927757,-0.8288973384030418,0.3269961977186312,-1.0,0.5399239543726235,-0.6501901140684411,0.7452471482889734,-0.5247148288973384,0.6730038022813688,-0.43346007604562736,0.55893536121673,-0.4144486692015209,0.6197718631178707,-0.4714828897338403,0.7908745247148289,-0.34980988593155893,0.7034220532319392,-0.27756653992395436,0.5779467680608364,-0.2661596958174905,0.6615969581749049,-0.2661596958174905,0.8060836501901141,-0.18250950570342206,0.7186311787072244,-0.12547528517110265,0.596958174904943,-0.11787072243346007,0.6730038022813688,-0.060836501901140684,0.7756653992395437,-0.022813688212927757,0.6806083650190115,0.019011406844106463,0.5779467680608364,0.022813688212927757
3,0.0,0.0,0.027450980392156862,-0.3333333333333333,0.12156862745098039,-0.6196078431372549,0.21568627450980393,-0.8352941176470589,0.27058823529411763,-1.0,0.49019607843137253,-0.6745098039215687,0.6784313725490196,-0.5529411764705883,0.6,-0.45098039215686275,0.47843137254901963,-0.4235294117647059,0.596078431372549,-0.5098039215686274,0.7372549019607844,-0.37254901960784315,0.6431372549019608,-0.29411764705882354,0.5176470588235295,-0.2784313725490196,0.6588235294117647,-0.3137254901960784,0.7764705882352941,-0.20784313725490197,0.6862745098039216,-0.1411764705882353,0.5647058823529412,-0.12941176470588237,0.6862745098039216,-0.12156862745098039,0.7843137254901961,-0.047058823529411764,0.6941176470588235,0.0,0.5843137254901961,0.00392156862745098
3,0.0,0.0,0.01953125,-0.328125,0.109375,-0.6171875,0.19140625,-0.83203125,0.23828125,-1.0,0.4921875,-0.671875,0.68359375,-0.5390625,0.60546875,-0.43359375,0.48828125,-0.40625,0.59765625,-0.5,0.75,-0.359375,0.65625,-0.26953125,0.53125,-0.24609375,0.66015625,-0.3046875,0.7734375,-0.18359375,0.6796875,-0.10546875,0.55859375,-0.09375,0.6875,-0.10546875,0.78125,-0.01171875,0.68359375,0.046875,0.57421875,0.05078125
3,0.0,0.0,0.011811023622047244,-0.3346456692913386,0.09055118110236221,-0.6220472440944882,0.16929133858267717,-0.8307086614173228,0.2204724409448819,-1.0,0.48031496062992124,-0.6771653543307087,0.6732283464566929,-0.5551181102362205,0.594488188976378,-0.4566929133858268,0.47244094488188976,-0.4251968503937008,0.5905511811023622,-0.5,0.7519685039370079,-0.38188976377952755,0.6535433070866141,-0.30708661417322836,0.5196850393700787,-0.2795275590551181,0.65748031496063,-0.2992125984251969,0.7795275590551181,-0.2125984251968504,0.6850393700787402,-0.14173228346456693,0.5590551181102362,-0.11811023622047244,0.6850393700787402,-0.0984251968503937,0.7913385826771654,-0.04330708661417323,0.6968503937007874,0.007874015748031496,0.5905511811023622,0.015748031496062992
3,0.0,0.0,-0.024096385542168676,-0.3333333333333333,0.0321285140562249,-0.6144578313253012,0.0963855421686747,-0.8313253012048193,0.14859437751004015,-1.0,0.42971887550200805,-0.6987951807228916,0.5903614457831325,-0.5943775100401606,0.5220883534136547,-0.4859437751004016,0.40963855421686746,-0.43775100401606426,0.5622489959839357,-0.5381526104417671,0.6867469879518072,-0.43373493975903615,0.5943775100401606,-0.3493975903614458,0.4738955823293173,-0.3132530120481928,0.6385542168674698,-0.3453815261044177,0.7469879518072289,-0.27309236947791166,0.6546184738955824,-0.20080321285140562,0.5381526104417671,-0.1686746987951807,0.6706827309236948,-0.14457831325301204,0.7228915662650602,-0.07630522088353414,0.6305220883534136,-0.028112449799196786,0.5261044176706827,-0.01606425702811245
3,0.0,0.0,-0.0759493670886076,-0.3206751054852321,-0.06751054852320675,-0.6075949367088608,-0.029535864978902954,-0.8312236286919831,0.008438818565400843,-1.0,0.3628691983122363,-0.7130801687763713,0.48945147679324896,-0.6160337552742616,0.4219409282700422,-0.5189873417721519,0.3206751054852321,-0.47257383966244726,0.5021097046413502,-0.5569620253164557,0.5780590717299579,-0.47257383966244726,0.48945147679324896,-0.4008438818565401,0.38396624472573837,-0.35443037974683544,0.5864978902953587,-0.3755274261603376,0.6329113924050633,-0.3206751054852321,0.5485232067510548,-0.25316455696202533,0.4472573839662447,-0.21518987341772153,0.6329113924050633,-0.18565400843881857,0.6497890295358649,-0.14345991561181434,0.5569620253164557,-0.0970464135021097,0.4641350210970464,-0.0759493670886076
3,0.0,0.0,-0.13761467889908258,-0.3211009174311927,-0.18807339449541285,-0.6009174311926605,-0.1834862385321101,-0.8256880733944955,-0.17889908256880735,-1.0,0.20642201834862386,-0.7844036697247706,0.2889908256880734,-0.7155963302752294,0.23853211009174313,-0.5871559633027523,0.1559633027522936,-0.518348623853211,0.38990825688073394,-0.6880733944954128,0.44036697247706424,-0.6009174311926605,0.3761467889908257,-0.5,0.2981651376146789,-0.42660550458715596,0.5229357798165137,-0.5412844036697247,0.5596330275229358,-0.47706422018348627,0.4954128440366973,-0.38990825688073394,0.40825688073394495,-0.3211009174311927,0.6238532110091743,-0.3761467889908257,0.7110091743119266,-0.3486238532110092,0.6559633027522935,-0.27522935779816515,0.5779816513761468,-0.21559633027522937
3,0.0,0.0,-0.14210526315789473,-0.3157894736842105,-0.2,-0.6052631578947368,-0.21052631578947367,-0.8368421052631579,-0.24210526315789474,-1.0,0.18421052631578946,-0.8473684210526315,0.3631578947368421,-0.7631578947368421,0.33157894736842103,-0.6263157894736842,0.24210526315789474,-0.5368421052631579,0.37894736842105264,-0.7421052631578947,0.49473684210526314,-0.6157894736842106,0.4263157894736842,-0.5,0.3263157894736842,-0.4263157894736842,0.531578947368421,-0.5842105263157895,0.6105263157894737,-0.4789473684210526,0.5368421052631579,-0.37894736842105264,0.4368421052631579,-0.3157894736842105,0.6578947368421053,-0.4052631578947368,0.7210526315789474,-0.3105263157894737,0.6421052631578947,-0.22631578947368422,0.5473684210526316,-0.17894736842105263
3,0.0,0.0,-0.10240963855421686,-0.3253012048192771,-0.13253012048192772,-0.6265060240963856,-0.12650602409638553,-0.8493975903614458,-0.12650602409638553,-1.0,0.2469879518072289,-0.8614457831325302,0.45180722891566266,-0.7650602409638554,0.40963855421686746,-0.6265060240963856,0.2891566265060241,-0.5481927710843374,0.42771084337349397,-0.7469879518072289,0.5903614457831325,-0.6325301204819277,0.5120481927710844,-0.5120481927710844,0.39156626506024095,-0.4457831325301205,0.572289156626506,-0.5843373493975904,0.6987951807228916,-0.4879518072289157,0.6204819277108434,-0.3855421686746988,0.4939759036144578,-0.3313253012048193,0.6867469879518072,-0.39759036144578314,0.7891566265060241,-0.3132530120481928,0.6987951807228916,-0.2289156626506024,0.5843373493975904,-0.1927710843373494
3,0.0,0.0,-0.07926829268292683,-0.32926829268292684,-0.07317073170731707,-0.6219512195121951,-0.042682926829268296,-0.8414634146341463,-0.036585365853658534,-1.0,0.3170731707317073,-0.823170731707317,0.5121951219512195,-0.7195121951219512,0.4573170731707317,-0.5975609756097561,0.3353658536585366,-0.5365853658536586,0.4878048780487805,-0.7012195121951219,0.6463414634146342,-0.5792682926829268,0.5609756097560976,-0.4695121951219512,0.4329268292682927,-0.42073170731707316,0.6219512195121951,-0.5304878048780488,0.75,-0.42073170731707316,0.6585365853658537,-0.32926829268292684,0.5304878048780488,-0.2865853658536585,0.7195121951219512,-0.32926829268292684,0.823170731707317,-0.25,0.7378048780487805,-0.17073170731707318,0.6219512195121951,-0.1402439024390244
3,0.0,0.0,-0.018518518518518517,-0.3333333333333333,0.030864197530864196,-0.6358024691358025,0.10493827160493827,-0.845679012345679,0.12962962962962962,-1.0,0.4444444444444444,-0.7654320987654321,0.6358024691358025,-0.6666666666666666,0.5617283950617284,-0.5493827160493827,0.4444444444444444,-0.5,0.5864197530864198,-0.6172839506172839,0.7345679012345679,-0.5,0.6419753086419753,-0.3950617283950617,0.5246913580246914,-0.35802469135802467,0.6851851851851852,-0.43209876543209874,0.8148148148148148,-0.3271604938271605,0.7222222222222222,-0.25308641975308643,0.5925925925925926,-0.22839506172839505,0.7469135802469136,-0.22839506172839505,0.8580246913580247,-0.14814814814814814,0.7592592592592593,-0.08641975308641975,0.6419753086419753,-0.06790123456790123
3,0.0,0.0,0.00641025641025641,-0.3269230769230769,0.08333333333333333,-0.6282051282051282,0.15384615384615385,-0.8397435897435898,0.19230769230769232,-1.0,0.4935897435897436,-0.7371794871794872,0.717948717948718,-0.6282051282051282,0.6602564102564102,-0.5128205128205128,0.5448717948717948,-0.47435897435897434,0.6217948717948718,-0.5769230769230769,0.7948717948717948,-0.4551282051282051,0.717948717948718,-0.358974358974359,0.5961538461538461,-0.3269230769230769,0.7051282051282052,-0.38461538461538464,0.8461538461538461,-0.27564102564102566,0.7692307692307693,-0.1987179487179487,0.6410256410256411,-0.1858974358974359,0.75,-0.1794871794871795,0.8717948717948718,-0.08333333333333333,0.7884615384615384,-0.02564102564102564,0.6666666666666666,-0.02564102564102564
3,0.0,0.0,0.02127659574468085,-0.3404255319148936,0.12056737588652482,-0.6312056737588653,0.23404255319148937,-0.8368794326241135,0.2907801418439716,-1.0,0.5390070921985816,-0.723404255319149,0.8368794326241135,-0.6879432624113475,0.7872340425531915,-0.5602836879432624,0.6737588652482269,-0.5035460992907801,0.6595744680851063,-0.5460992907801419,0.8794326241134752,-0.46099290780141844,0.7872340425531915,-0.3546099290780142,0.6595744680851063,-0.3191489361702128,0.723404255319149,-0.3262411347517731,0.900709219858156,-0.2553191489361702,0.8014184397163121,-0.1702127659574468,0.6666666666666666,-0.14893617021276595,0.75177304964539,-0.09929078014184398,0.8794326241134752,-0.02127659574468085,0.7659574468085106,0.03546099290780142,0.6453900709219859,0.0425531914893617
3,0.0,0.0,0.0916030534351145,-0.3435114503816794,0.20610687022900764,-0.6259541984732825,0.3282442748091603,-0.8320610687022901,0.4198473282442748,-1.0,0.6564885496183206,-0.6641221374045801,0.8702290076335878,-0.5114503816793893,0.7786259541984732,-0.3969465648854962,0.648854961832061,-0.366412213740458,0.7557251908396947,-0.46564885496183206,0.9007633587786259,-0.2824427480916031,0.7786259541984732,-0.183206106870229,0.6412213740458015,-0.183206106870229,0.8015267175572519,-0.2366412213740458,0.916030534351145,-0.07633587786259542,0.8015267175572519,-0.007633587786259542,0.6641221374045801,-0.015267175572519083,0.8091603053435115,-0.007633587786259542,0.9007633587786259,0.1297709923664122,0.7862595419847328,0.17557251908396945,0.648854961832061,0.1450381679389313
3,0.0,0.0,0.09848484848484848,-0.3409090909090909,0.24242424242424243,-0.6287878787878788,0.36363636363636365,-0.8409090909090909,0.4621212121212121,-1.0,0.6818181818181818,-0.6287878787878788,0.8484848484848485,-0.48484848484848486,0.7348484848484849,-0.3712121212121212,0.5984848484848485,-0.3484848484848485,0.7575757575757576,-0.42424242424242425,0.8863636363636364,-0.26515151515151514,0.7651515151515151,-0.18181818181818182,0.6287878787878788,-0.18181818181818182,0.7878787878787878,-0.19696969696969696,0.9015151515151515,-0.06060606060606061,0.7803030303030303,0.007575757575757576,0.6363636363636364,0.0,0.7727272727272727,0.030303030303030304,0.8939393939393939,0.15151515151515152,0.7727272727272727,0.1893939393939394,0.6363636363636364,0.16666666666666666
3,0.0,0.0,0.13432835820895522,-0.3283582089552239,0.29850746268656714,-0.6268656716417911,0.44776119402985076,-0.835820895522388,0.5298507462686567,-1.0,0.7089552238805971,-0.5074626865671642,0.8731343283582089,-0.3880597014925373,0.7686567164179104,-0.31343283582089554,0.6492537313432836,-0.30597014925373134,0.7686567164179104,-0.31343283582089554,0.8955223880597015,-0.1865671641791045,0.7910447761194029,-0.12686567164179105,0.664179104477612,-0.12686567164179105,0.7761194029850746,-0.1044776119402985,0.8955223880597015,0.0,0.7985074626865671,0.04477611940298507,0.6716417910447762,0.04477611940298507,0.746268656716418,0.09701492537313433,0.8656716417910447,0.1791044776119403,0.7611940298507462,0.208955223880597,0.6492537313432836,0.19402985074626866
3,0.0,0.0,0.13953488372093023,-0.3333333333333333,0.3333333333333333,-0.627906976744186,0.49612403100775193,-0.8372093023255814,0.5968992248062015,-1.0,0.751937984496124,-0.4496124031007752,0.9302325581395349,-0.4263565891472868,0.8217054263565892,-0.3798449612403101,0.689922480620155,-0.3643410852713178,0.7906976744186046,-0.23255813953488372,0.937984496124031,-0.1937984496124031,0.8294573643410853,-0.15503875968992248,0.6976744186046512,-0.14728682170542637,0.7829457364341085,-0.015503875968992248,0.9224806201550387,0.023255813953488372,0.813953488372093,0.046511627906976744,0.689922480620155,0.05426356589147287,0.7364341085271318,0.18604651162790697,0.8837209302325582,0.21705426356589147,0.7751937984496124,0.23255813953488372,0.6666666666666666,0.23255813953488372
3,0.0,0.0,0.18110236220472442,-0.30708661417322836,0.3937007874015748,-0.5748031496062992,0.5748031496062992,-0.7716535433070866,0.6929133858267716,-0.9448818897637795,0.7795275590551181,-0.41732283464566927,1.0,-0.29133858267716534,0.8740157480314961,-0.2283464566929134,0.7322834645669292,-0.25196850393700787,0.7952755905511811,-0.18110236220472442,0.968503937007874,-0.07874015748031496,0.84251968503937,-0.047244094488188976,0.7007874015748031,-0.06299212598425197,0.7559055118110236,0.047244094488188976,0.9291338582677166,0.12598425196850394,0.8110236220472441,0.14960629921259844,0.6771653543307087,0.13385826771653545,0.6850393700787402,0.2677165354330709,0.8503937007874016,0.31496062992125984,0.7401574803149606,0.3228346456692913,0.6299212598425197,0.30708661417322836
3,0.0,0.0,0.20610687022900764,-0.2748091603053435,0.45038167938931295,-0.5114503816793893,0.6564885496183206,-0.6946564885496184,0.7786259541984732,-0.8625954198473282,0.7786259541984732,-0.3282442748091603,1.0,-0.21374045801526717,0.8778625954198473,-0.17557251908396945,0.7480916030534351,-0.20610687022900764,0.7633587786259542,-0.11450381679389313,0.9541984732824428,-0.007633587786259542,0.8320610687022901,0.015267175572519083,0.7099236641221374,-0.022900763358778626,0.7099236641221374,0.10687022900763359,0.9007633587786259,0.1984732824427481,0.7862595419847328,0.20610687022900764,0.6641221374045801,0.17557251908396945,0.6335877862595419,0.31297709923664124,0.8091603053435115,0.3816793893129771,0.6946564885496184,0.37404580152671757,0.5877862595419847,0.3435114503816794
3,0.0,0.0,0.22727272727272727,-0.24242424242424243,0.5,-0.45454545454545453,0.7196969696969697,-0.6136363636363636,0.8484848484848485,-0.7651515151515151,0.7651515151515151,-0.25757575757575757,1.0,-0.10606060606060606,0.8863636363636364,-0.07575757575757576,0.7727272727272727,-0.12121212121212122,0.7196969696969697,-0.03787878787878788,0.946969696969697,0.10606060606060606,0.8333333333333334,0.11363636363636363,0.7196969696969697,0.06060606060606061,0.6439393939393939,0.17424242424242425,0.8560606060606061,0.3106060606060606,0.75,0.30303030303030304,0.6363636363636364,0.25,0.5454545454545454,0.3712121212121212,0.7348484848484849,0.4621212121212121,0.6287878787878788,0.4393939393939394,0.5227272727272727,0.3939393939393939
3,0.0,0.0,0.2556390977443609,-0.21804511278195488,0.5488721804511278,-0.40601503759398494,0.7819548872180451,-0.5488721804511278,0.9323308270676691,-0.6691729323308271,0.7593984962406015,-0.17293233082706766,1.0,-0.015037593984962405,0.8872180451127819,-0.015037593984962405,0.7669172932330827,-0.07518796992481203,0.6766917293233082,0.03759398496240601,0.9323308270676691,0.18045112781954886,0.8195488721804511,0.16541353383458646,0.706766917293233,0.11278195488721804,0.5789473684210527,0.24060150375939848,0.8270676691729323,0.3684210526315789,0.7218045112781954,0.3383458646616541,0.6015037593984962,0.2932330827067669,0.46616541353383456,0.42105263157894735,0.6842105263157895,0.5037593984962406,0.5789473684210527,0.46616541353383456,0.47368421052631576,0.42105263157894735
3,0.0,0.0,0.26356589147286824,-0.2248062015503876,0.5736434108527132,-0.3953488372093023,0.813953488372093,-0.5193798449612403,0.9689922480620154,-0.6434108527131783,0.7596899224806202,-0.14728682170542637,1.0,0.046511627906976744,0.9069767441860465,0.031007751937984496,0.7984496124031008,-0.031007751937984496,0.6511627906976745,0.06201550387596899,0.9147286821705426,0.23255813953488372,0.8217054263565892,0.20930232558139536,0.7209302325581395,0.14728682170542637,0.5426356589147286,0.26356589147286824,0.7984496124031008,0.4186046511627907,0.7054263565891473,0.3798449612403101,0.5968992248062015,0.32558139534883723,0.4108527131782946,0.4496124031007752,0.6589147286821705,0.5503875968992248,0.5581395348837209,0.49612403100775193,0.4573643410852713,0.4573643410852713
3,0.0,0.0,0.2734375,-0.2109375,0.578125,-0.375,0.828125,-0.5,0.9921875,-0.6171875,0.734375,-0.1171875,1.0,0.0625,0.8984375,0.0625,0.7890625,-0.0078125,0.6171875,0.0859375,0.8984375,0.265625,0.8046875,0.234375,0.703125,0.171875,0.5,0.2890625,0.7734375,0.453125,0.6796875,0.40625,0.5703125,0.34375,0.3671875,0.46875,0.6171875,0.5859375,0.53125,0.53125,0.4296875,0.4765625
3,0.0,0.0,0.28169014084507044,-0.176056338028169,0.6056338028169014,-0.323943661971831,0.8380281690140845,-0.4788732394366197,1.0,-0.6338028169014085,0.5985915492957746,-0.06338028169014084,0.9295774647887324,0.06338028169014084,0.8309859154929577,0.04225352112676056,0.6901408450704225,-0.04929577464788732,0.5070422535211268,0.14788732394366197,0.852112676056338,0.29577464788732394,0.7816901408450704,0.2746478873239437,0.647887323943662,0.20422535211267606,0.4084507042253521,0.3380281690140845,0.7464788732394366,0.4647887323943662,0.676056338028169,0.4295774647887324,0.5492957746478874,0.3591549295774648,0.30985915492957744,0.49295774647887325,0.5704225352112676,0.5704225352112676,0.5140845070422535,0.5352112676056338,0.4014084507042254,0.4788732394366197
3,0.0,0.0,0.2578125,-0.203125,0.625,-0.375,0.8359375,-0.5703125,1.0,-0.75,0.46875,-0.1875,0.8359375,0.046875,0.703125,-0.0078125,0.5703125,-0.1171875,0.2890625,0.0234375,0.6953125,0.2734375,0.5859375,0.1953125,0.4609375,0.0859375,0.1328125,0.234375,0.515625,0.4609375,0.40625,0.3828125,0.2890625,0.2734375,0.0078125,0.4140625,0.296875,0.5859375,0.234375,0.515625,0.140625,0.421875
3,0.0,0.0,0.2631578947368421,-0.17763157894736842,0.6052631578947368,-0.34868421052631576,0.8552631578947368,-0.4868421052631579,1.0,-0.6842105263157895,0.32894736842105265,-0.28289473684210525,0.6842105263157895,-0.1118421052631579,0.7171052631578947,-0.05263157894736842,0.6644736842105263,-0.07894736842105263,0.15789473684210525,-0.09210526315789473,0.5263157894736842,0.09210526315789473,0.5394736842105263,0.11842105263157894,0.4605263157894737,0.06578947368421052,0.03289473684210526,0.11842105263157894,0.3618421052631579,0.28289473684210525,0.375,0.26973684210526316,0.29605263157894735,0.18421052631578946,-0.039473684210526314,0.29605263157894735,0.17763157894736842,0.4276315789473684,0.18421052631578946,0.3881578947368421,0.125,0.29605263157894735
3,0.0,0.0,0.25925925925925924,-0.21481481481481482,0.4666666666666667,-0.5333333333333333,0.6370370370370371,-0.7703703703703704,0.7851851851851852,-1.0,0.1259259259259259,-0.5925925925925926,0.4888888888888889,-0.3037037037037037,0.5185185185185185,-0.17037037037037037,0.4148148148148148,-0.23703703703703705,-0.13333333333333333,-0.43703703703703706,0.2814814814814815,-0.037037037037037035,0.32592592592592595,0.05185185185185185,0.2,-0.08888888888888889,-0.3037037037037037,-0.22962962962962963,0.05925925925925926,0.1259259259259259,0.1259259259259259,0.1925925925925926,0.044444444444444446,0.07407407407407407,-0.4222222222222222,-0.02962962962962963,-0.17037037037037037,0.2518518518518518,-0.0962962962962963,0.28888888888888886,-0.14074074074074075,0.22962962962962963
3,0.0,0.0,0.3140495867768595,-0.1652892561983471,0.5371900826446281,-0.49586776859504134,0.768595041322314,-0.71900826446281,0.9421487603305785,-1.0,-0.03305785123966942,-0.8016528925619835,0.19008264462809918,-0.3884297520661157,0.34710743801652894,-0.15702479338842976,0.2892561983471074,-0.19834710743801653,-0.34710743801652894,-0.71900826446281,-0.0743801652892562,-0.14049586776859505,0.1487603305785124,0.08264462809917356,0.09917355371900827,0.008264462809917356,-0.5371900826446281,-0.5371900826446281,-0.2892561983471074,0.0,-0.049586776859504134,0.17355371900826447,-0.0743801652892562,0.09090909090909091,-0.6446280991735537,-0.30578512396694213,-0.4628099173553719,0.12396694214876033,-0.24793388429752067,0.2644628099173554,-0.2066115702479339,0.21487603305785125
3,0.0,0.0,0.2620689655172414,0.013793103448275862,0.5379310344827586,0.034482758620689655,0.8,0.08275862068965517,1.0,0.14482758620689656,0.6,-0.33793103448275863,0.6482758620689655,-0.47586206896551725,0.45517241379310347,-0.36551724137931035,0.3724137931034483,-0.25517241379310346,0.4482758620689655,-0.5172413793103449,0.43448275862068964,-0.6482758620689655,0.25517241379310346,-0.4689655172413793,0.2482758620689655,-0.3724137931034483,0.27586206896551724,-0.6275862068965518,0.2206896551724138,-0.7448275862068966,0.10344827586206896,-0.5517241379310345,0.13793103448275862,-0.45517241379310347,0.11724137931034483,-0.6896551724137931,0.034482758620689655,-0.7655172413793103,-0.041379310344827586,-0.6275862068965518,-0.006896551724137931,-0.5379310344827586
3,0.0,0.0,0.2246376811594203,0.12318840579710146,0.5217391304347826,0.18115942028985507,0.7898550724637681,0.2391304347826087,1.0,0.2898550724637681,0.8115942028985508,-0.26811594202898553,0.6811594202898551,-0.34057971014492755,0.5144927536231884,-0.21014492753623187,0.5434782608695652,-0.15942028985507245,0.6956521739130435,-0.463768115942029,0.5362318840579711,-0.5072463768115942,0.3695652173913043,-0.30434782608695654,0.43478260869565216,-0.2608695652173913,0.5362318840579711,-0.6014492753623188,0.39855072463768115,-0.6376811594202898,0.2608695652173913,-0.43478260869565216,0.3333333333333333,-0.37681159420289856,0.36231884057971014,-0.7101449275362319,0.2608695652173913,-0.7391304347826086,0.16666666666666666,-0.572463768115942,0.2028985507246377,-0.5
3,0.0,0.0,0.2158273381294964,0.12949640287769784,0.5179856115107914,0.17266187050359713,0.7913669064748201,0.23741007194244604,1.0,0.302158273381295,0.8201438848920863,-0.26618705035971224,0.6690647482014388,-0.38848920863309355,0.5107913669064749,-0.2517985611510791,0.5611510791366906,-0.18705035971223022,0.7050359712230215,-0.43884892086330934,0.5683453237410072,-0.5251798561151079,0.381294964028777,-0.3237410071942446,0.460431654676259,-0.2733812949640288,0.5539568345323741,-0.5683453237410072,0.4244604316546763,-0.6474820143884892,0.2733812949640288,-0.4460431654676259,0.3597122302158273,-0.39568345323741005,0.39568345323741005,-0.6762589928057554,0.30935251798561153,-0.7410071942446043,0.20863309352517986,-0.5827338129496403,0.2517985611510791,-0.5107913669064749
3,0.0,0.0,0.21875,0.1484375,0.5234375,0.21875,0.7890625,0.3125,1.0,0.421875,0.890625,-0.2109375,0.734375,-0.359375,0.546875,-0.2265625,0.5859375,-0.1484375,0.7734375,-0.4140625,0.625,-0.515625,0.421875,-0.3203125,0.484375,-0.25,0.625,-0.5625,0.5,-0.65625,0.328125,-0.46875,0.390625,-0.3828125,0.4609375,-0.6875,0.3828125,-0.75,0.25,-0.6015625,0.28125,-0.515625
3,0.0,0.0,0.22131147540983606,0.1721311475409836,0.5409836065573771,0.26229508196721313,0.8032786885245902,0.38524590163934425,1.0,0.5,0.9016393442622951,-0.1721311475409836,0.7950819672131147,-0.30327868852459017,0.5901639344262295,-0.1721311475409836,0.6229508196721312,-0.09836065573770492,0.7786885245901639,-0.39344262295081966,0.6721311475409836,-0.48360655737704916,0.45081967213114754,-0.28688524590163933,0.5,-0.22950819672131148,0.6229508196721312,-0.5573770491803278,0.5409836065573771,-0.639344262295082,0.3524590163934426,-0.4426229508196721,0.4098360655737705,-0.36065573770491804,0.4672131147540984,-0.6885245901639344,0.4098360655737705,-0.7540983606557377,0.2786885245901639,-0.5983606557377049,0.29508196721311475,-0.5081967213114754
3,0.0,0.0,-0.1450381679389313,-0.24427480916030533,-0.4580152671755725,-0.4198473282442748,-0.732824427480916,-0.5267175572519084,-0.8625954198473282,-0.6564885496183206,-0.6259541984732825,-0.42748091603053434,-1.0,-0.29770992366412213,-0.8931297709923665,-0.26717557251908397,-0.7404580152671756,-0.3053435114503817,-0.6030534351145038,-0.20610687022900764,-0.9389312977099237,-0.11450381679389313,-0.8015267175572519,-0.10687022900763359,-0.648854961832061,-0.15267175572519084,-0.549618320610687,0.015267175572519083,-0.816793893129771,0.07633587786259542,-0.6946564885496184,0.07633587786259542,-0.549618320610687,0.03816793893129771,-0.48854961832061067,0.2366412213740458,-0.6870229007633588,0.26717557251908397,-0.5877862595419847,0.26717557251908397,-0.48091603053435117,0.24427480916030533
3,0.0,0.0,-0.23076923076923078,-0.21153846153846154,-0.5128205128205128,-0.3782051282051282,-0.6602564102564102,-0.5512820512820513,-0.6858974358974359,-0.7307692307692307,-0.6794871794871795,-0.3269230769230769,-1.0,-0.1858974358974359,-0.9102564102564102,-0.14743589743589744,-0.782051282051282,-0.1794871794871795,-0.6410256410256411,-0.15384615384615385,-0.9551282051282052,-0.019230769230769232,-0.8653846153846154,0.00641025641025641,-0.7435897435897436,-0.03205128205128205,-0.5897435897435898,0.02564102564102564,-0.8782051282051282,0.14102564102564102,-0.782051282051282,0.15384615384615385,-0.6666666666666666,0.11538461538461539,-0.5256410256410257,0.20512820512820512,-0.7756410256410257,0.28205128205128205,-0.6858974358974359,0.28205128205128205,-0.5833333333333334,0.25
3,0.0,0.0,-0.24675324675324675,-0.18831168831168832,-0.5064935064935064,-0.35064935064935066,-0.6688311688311688,-0.512987012987013,-0.7402597402597403,-0.6753246753246753,-0.7077922077922078,-0.2727272727272727,-1.0,-0.14285714285714285,-0.9155844155844156,-0.11038961038961038,-0.7922077922077922,-0.13636363636363635,-0.6818181818181818,-0.12987012987012986,-0.9675324675324676,0.012987012987012988,-0.8701298701298701,0.03896103896103896,-0.7532467532467533,0.0,-0.6363636363636364,0.025974025974025976,-0.8896103896103896,0.15584415584415584,-0.7922077922077922,0.16883116883116883,-0.6883116883116883,0.12987012987012986,-0.5714285714285714,0.17532467532467533,-0.7922077922077922,0.2727272727272727,-0.7077922077922078,0.2792207792207792,-0.6103896103896104,0.24675324675324675
3,0.0,0.0,-0.2653061224489796,-0.20408163265306123,-0.5170068027210885,-0.36054421768707484,-0.6802721088435374,-0.5102040816326531,-0.7414965986394558,-0.6666666666666666,-0.7414965986394558,-0.24489795918367346,-1.0,-0.027210884353741496,-0.891156462585034,0.027210884353741496,-0.7755102040816326,-0.013605442176870748,-0.6938775510204082,-0.08843537414965986,-0.9387755102040817,0.1360544217687075,-0.8231292517006803,0.16326530612244897,-0.7210884353741497,0.10884353741496598,-0.6122448979591837,0.07482993197278912,-0.8367346938775511,0.272108843537415,-0.7346938775510204,0.2857142857142857,-0.6326530612244898,0.22448979591836735,-0.5170068027210885,0.23809523809523808,-0.7210884353741497,0.3877551020408163,-0.6394557823129252,0.38095238095238093,-0.5510204081632653,0.32653061224489793
3,0.0,0.0,-0.23943661971830985,-0.2323943661971831,-0.49295774647887325,-0.4014084507042254,-0.676056338028169,-0.5492957746478874,-0.7394366197183099,-0.7253521126760564,-0.7464788732394366,-0.23943661971830985,-1.0,-0.035211267605633804,-0.8732394366197183,0.0,-0.7535211267605634,-0.06338028169014084,-0.6971830985915493,-0.056338028169014086,-0.9436619718309859,0.13380281690140844,-0.8169014084507042,0.14788732394366197,-0.7112676056338029,0.08450704225352113,-0.6197183098591549,0.11971830985915492,-0.852112676056338,0.28169014084507044,-0.7323943661971831,0.2887323943661972,-0.6267605633802817,0.22535211267605634,-0.5211267605633803,0.28169014084507044,-0.7183098591549296,0.4154929577464789,-0.6267605633802817,0.4014084507042254,-0.5352112676056338,0.352112676056338
3,0.0,0.0,-0.22535211267605634,-0.24647887323943662,-0.47183098591549294,-0.4295774647887324,-0.6338028169014085,-0.5915492957746479,-0.6901408450704225,-0.7605633802816901,-0.7183098591549296,-0.28169014084507044,-1.0,-0.09154929577464789,-0.8873239436619719,-0.04929577464788732,-0.7605633802816901,-0.09859154929577464,-0.676056338028169,-0.09859154929577464,-0.9436619718309859,0.07746478873239436,-0.8309859154929577,0.09859154929577464,-0.7253521126760564,0.04225352112676056,-0.6056338028169014,0.09154929577464789,-0.8591549295774648,0.23943661971830985,-0.7535211267605634,0.24647887323943662,-0.647887323943662,0.19718309859154928,-0.5211267605633803,0.2676056338028169,-0.7394366197183099,0.39436619718309857,-0.6619718309859155,0.3873239436619718,-0.5704225352112676,0.3380281690140845
3,0.0,0.0,-0.2361111111111111,-0.24305555555555555,-0.4861111111111111,-0.4166666666666667,-0.6527777777777778,-0.5763888888888888,-0.7152777777777778,-0.7430555555555556,-0.7152777777777778,-0.2638888888888889,-1.0,-0.06944444444444445,-0.8958333333333334,-0.020833333333333332,-0.7777777777777778,-0.06944444444444445,-0.6736111111111112,-0.0763888888888889,-0.9444444444444444,0.09722222222222222,-0.8402777777777778,0.11805555555555555,-0.7291666666666666,0.06944444444444445,-0.6041666666666666,0.10416666666666667,-0.8611111111111112,0.25,-0.7638888888888888,0.2569444444444444,-0.6527777777777778,0.20833333333333334,-0.5138888888888888,0.2847222222222222,-0.75,0.3888888888888889,-0.6805555555555556,0.3819444444444444,-0.5902777777777778,0.3402777777777778
3,0.0,0.0,-0.22448979591836735,-0.23129251700680273,-0.46938775510204084,-0.3945578231292517,-0.6326530612244898,-0.5578231292517006,-0.6802721088435374,-0.7278911564625851,-0.7074829931972789,-0.24489795918367346,-1.0,-0.05442176870748299,-0.9115646258503401,0.02040816326530612,-0.7959183673469388,0.0,-0.6666666666666666,-0.061224489795918366,-0.9455782312925171,0.12244897959183673,-0.8503401360544217,0.17006802721088435,-0.7414965986394558,0.1292517006802721,-0.5918367346938775,0.12244897959183673,-0.8639455782312925,0.272108843537415,-0.7755102040816326,0.29931972789115646,-0.673469387755102,0.2585034013605442,-0.5102040816326531,0.2925170068027211,-0.7414965986394558,0.3945578231292517,-0.6870748299319728,0.3945578231292517,-0.6054421768707483,0.35374149659863946
3,0.0,0.0,-0.21379310344827587,-0.2482758620689655,-0.4482758620689655,-0.42758620689655175,-0.6137931034482759,-0.5793103448275863,-0.6482758620689655,-0.7241379310344828,-0.7310344827586207,-0.2482758620689655,-1.0,-0.08275862068965517,-0.9103448275862069,-0.020689655172413793,-0.7931034482758621,-0.041379310344827586,-0.696551724137931,-0.06206896551724138,-0.9586206896551724,0.09655172413793103,-0.8758620689655172,0.15862068965517243,-0.7724137931034483,0.1310344827586207,-0.6344827586206897,0.1310344827586207,-0.8896551724137931,0.2620689655172414,-0.8137931034482758,0.296551724137931,-0.7172413793103448,0.2689655172413793,-0.5448275862068965,0.30344827586206896,-0.7724137931034483,0.4,-0.7241379310344828,0.4068965517241379,-0.6413793103448275,0.3724137931034483
3,0.0,0.0,-0.17037037037037037,-0.2740740740740741,-0.37777777777777777,-0.5111111111111111,-0.5259259259259259,-0.6962962962962963,-0.5481481481481482,-0.8592592592592593,-0.7481481481481481,-0.34074074074074073,-1.0,-0.25925925925925924,-0.9185185185185185,-0.2,-0.8,-0.2,-0.7555555555555555,-0.14074074074074075,-1.0,-0.05925925925925926,-0.9111111111111111,-0.007407407407407408,-0.7925925925925926,-0.014814814814814815,-0.725925925925926,0.05925925925925926,-0.9481481481481482,0.1111111111111111,-0.8814814814814815,0.14814814814814814,-0.762962962962963,0.14074074074074075,-0.6666666666666666,0.24444444444444444,-0.8888888888888888,0.2814814814814815,-0.8518518518518519,0.28888888888888886,-0.7777777777777778,0.2740740740740741
3,0.0,0.0,-0.045112781954887216,-0.3383458646616541,-0.10526315789473684,-0.631578947368421,-0.15037593984962405,-0.849624060150376,-0.12030075187969924,-1.0,-0.5789473684210527,-0.5864661654135338,-0.8045112781954887,-0.5864661654135338,-0.7443609022556391,-0.49624060150375937,-0.631578947368421,-0.45864661654135336,-0.6842105263157895,-0.40601503759398494,-0.8796992481203008,-0.39849624060150374,-0.8045112781954887,-0.3233082706766917,-0.6992481203007519,-0.3082706766917293,-0.7293233082706767,-0.21052631578947367,-0.9323308270676691,-0.22556390977443608,-0.849624060150376,-0.16541353383458646,-0.7293233082706767,-0.15037593984962405,-0.7368421052631579,-0.015037593984962405,-0.9473684210526315,-0.045112781954887216,-0.8646616541353384,-0.015037593984962405,-0.7518796992481203,-0.007518796992481203
3,0.0,0.0,-0.028985507246376812,-0.32608695652173914,-0.09420289855072464,-0.6159420289855072,-0.12318840579710146,-0.8333333333333334,-0.07246376811594203,-1.0,-0.5434782608695652,-0.6014492753623188,-0.7536231884057971,-0.5942028985507246,-0.6884057971014492,-0.5,-0.572463768115942,-0.45652173913043476,-0.6521739130434783,-0.43478260869565216,-0.8333333333333334,-0.427536231884058,-0.7536231884057971,-0.34782608695652173,-0.6376811594202898,-0.3188405797101449,-0.7101449275362319,-0.2463768115942029,-0.8840579710144928,-0.26811594202898553,-0.8043478260869565,-0.2028985507246377,-0.6884057971014492,-0.17391304347826086,-0.7318840579710145,-0.057971014492753624,-0.9057971014492754,-0.09420289855072464,-0.8260869565217391,-0.057971014492753624,-0.717391304347826,-0.036231884057971016
3,0.0,0.0,-0.020689655172413793,-0.33793103448275863,-0.08275862068965517,-0.6137931034482759,-0.09655172413793103,-0.8344827586206897,-0.041379310344827586,-1.0,-0.5241379310344828,-0.6275862068965518,-0.7103448275862069,-0.6137931034482759,-0.6344827586206897,-0.5310344827586206,-0.5241379310344828,-0.4896551724137931,-0.6413793103448275,-0.45517241379310347,-0.7862068965517242,-0.4413793103448276,-0.7034482758620689,-0.36551724137931035,-0.593103448275862,-0.33793103448275863,-0.696551724137931,-0.2620689655172414,-0.8413793103448276,-0.2827586206896552,-0.7586206896551724,-0.2206896551724138,-0.6482758620689655,-0.18620689655172415,-0.7172413793103448,-0.06896551724137931,-0.8758620689655172,-0.11724137931034483,-0.7931034482758621,-0.07586206896551724,-0.6896551724137931,-0.04827586206896552
3,0.0,0.0,0.0070921985815602835,-0.3333333333333333,-0.04964539007092199,-0.6170212765957447,-0.06382978723404255,-0.8439716312056738,-0.014184397163120567,-1.0,-0.5177304964539007,-0.6524822695035462,-0.6595744680851063,-0.6382978723404256,-0.5886524822695035,-0.5319148936170213,-0.48226950354609927,-0.475177304964539,-0.6595744680851063,-0.48936170212765956,-0.7801418439716312,-0.475177304964539,-0.6879432624113475,-0.3900709219858156,-0.574468085106383,-0.3475177304964539,-0.7304964539007093,-0.3049645390070922,-0.8581560283687943,-0.3120567375886525,-0.7730496453900709,-0.23404255319148937,-0.6524822695035462,-0.20567375886524822,-0.7588652482269503,-0.12056737588652482,-0.9078014184397163,-0.1347517730496454,-0.8226950354609929,-0.0851063829787234,-0.7092198581560284,-0.05673758865248227
3,0.0,0.0,-0.09090909090909091,-0.2727272727272727,-0.23376623376623376,-0.577922077922078,-0.3116883116883117,-0.8246753246753247,-0.2532467532467532,-1.0,-0.44155844155844154,-0.6818181818181818,-0.8701298701298701,-0.5844155844155844,-0.7922077922077922,-0.45454545454545453,-0.6493506493506493,-0.44155844155844154,-0.461038961038961,-0.5324675324675324,-0.922077922077922,-0.43506493506493504,-0.8181818181818182,-0.3181818181818182,-0.6753246753246753,-0.3246753246753247,-0.474025974025974,-0.34415584415584416,-0.9090909090909091,-0.2532467532467532,-0.7922077922077922,-0.15584415584415584,-0.6493506493506493,-0.17532467532467533,-0.487012987012987,-0.12987012987012986,-0.8376623376623377,-0.07142857142857142,-0.7337662337662337,-0.012987012987012988,-0.6038961038961039,-0.032467532467532464
3,0.0,0.0,-0.11688311688311688,-0.2662337662337662,-0.3051948051948052,-0.564935064935065,-0.42857142857142855,-0.8051948051948052,-0.38311688311688313,-1.0,-0.474025974025974,-0.7077922077922078,-0.922077922077922,-0.5974025974025974,-0.8376623376623377,-0.4675324675324675,-0.6948051948051948,-0.4675324675324675,-0.4805194805194805,-0.5584415584415584,-0.948051948051948,-0.4155844155844156,-0.8311688311688312,-0.3116883116883117,-0.6948051948051948,-0.33766233766233766,-0.4805194805194805,-0.37012987012987014,-0.9090909090909091,-0.24025974025974026,-0.7857142857142857,-0.15584415584415584,-0.6493506493506493,-0.18831168831168832,-0.4805194805194805,-0.15584415584415584,-0.8181818181818182,-0.07142857142857142,-0.7077922077922078,-0.01948051948051948,-0.5844155844155844,-0.05194805194805195
3,0.0,0.0,-0.1390728476821192,-0.271523178807947,-0.3443708609271523,-0.5629139072847682,-0.4900662251655629,-0.7947019867549668,-0.4768211920529801,-1.0,-0.4900662251655629,-0.7218543046357616,-0.9470198675496688,-0.5960264900662252,-0.8543046357615894,-0.46357615894039733,-0.7152317880794702,-0.46357615894039733,-0.4768211920529801,-0.5629139072847682,-0.9536423841059603,-0.41721854304635764,-0.8344370860927153,-0.31788079470198677,-0.7019867549668874,-0.3509933774834437,-0.47019867549668876,-0.36423841059602646,-0.9139072847682119,-0.25165562913907286,-0.7814569536423841,-0.15894039735099338,-0.6423841059602649,-0.19205298013245034,-0.46357615894039733,-0.152317880794702,-0.8079470198675497,-0.06622516556291391,-0.7019867549668874,-0.006622516556291391,-0.5761589403973509,-0.033112582781456956
3,0.0,0.0,-0.14473684210526316,-0.25,-0.375,-0.5526315789473685,-0.5263157894736842,-0.7894736842105263,-0.5197368421052632,-1.0,-0.4868421052631579,-0.6907894736842105,-0.9605263157894737,-0.5723684210526315,-0.875,-0.4407894736842105,-0.7302631578947368,-0.4473684210526316,-0.46710526315789475,-0.5394736842105263,-0.9605263157894737,-0.3881578947368421,-0.8486842105263158,-0.29605263157894735,-0.7039473684210527,-0.3355263157894737,-0.45394736842105265,-0.34868421052631576,-0.9078947368421053,-0.21052631578947367,-0.7828947368421053,-0.13815789473684212,-0.6381578947368421,-0.18421052631578946,-0.4407894736842105,-0.13157894736842105,-0.7960526315789473,-0.039473684210526314,-0.6973684210526315,0.006578947368421052,-0.5657894736842105,-0.02631578947368421
3,0.0,0.0,-0.16993464052287582,-0.2549019607843137,-0.40522875816993464,-0.5490196078431373,-0.5359477124183006,-0.7973856209150327,-0.5032679738562091,-1.0,-0.45751633986928103,-0.7058823529411765,-0.9215686274509803,-0.5555555555555556,-0.8235294117647058,-0.42483660130718953,-0.6797385620915033,-0.43137254901960786,-0.38562091503267976,-0.5424836601307189,-0.9084967320261438,-0.3660130718954248,-0.7777777777777778,-0.28104575163398693,-0.6274509803921569,-0.3137254901960784,-0.33986928104575165,-0.32679738562091504,-0.8366013071895425,-0.1830065359477124,-0.6993464052287581,-0.11764705882352941,-0.5359477124183006,-0.1503267973856209,-0.30718954248366015,-0.08496732026143791,-0.7189542483660131,0.0,-0.6078431372549019,0.032679738562091505,-0.46405228758169936,-0.006535947712418301
3,0.0,0.0,-0.2159090909090909,-0.2784090909090909,-0.375,-0.5681818181818182,-0.42613636363636365,-0.7954545454545454,-0.3977272727272727,-1.0,-0.19318181818181818,-0.625,-0.6022727272727273,-0.4772727272727273,-0.5170454545454546,-0.4034090909090909,-0.375,-0.42613636363636365,-0.06818181818181818,-0.4375,-0.5397727272727273,-0.26704545454545453,-0.42613636363636365,-0.23295454545454544,-0.26704545454545453,-0.2840909090909091,0.011363636363636364,-0.2215909090909091,-0.4318181818181818,-0.07954545454545454,-0.32386363636363635,-0.0625,-0.16477272727272727,-0.125,0.056818181818181816,-0.005681818181818182,-0.26136363636363635,0.11363636363636363,-0.18181818181818182,0.10227272727272728,-0.045454545454545456,0.045454545454545456
3,0.0,0.0,-0.24873096446700507,-0.2893401015228426,-0.4213197969543147,-0.5685279187817259,-0.5126903553299492,-0.8020304568527918,-0.5025380710659898,-1.0,-0.27411167512690354,-0.6395939086294417,-0.6345177664974619,-0.5228426395939086,-0.5736040609137056,-0.4263959390862944,-0.45685279187817257,-0.4619289340101523,-0.16751269035532995,-0.467005076142132,-0.5939086294416244,-0.3248730964467005,-0.5025380710659898,-0.2893401015228426,-0.38071065989847713,-0.3299492385786802,-0.10152284263959391,-0.27411167512690354,-0.5177664974619289,-0.15228426395939088,-0.4263959390862944,-0.1319796954314721,-0.29949238578680204,-0.17258883248730963,-0.07106598984771574,-0.08629441624365482,-0.4010152284263959,0.005076142131979695,-0.3248730964467005,0.005076142131979695,-0.18781725888324874,-0.03553299492385787
3,0.0,0.0,-0.23115577889447236,-0.3065326633165829,-0.36683417085427134,-0.5728643216080402,-0.4321608040201005,-0.7989949748743719,-0.4120603015075377,-1.0,-0.16080402010050251,-0.6532663316582915,-0.5226130653266332,-0.5125628140703518,-0.49246231155778897,-0.4120603015075377,-0.3869346733668342,-0.4371859296482412,-0.035175879396984924,-0.46733668341708545,-0.45226130653266333,-0.3015075376884422,-0.39195979899497485,-0.2663316582914573,-0.2814070351758794,-0.31155778894472363,0.04522613065326633,-0.271356783919598,-0.36180904522613067,-0.11557788944723618,-0.3015075376884422,-0.10050251256281408,-0.18592964824120603,-0.1407035175879397,0.08040201005025126,-0.07537688442211055,-0.24120603015075376,0.04020100502512563,-0.21608040201005024,0.04020100502512563,-0.12562814070351758,0.005025125628140704
3,0.0,0.0,-0.22727272727272727,-0.29797979797979796,-0.36363636363636365,-0.5707070707070707,-0.41919191919191917,-0.803030303030303,-0.398989898989899,-1.0,-0.13636363636363635,-0.6515151515151515,-0.5202020202020202,-0.494949494949495,-0.5,-0.398989898989899,-0.3888888888888889,-0.42424242424242425,-0.015151515151515152,-0.45454545454545453,-0.45454545454545453,-0.29292929292929293,-0.3888888888888889,-0.25757575757575757,-0.2777777777777778,-0.29797979797979796,0.06060606060606061,-0.2474747474747475,-0.35858585858585856,-0.10606060606060606,-0.29797979797979796,-0.09090909090909091,-0.1919191919191919,-0.12121212121212122,0.09090909090909091,-0.045454545454545456,-0.24242424242424243,0.050505050505050504,-0.21212121212121213,0.04040404040404041,-0.12121212121212122,0.0
3,0.0,0.0,-0.20853080568720378,-0.2938388625592417,-0.33175355450236965,-0.5829383886255924,-0.38388625592417064,-0.8104265402843602,-0.35545023696682465,-1.0,-0.08056872037914692,-0.6729857819905213,-0.43601895734597157,-0.5260663507109005,-0.43601895734597157,-0.4218009478672986,-0.3412322274881517,-0.44075829383886256,0.02843601895734597,-0.5023696682464455,-0.3744075829383886,-0.3222748815165877,-0.33649289099526064,-0.2796208530805687,-0.24170616113744076,-0.3127962085308057,0.0947867298578199,-0.3080568720379147,-0.2938388625592417,-0.15639810426540285,-0.2559241706161137,-0.12322274881516587,-0.16113744075829384,-0.15165876777251186,0.12322274881516587,-0.11374407582938388,-0.18009478672985782,-0.004739336492890996,-0.17061611374407584,-0.004739336492890996,-0.0947867298578199,-0.03317535545023697
3,0.0,0.0,-0.19196428571428573,-0.29017857142857145,-0.3080357142857143,-0.5803571428571429,-0.3392857142857143,-0.8080357142857143,-0.3169642857142857,-1.0,-0.04017857142857143,-0.6696428571428571,-0.39732142857142855,-0.5446428571428571,-0.39732142857142855,-0.4330357142857143,-0.3080357142857143,-0.4375,0.06696428571428571,-0.5133928571428571,-0.3392857142857143,-0.34375,-0.29910714285714285,-0.29017857142857145,-0.20089285714285715,-0.3169642857142857,0.12946428571428573,-0.32589285714285715,-0.25892857142857145,-0.18303571428571427,-0.22321428571428573,-0.14285714285714285,-0.12946428571428573,-0.16517857142857142,0.14732142857142858,-0.13392857142857142,-0.15625,-0.026785714285714284,-0.13392857142857142,-0.017857142857142856,-0.049107142857142856,-0.03571428571428571
3,0.0,0.0,-0.2009132420091324,-0.3013698630136986,-0.3150684931506849,-0.589041095890411,-0.3515981735159817,-0.8082191780821918,-0.3424657534246575,-1.0,-0.0319634703196347,-0.6712328767123288,-0.410958904109589,-0.5159817351598174,-0.4063926940639269,-0.4383561643835616,-0.3013698630136986,-0.4657534246575342,0.0776255707762557,-0.502283105022831,-0.3698630136986301,-0.3105022831050228,-0.3242009132420091,-0.2922374429223744,-0.2191780821917808,-0.3424657534246575,0.136986301369863,-0.3013698630136986,-0.2922374429223744,-0.1461187214611872,-0.2420091324200913,-0.1324200913242009,-0.136986301369863,-0.1643835616438356,0.1506849315068493,-0.0958904109589041,-0.1780821917808219,0.0228310502283105,-0.1506849315068493,0.0182648401826484,-0.0639269406392694,-0.0136986301369863
3,0.0,0.0,-0.21875,-0.2552083333333333,-0.375,-0.5520833333333334,-0.484375,-0.7760416666666666,-0.5572916666666666,-1.0,0.005208333333333333,-0.609375,-0.4583333333333333,-0.40625,-0.4270833333333333,-0.3333333333333333,-0.2760416666666667,-0.3645833333333333,0.15625,-0.4114583333333333,-0.359375,-0.16666666666666666,-0.2864583333333333,-0.18229166666666666,-0.125,-0.2604166666666667,0.22916666666666666,-0.171875,-0.25,0.046875,-0.19270833333333334,0.005208333333333333,-0.057291666666666664,-0.06770833333333333,0.25,0.057291666666666664,-0.11979166666666667,0.21875,-0.09895833333333333,0.16145833333333334,0.005208333333333333,0.08854166666666667
3,0.0,0.0,-0.2376237623762376,-0.2623762376237624,-0.3910891089108911,-0.5594059405940595,-0.5,-0.7772277227722773,-0.5643564356435643,-1.0,0.024752475247524754,-0.6237623762376238,-0.3811881188118812,-0.4306930693069307,-0.3811881188118812,-0.3465346534653465,-0.2524752475247525,-0.36633663366336633,0.1782178217821782,-0.42574257425742573,-0.28217821782178215,-0.19801980198019803,-0.2623762376237624,-0.19306930693069307,-0.12376237623762376,-0.25742574257425743,0.2524752475247525,-0.19306930693069307,-0.1782178217821782,0.0049504950495049506,-0.18316831683168316,-0.009900990099009901,-0.0594059405940594,-0.07425742574257425,0.27722772277227725,0.024752475247524754,-0.06930693069306931,0.18811881188118812,-0.09900990099009901,0.15841584158415842,-0.019801980198019802,0.09900990099009901
3,0.0,0.0,-0.22330097087378642,-0.25728155339805825,-0.3640776699029126,-0.5533980582524272,-0.46116504854368934,-0.7766990291262136,-0.5194174757281553,-1.0,0.05339805825242718,-0.6359223300970874,-0.33980582524271846,-0.4368932038834951,-0.33980582524271846,-0.3592233009708738,-0.21359223300970873,-0.3883495145631068,0.2087378640776699,-0.44660194174757284,-0.24757281553398058,-0.20388349514563106,-0.22330097087378642,-0.2087378640776699,-0.0825242718446602,-0.2912621359223301,0.28640776699029125,-0.22330097087378642,-0.1553398058252427,0.0,-0.13592233009708737,-0.024271844660194174,-0.009708737864077669,-0.09223300970873786,0.3058252427184466,-0.009708737864077669,-0.043689320388349516,0.16019417475728157,-0.05339805825242718,0.13106796116504854,0.043689320388349516,0.05825242718446602
3,0.0,0.0,-0.23786407766990292,-0.2621359223300971,-0.38349514563106796,-0.558252427184466,-0.48058252427184467,-0.7766990291262136,-0.5339805825242718,-1.0,0.05339805825242718,-0.6213592233009708,-0.3592233009708738,-0.41262135922330095,-0.3640776699029126,-0.33980582524271846,-0.24271844660194175,-0.36893203883495146,0.20388349514563106,-0.42718446601941745,-0.2621359223300971,-0.17475728155339806,-0.24757281553398058,-0.18446601941747573,-0.11165048543689321,-0.2524271844660194,0.2766990291262136,-0.19902912621359223,-0.1553398058252427,0.024271844660194174,-0.16019417475728157,-0.0048543689320388345,-0.038834951456310676,-0.06796116504854369,0.2961165048543689,0.019417475728155338,-0.03398058252427184,0.19902912621359223,-0.07766990291262135,0.16990291262135923,-0.009708737864077669,0.11165048543689321
3,0.0,0.0,-0.27586206896551724,-0.25287356321839083,-0.4827586206896552,-0.5287356321839081,-0.632183908045977,-0.7413793103448276,-0.735632183908046,-1.0,0.040229885057471264,-0.6379310344827587,-0.3275862068965517,-0.3103448275862069,-0.367816091954023,-0.3045977011494253,-0.25862068965517243,-0.39655172413793105,0.27011494252873564,-0.39080459770114945,-0.21839080459770116,-0.034482758620689655,-0.27011494252873564,-0.10344827586206896,-0.1724137931034483,-0.2471264367816092,0.3850574712643678,-0.12643678160919541,-0.09770114942528736,0.16091954022988506,-0.14367816091954022,0.10344827586206896,-0.04597701149425287,-0.011494252873563218,0.42528735632183906,0.10344827586206896,0.034482758620689655,0.3390804597701149,-0.022988505747126436,0.28160919540229884,0.028735632183908046,0.1781609195402299
3,0.0,0.0,-0.31097560975609756,-0.3048780487804878,-0.5670731707317073,-0.5609756097560976,-0.7560975609756098,-0.7560975609756098,-0.9085365853658537,-1.0,-0.036585365853658534,-0.6097560975609756,-0.2804878048780488,-0.4024390243902439,-0.18292682926829268,-0.47560975609756095,0.0,-0.5548780487804879,0.23780487804878048,-0.3353658536585366,-0.18902439024390244,-0.06707317073170732,-0.08536585365853659,-0.18292682926829268,0.08536585365853659,-0.3048780487804878,0.38414634146341464,-0.054878048780487805,-0.07926829268292683,0.18292682926829268,-0.03048780487804878,0.08536585365853659,0.10975609756097561,-0.036585365853658534,0.43902439024390244,0.18292682926829268,0.024390243902439025,0.38414634146341464,0.024390243902439025,0.31097560975609756,0.11585365853658537,0.1951219512195122
3,0.0,0.0,-0.27380952380952384,-0.27380952380952384,-0.48214285714285715,-0.5535714285714286,-0.6488095238095238,-0.7738095238095238,-0.7857142857142857,-1.0,0.14285714285714285,-0.7023809523809523,-0.25,-0.36904761904761907,-0.35119047619047616,-0.3333333333333333,-0.24404761904761904,-0.4226190476190476,0.40476190476190477,-0.42857142857142855,-0.1488095238095238,-0.06547619047619048,-0.2857142857142857,-0.10119047619047619,-0.19047619047619047,-0.25595238095238093,0.5238095238095238,-0.13690476190476192,-0.03571428571428571,0.1488095238095238,-0.16666666666666666,0.10714285714285714,-0.07142857142857142,0.0,0.5476190476190477,0.10714285714285714,0.07738095238095238,0.3273809523809524,-0.05952380952380952,0.2976190476190476,-0.03571428571428571,0.21428571428571427
3,0.0,0.0,-0.25862068965517243,-0.27011494252873564,-0.46551724137931033,-0.5517241379310345,-0.603448275862069,-0.7758620689655172,-0.7183908045977011,-1.0,0.14942528735632185,-0.6954022988505747,-0.20114942528735633,-0.41954022988505746,-0.27011494252873564,-0.3850574712643678,-0.14942528735632185,-0.45977011494252873,0.41954022988505746,-0.41954022988505746,-0.12643678160919541,-0.08620689655172414,-0.27011494252873564,-0.12643678160919541,-0.19540229885057472,-0.25287356321839083,0.5402298850574713,-0.12643678160919541,-0.017241379310344827,0.13218390804597702,-0.15517241379310345,0.08620689655172414,-0.09195402298850575,-0.017241379310344827,0.5574712643678161,0.11494252873563218,0.10919540229885058,0.3218390804597701,-0.022988505747126436,0.28160919540229884,-0.011494252873563218,0.1896551724137931
3,0.0,0.0,-0.31875,-0.28125,-0.6,-0.55625,-0.78125,-0.7625,-0.8875,-1.0,-0.06875,-0.575,-0.28125,-0.40625,-0.14375,-0.5,0.075,-0.5875,0.275,-0.30625,-0.21875,0.0,-0.08125,-0.14375,0.125,-0.275,0.45,-0.01875,-0.1,0.25625,-0.025,0.13125,0.13125,0.01875,0.53125,0.21875,0.04375,0.4375,0.04375,0.35625,0.14375,0.25
3,0.0,0.0,-0.25443786982248523,-0.22485207100591717,-0.3905325443786982,-0.5502958579881657,-0.4911242603550296,-0.8224852071005917,-0.5857988165680473,-1.0,0.1952662721893491,-0.6035502958579881,0.005917159763313609,-0.5088757396449705,-0.005917159763313609,-0.4911242603550296,0.08284023668639054,-0.5266272189349113,0.46745562130177515,-0.3254437869822485,0.16568047337278108,-0.11834319526627218,0.029585798816568046,-0.14792899408284024,-0.005917159763313609,-0.23076923076923078,0.5739644970414202,-0.03550295857988166,0.2485207100591716,0.1834319526627219,0.08875739644970414,0.14792899408284024,0.0,0.05917159763313609,0.6094674556213018,0.21301775147928995,0.3905325443786982,0.41420118343195267,0.21301775147928995,0.40828402366863903,0.10650887573964497,0.3254437869822485
3,0.0,0.0,-0.1951219512195122,-0.31097560975609756,-0.4024390243902439,-0.5975609756097561,-0.5670731707317073,-0.8109756097560976,-0.7134146341463414,-1.0,-0.5670731707317073,-0.3353658536585366,-0.35365853658536583,-0.40853658536585363,-0.04878048780487805,-0.5426829268292683,0.17073170731707318,-0.6463414634146342,-0.43902439024390244,0.0,-0.1524390243902439,-0.10975609756097561,0.1951219512195122,-0.3048780487804878,0.38414634146341464,-0.4268292682926829,-0.25609756097560976,0.2682926829268293,0.012195121951219513,0.18292682926829268,0.3048780487804878,-0.042682926829268296,0.49390243902439024,-0.2073170731707317,-0.036585365853658534,0.4329268292682927,0.18292682926829268,0.3902439024390244,0.3597560975609756,0.21341463414634146,0.4634146341463415,0.07317073170731707
3,0.0,0.0,-0.19369369369369369,-0.35135135135135137,-0.2972972972972973,-0.6216216216216216,-0.32882882882882886,-0.8063063063063063,-0.3153153153153153,-1.0,-0.2072072072072072,-0.4594594594594595,-0.1981981981981982,-0.4594594594594595,-0.06756756756756757,-0.509009009009009,0.06756756756756757,-0.5630630630630631,-0.1036036036036036,-0.22522522522522523,-0.1036036036036036,-0.22522522522522523,0.06756756756756757,-0.35135135135135137,0.21621621621621623,-0.45045045045045046,-0.009009009009009009,-0.02702702702702703,-0.0045045045045045045,-0.04504504504504504,0.15765765765765766,-0.18468468468468469,0.2972972972972973,-0.2882882882882883,0.08558558558558559,0.12162162162162163,0.13063063063063063,0.09009009009009009,0.25225225225225223,-0.018018018018018018,0.36486486486486486,-0.0990990990990991
3,0.0,0.0,-0.19806763285024154,-0.27053140096618356,-0.3188405797101449,-0.5603864734299517,-0.37681159420289856,-0.7777777777777778,-0.3719806763285024,-1.0,0.09178743961352658,-0.5652173913043478,-0.3671497584541063,-0.37681159420289856,-0.37681159420289856,-0.3285024154589372,-0.2560386473429952,-0.36231884057971014,0.23671497584541062,-0.33816425120772947,-0.3140096618357488,-0.1111111111111111,-0.2753623188405797,-0.14492753623188406,-0.12560386473429952,-0.22705314009661837,0.2995169082125604,-0.10628019323671498,-0.2222222222222222,0.08695652173913043,-0.2028985507246377,0.033816425120772944,-0.07729468599033816,-0.04830917874396135,0.2898550724637681,0.1111111111111111,-0.11594202898550725,0.2608695652173913,-0.12077294685990338,0.2028985507246377,-0.024154589371980676,0.12560386473429952
3,0.0,0.0,-0.2236842105263158,-0.2719298245614035,-0.3157894736842105,-0.5614035087719298,-0.3508771929824561,-0.7807017543859649,-0.35964912280701755,-1.0,0.08771929824561403,-0.5394736842105263,-0.3508771929824561,-0.41228070175438597,-0.35964912280701755,-0.37280701754385964,-0.2412280701754386,-0.3991228070175439,0.20175438596491227,-0.32894736842105265,-0.3026315789473684,-0.17543859649122806,-0.25877192982456143,-0.21052631578947367,-0.11842105263157894,-0.2631578947368421,0.24561403508771928,-0.11403508771929824,-0.22807017543859648,0.008771929824561403,-0.19298245614035087,-0.03070175438596491,-0.07017543859649122,-0.07894736842105263,0.2412280701754386,0.08771929824561403,-0.11842105263157894,0.18421052631578946,-0.10087719298245613,0.13596491228070176,0.0043859649122807015,0.07456140350877193
3,0.0,0.0,-0.18636363636363637,-0.2590909090909091,-0.2636363636363636,-0.5545454545454546,-0.29545454545454547,-0.7727272727272727,-0.2909090909090909,-1.0,0.13636363636363635,-0.5409090909090909,-0.2590909090909091,-0.38636363636363635,-0.2681818181818182,-0.33636363636363636,-0.15,-0.36363636363636365,0.2727272727272727,-0.33636363636363636,-0.20909090909090908,-0.1409090909090909,-0.17272727272727273,-0.15454545454545454,-0.022727272727272728,-0.21818181818181817,0.33636363636363636,-0.11363636363636363,-0.12727272727272726,0.045454545454545456,-0.1,0.01818181818181818,0.02727272727272727,-0.03636363636363636,0.3409090909090909,0.09090909090909091,-0.02727272727272727,0.21363636363636362,-0.01818181818181818,0.17727272727272728,0.08636363636363636,0.11818181818181818
3,0.0,0.0,-0.17488789237668162,-0.24663677130044842,-0.25112107623318386,-0.5426008968609866,-0.27802690582959644,-0.7668161434977578,-0.2600896860986547,-1.0,0.13901345291479822,-0.5515695067264574,-0.24663677130044842,-0.4080717488789238,-0.25112107623318386,-0.3452914798206278,-0.12556053811659193,-0.3721973094170404,0.28699551569506726,-0.3452914798206278,-0.19282511210762332,-0.15246636771300448,-0.14349775784753363,-0.16143497757847533,0.008968609865470852,-0.23318385650224216,0.3452914798206278,-0.11659192825112108,-0.09417040358744394,0.04035874439461883,-0.05829596412556054,0.017937219730941704,0.08520179372197309,-0.053811659192825115,0.34977578475336324,0.08968609865470852,0.013452914798206279,0.21973094170403587,0.03139013452914798,0.17488789237668162,0.14349775784753363,0.10762331838565023
3,0.0,0.0,-0.19111111111111112,-0.2311111111111111,-0.26666666666666666,-0.5333333333333333,-0.28444444444444444,-0.7644444444444445,-0.27111111111111114,-1.0,0.09333333333333334,-0.5288888888888889,-0.25333333333333335,-0.4311111111111111,-0.2311111111111111,-0.4,-0.11555555555555555,-0.4177777777777778,0.2577777777777778,-0.3333333333333333,-0.23555555555555555,-0.14666666666666667,-0.13777777777777778,-0.17333333333333334,0.008888888888888889,-0.2222222222222222,0.32,-0.11555555555555555,-0.14222222222222222,0.05333333333333334,-0.07111111111111111,0.017777777777777778,0.07555555555555556,-0.04,0.3288888888888889,0.08888888888888889,-0.03111111111111111,0.21777777777777776,0.013333333333333334,0.18222222222222223,0.13333333333333333,0.1288888888888889
3,0.0,0.0,-0.10699588477366255,-0.2674897119341564,-0.12345679012345678,-0.5637860082304527,-0.12345679012345678,-0.7901234567901234,-0.07818930041152264,-1.0,0.23045267489711935,-0.45267489711934156,-0.15637860082304528,-0.37037037037037035,-0.13991769547325103,-0.35390946502057613,-0.024691358024691357,-0.3662551440329218,0.31275720164609055,-0.23045267489711935,-0.17695473251028807,-0.12757201646090535,-0.0823045267489712,-0.1646090534979424,0.06584362139917696,-0.19753086419753085,0.31275720164609055,-0.01646090534979424,-0.13991769547325103,0.04938271604938271,-0.05761316872427984,0.01646090534979424,0.07818930041152264,-0.0205761316872428,0.26337448559670784,0.17695473251028807,-0.06584362139917696,0.2345679012345679,-0.012345679012345678,0.18930041152263374,0.09876543209876543,0.1440329218106996
3,0.0,0.0,-0.09401709401709402,-0.2777777777777778,-0.09829059829059829,-0.5555555555555556,-0.0811965811965812,-0.7777777777777778,-0.008547008547008548,-1.0,0.19658119658119658,-0.44017094017094016,-0.19230769230769232,-0.32905982905982906,-0.1794871794871795,-0.3247863247863248,-0.05982905982905983,-0.34615384615384615,0.28205128205128205,-0.20512820512820512,-0.20512820512820512,-0.06837606837606838,-0.1282051282051282,-0.11538461538461539,0.0,-0.15384615384615385,0.29914529914529914,0.017094017094017096,-0.17094017094017094,0.1111111111111111,-0.11538461538461539,0.05982905982905983,0.01282051282051282,0.01282051282051282,0.2692307692307692,0.2094017094017094,-0.0811965811965812,0.26495726495726496,-0.06837606837606838,0.20512820512820512,0.01282051282051282,0.14957264957264957
3,0.0,0.0,-0.11618257261410789,-0.2572614107883817,-0.14937759336099585,-0.5394190871369294,-0.14522821576763487,-0.7717842323651453,-0.07053941908713693,-1.0,0.14107883817427386,-0.42738589211618255,-0.24066390041493776,-0.34024896265560167,-0.1991701244813278,-0.3236514522821577,-0.07468879668049792,-0.3360995850622407,0.24066390041493776,-0.2074688796680498,-0.2572614107883817,-0.0912863070539419,-0.16182572614107885,-0.13692946058091288,-0.024896265560165973,-0.16182572614107885,0.2697095435684647,0.004149377593360996,-0.2074688796680498,0.08298755186721991,-0.13278008298755187,0.03319502074688797,0.0,-0.004149377593360996,0.24481327800829875,0.1908713692946058,-0.12448132780082988,0.24066390041493776,-0.08298755186721991,0.1950207468879668,0.024896265560165973,0.15767634854771784
3,0.0,0.0,-0.09787234042553192,-0.26382978723404255,-0.11063829787234042,-0.5531914893617021,-0.09787234042553192,-0.7787234042553192,-0.0425531914893617,-1.0,0.19148936170212766,-0.4127659574468085,-0.1702127659574468,-0.3276595744680851,-0.15319148936170213,-0.3276595744680851,-0.05106382978723404,-0.3404255319148936,0.2978723404255319,-0.1829787234042553,-0.20425531914893616,-0.06382978723404255,-0.12340425531914893,-0.13191489361702127,0.0,-0.1702127659574468,0.31063829787234043,0.03829787234042553,-0.16595744680851063,0.1148936170212766,-0.09787234042553192,0.05531914893617021,0.029787234042553193,0.01276595744680851,0.2723404255319149,0.225531914893617,-0.08085106382978724,0.28085106382978725,-0.0425531914893617,0.225531914893617,0.05531914893617021,0.17872340425531916
3,0.0,0.0,-0.08085106382978724,-0.2680851063829787,-0.0851063829787234,-0.5617021276595745,-0.059574468085106386,-0.7829787234042553,0.00425531914893617,-1.0,0.2553191489361702,-0.425531914893617,-0.10212765957446808,-0.3191489361702128,-0.13191489361702127,-0.32340425531914896,-0.05531914893617021,-0.35319148936170214,0.34893617021276596,-0.19574468085106383,-0.11914893617021277,-0.07234042553191489,-0.10638297872340426,-0.13617021276595745,-0.03404255319148936,-0.18723404255319148,0.3617021276595745,0.01702127659574468,-0.0851063829787234,0.10638297872340426,-0.09361702127659574,0.05531914893617021,-0.00851063829787234,0.00851063829787234,0.33191489361702126,0.2,-0.01276595744680851,0.25957446808510637,-0.059574468085106386,0.2170212765957447,-0.029787234042553193,0.1702127659574468
3,0.0,0.0,-0.08898305084745763,-0.2669491525423729,-0.1059322033898305,-0.5635593220338984,-0.08898305084745763,-0.7838983050847458,-0.01694915254237288,-1.0,0.2457627118644068,-0.4194915254237288,-0.13135593220338984,-0.3177966101694915,-0.15677966101694915,-0.3305084745762712,-0.07627118644067797,-0.3601694915254237,0.3389830508474576,-0.17796610169491525,-0.1440677966101695,-0.0635593220338983,-0.13135593220338984,-0.13559322033898305,-0.05508474576271186,-0.1906779661016949,0.3432203389830508,0.0423728813559322,-0.1059322033898305,0.11440677966101695,-0.1059322033898305,0.05084745762711865,-0.01694915254237288,0.0,0.3050847457627119,0.2288135593220339,-0.025423728813559324,0.288135593220339,-0.05508474576271186,0.2245762711864407,-0.00847457627118644,0.17372881355932204
3,0.0,0.0,-0.08641975308641975,-0.2674897119341564,-0.08641975308641975,-0.5637860082304527,-0.06172839506172839,-0.7818930041152263,-0.00411522633744856,-1.0,0.26337448559670784,-0.43209876543209874,-0.10699588477366255,-0.30864197530864196,-0.1440329218106996,-0.3292181069958848,-0.07407407407407407,-0.37037037037037035,0.35390946502057613,-0.20164609053497942,-0.11522633744855967,-0.07407407407407407,-0.1111111111111111,-0.1440329218106996,-0.0411522633744856,-0.19753086419753085,0.3662551440329218,0.01646090534979424,-0.07818930041152264,0.09465020576131687,-0.0823045267489712,0.03292181069958848,0.00823045267489712,-0.0205761316872428,0.3292181069958848,0.19753086419753085,0.0,0.25925925925925924,-0.03292181069958848,0.19753086419753085,0.00823045267489712,0.13991769547325103
3,0.0,0.0,-0.08906882591093117,-0.27125506072874495,-0.09716599190283401,-0.5587044534412956,-0.07692307692307693,-0.7813765182186235,-0.024291497975708502,-1.0,0.23076923076923078,-0.43724696356275305,-0.13360323886639677,-0.32793522267206476,-0.13765182186234817,-0.32793522267206476,-0.05263157894736842,-0.3481781376518219,0.32388663967611336,-0.2145748987854251,-0.13360323886639677,-0.10121457489878542,-0.09716599190283401,-0.14979757085020243,-0.012145748987854251,-0.1902834008097166,0.340080971659919,-0.004048582995951417,-0.09716599190283401,0.08097165991902834,-0.08097165991902834,0.04048582995951417,0.016194331983805668,0.008097165991902834,0.3076923076923077,0.17813765182186234,-0.020242914979757085,0.242914979757085,-0.032388663967611336,0.21052631578947367,0.024291497975708502,0.17813765182186234
3,0.0,0.0,-0.11934156378600823,-0.2674897119341564,-0.18930041152263374,-0.5432098765432098,-0.20164609053497942,-0.7654320987654321,-0.1728395061728395,-1.0,0.04526748971193416,-0.4444444444444444,-0.3950617283950617,-0.34156378600823045,-0.3292181069958848,-0.32098765432098764,-0.18106995884773663,-0.3374485596707819,0.12345679012345678,-0.2345679012345679,-0.3786008230452675,-0.1111111111111111,-0.2551440329218107,-0.13991769547325103,-0.08641975308641975,-0.16872427983539096,0.15637860082304528,-0.02880658436213992,-0.3168724279835391,0.06172839506172839,-0.205761316872428,0.0205761316872428,-0.053497942386831275,-0.012345679012345678,0.1440329218106996,0.16872427983539096,-0.20164609053497942,0.2139917695473251,-0.14814814814814814,0.15637860082304528,-0.0411522633744856,0.11934156378600823
3,0.0,0.0,-0.1638655462184874,-0.25630252100840334,-0.3739495798319328,-0.5504201680672269,-0.44537815126050423,-0.7899159663865546,-0.42857142857142855,-1.0,-0.20168067226890757,-0.5168067226890757,-0.6722689075630253,-0.39915966386554624,-0.5798319327731093,-0.38235294117647056,-0.4369747899159664,-0.4117647058823529,-0.13445378151260504,-0.28991596638655465,-0.6512605042016807,-0.1638655462184874,-0.5546218487394958,-0.17647058823529413,-0.40336134453781514,-0.20168067226890757,-0.13025210084033614,-0.06302521008403361,-0.6050420168067226,0.02100840336134454,-0.5210084033613446,0.0,-0.3739495798319328,-0.02100840336134454,-0.17647058823529413,0.15126050420168066,-0.5504201680672269,0.16806722689075632,-0.5126050420168067,0.13865546218487396,-0.3949579831932773,0.12605042016806722
3,0.0,0.0,-0.16666666666666666,-0.27631578947368424,-0.37719298245614036,-0.5614035087719298,-0.4517543859649123,-0.7894736842105263,-0.42543859649122806,-1.0,-0.35526315789473684,-0.4956140350877193,-0.7850877192982456,-0.3991228070175439,-0.6973684210526315,-0.34649122807017546,-0.5657894736842105,-0.35964912280701755,-0.31140350877192985,-0.2807017543859649,-0.7763157894736842,-0.17543859649122806,-0.6578947368421053,-0.17105263157894737,-0.5087719298245614,-0.19736842105263158,-0.2850877192982456,-0.07456140350877193,-0.706140350877193,-0.0043859649122807015,-0.5921052631578947,-0.008771929824561403,-0.4517543859649123,-0.039473684210526314,-0.2675438596491228,0.11403508771929824,-0.6052631578947368,0.14035087719298245,-0.5131578947368421,0.12280701754385964,-0.38596491228070173,0.10087719298245613
3,0.0,0.0,-0.14084507042253522,-0.29107981220657275,-0.3568075117370892,-0.5821596244131455,-0.4694835680751174,-0.8075117370892019,-0.45539906103286387,-1.0,-0.460093896713615,-0.5023474178403756,-0.863849765258216,-0.4272300469483568,-0.7605633802816901,-0.38028169014084506,-0.6197183098591549,-0.39906103286384975,-0.45539906103286387,-0.2863849765258216,-0.8591549295774648,-0.2112676056338028,-0.7276995305164319,-0.18309859154929578,-0.5868544600938967,-0.20187793427230047,-0.4460093896713615,-0.07981220657276995,-0.8169014084507042,-0.023474178403755867,-0.6854460093896714,-0.009389671361502348,-0.539906103286385,-0.028169014084507043,-0.431924882629108,0.12206572769953052,-0.7089201877934272,0.14553990610328638,-0.6009389671361502,0.13615023474178403,-0.4835680751173709,0.11737089201877934
3,0.0,0.0,-0.13744075829383887,-0.2890995260663507,-0.3459715639810427,-0.5639810426540285,-0.4597156398104265,-0.7962085308056872,-0.43601895734597157,-1.0,-0.4786729857819905,-0.4928909952606635,-0.8815165876777251,-0.41706161137440756,-0.7772511848341233,-0.3791469194312796,-0.6303317535545023,-0.3933649289099526,-0.4834123222748815,-0.2796208530805687,-0.8767772511848341,-0.2132701421800948,-0.7535545023696683,-0.1895734597156398,-0.6161137440758294,-0.2037914691943128,-0.4786729857819905,-0.06635071090047394,-0.8293838862559242,-0.023696682464454975,-0.7061611374407583,-0.014218009478672985,-0.5734597156398105,-0.02843601895734597,-0.46445497630331756,0.14218009478672985,-0.7440758293838863,0.14691943127962084,-0.6398104265402843,0.14218009478672985,-0.5260663507109005,0.13270142180094788
3,0.0,0.0,-0.1497584541062802,-0.2946859903381642,-0.36231884057971014,-0.5700483091787439,-0.4830917874396135,-0.7971014492753623,-0.4396135265700483,-1.0,-0.5169082125603864,-0.48792270531400966,-0.9082125603864735,-0.40096618357487923,-0.8019323671497585,-0.36231884057971014,-0.6618357487922706,-0.37681159420289856,-0.5265700483091788,-0.27053140096618356,-0.8985507246376812,-0.19806763285024154,-0.782608695652174,-0.16908212560386474,-0.6521739130434783,-0.18840579710144928,-0.5217391304347826,-0.057971014492753624,-0.8502415458937198,-0.00966183574879227,-0.7342995169082126,0.0,-0.6038647342995169,-0.00966183574879227,-0.5072463768115942,0.15458937198067632,-0.7584541062801933,0.15942028985507245,-0.6570048309178744,0.15458937198067632,-0.5458937198067633,0.14492753623188406
3,0.0,0.0,-0.1553398058252427,-0.30097087378640774,-0.36893203883495146,-0.5776699029126213,-0.49029126213592233,-0.8058252427184466,-0.46601941747572817,-1.0,-0.5194174757281553,-0.5048543689320388,-0.9223300970873787,-0.4174757281553398,-0.8106796116504854,-0.3737864077669903,-0.6699029126213593,-0.3932038834951456,-0.5194174757281553,-0.2912621359223301,-0.9077669902912622,-0.20388349514563106,-0.7864077669902912,-0.1796116504854369,-0.6504854368932039,-0.19902912621359223,-0.5097087378640777,-0.07281553398058252,-0.8592233009708737,-0.014563106796116505,-0.7330097087378641,-0.0048543689320388345,-0.5970873786407767,-0.024271844660194174,-0.49029126213592233,0.1407766990291262,-0.7572815533980582,0.1553398058252427,-0.6504854368932039,0.14563106796116504,-0.5388349514563107,0.13592233009708737
3,0.0,0.0,-0.16097560975609757,-0.3024390243902439,-0.3804878048780488,-0.5707317073170731,-0.4975609756097561,-0.7951219512195122,-0.4585365853658537,-1.0,-0.5365853658536586,-0.4975609756097561,-0.926829268292683,-0.40487804878048783,-0.8097560975609757,-0.36585365853658536,-0.6682926829268293,-0.3902439024390244,-0.5414634146341464,-0.2731707317073171,-0.9170731707317074,-0.2,-0.7853658536585366,-0.17560975609756097,-0.6536585365853659,-0.1951219512195122,-0.5317073170731708,-0.05853658536585366,-0.8682926829268293,-0.00975609756097561,-0.7414634146341463,0.0,-0.6048780487804878,-0.01951219512195122,-0.5073170731707317,0.15609756097560976,-0.775609756097561,0.16097560975609757,-0.6682926829268293,0.15121951219512195,-0.5560975609756098,0.13658536585365855
3,0.0,0.0,-0.14215686274509803,-0.3088235294117647,-0.3480392156862745,-0.5931372549019608,-0.45098039215686275,-0.8186274509803921,-0.4215686274509804,-1.0,-0.5196078431372549,-0.5196078431372549,-0.9019607843137255,-0.4362745098039216,-0.7990196078431373,-0.38235294117647056,-0.6617647058823529,-0.39705882352941174,-0.5343137254901961,-0.30392156862745096,-0.9019607843137255,-0.23039215686274508,-0.7892156862745098,-0.18627450980392157,-0.6617647058823529,-0.20098039215686275,-0.5441176470588235,-0.08333333333333333,-0.8627450980392157,-0.03431372549019608,-0.75,-0.014705882352941176,-0.6225490196078431,-0.024509803921568627,-0.5441176470588235,0.1323529411764706,-0.7843137254901961,0.14215686274509803,-0.6862745098039216,0.14705882352941177,-0.5833333333333334,0.14215686274509803
3,0.0,0.0,-0.1497584541062802,-0.3140096618357488,-0.357487922705314,-0.5845410628019324,-0.45410628019323673,-0.8115942028985508,-0.4251207729468599,-1.0,-0.5362318840579711,-0.5120772946859904,-0.9033816425120773,-0.4251207729468599,-0.7922705314009661,-0.38164251207729466,-0.6570048309178744,-0.3961352657004831,-0.5507246376811594,-0.2946859903381642,-0.8985507246376812,-0.23671497584541062,-0.7874396135265701,-0.19806763285024154,-0.6618357487922706,-0.20772946859903382,-0.5555555555555556,-0.07246376811594203,-0.8647342995169082,-0.04830917874396135,-0.7536231884057971,-0.028985507246376812,-0.6280193236714976,-0.033816425120772944,-0.5458937198067633,0.14009661835748793,-0.782608695652174,0.13526570048309178,-0.6859903381642513,0.13526570048309178,-0.5845410628019324,0.13043478260869565
3,0.0,0.0,-0.14146341463414633,-0.3073170731707317,-0.35121951219512193,-0.5804878048780487,-0.4634146341463415,-0.8097560975609757,-0.44390243902439025,-1.0,-0.5317073170731708,-0.5170731707317073,-0.9073170731707317,-0.43902439024390244,-0.8,-0.3853658536585366,-0.6536585365853659,-0.3951219512195122,-0.5463414634146342,-0.2975609756097561,-0.9073170731707317,-0.23902439024390243,-0.7902439024390244,-0.2,-0.6585365853658537,-0.2097560975609756,-0.551219512195122,-0.07804878048780488,-0.8682926829268293,-0.04878048780487805,-0.751219512195122,-0.02926829268292683,-0.6195121951219512,-0.03414634146341464,-0.5414634146341464,0.13658536585365855,-0.7853658536585366,0.13170731707317074,-0.6829268292682927,0.13658536585365855,-0.5756097560975609,0.12682926829268293
3,0.0,0.0,-0.14492753623188406,-0.30917874396135264,-0.357487922705314,-0.5797101449275363,-0.46859903381642515,-0.8067632850241546,-0.4492753623188406,-1.0,-0.5410628019323671,-0.5169082125603864,-0.9178743961352657,-0.4251207729468599,-0.8067632850241546,-0.37681159420289856,-0.6618357487922706,-0.3961352657004831,-0.5507246376811594,-0.2946859903381642,-0.9178743961352657,-0.2318840579710145,-0.8019323671497585,-0.19806763285024154,-0.6714975845410628,-0.21256038647342995,-0.5507246376811594,-0.07729468599033816,-0.8695652173913043,-0.03864734299516908,-0.7536231884057971,-0.028985507246376812,-0.6231884057971014,-0.03864734299516908,-0.5410628019323671,0.14009661835748793,-0.7874396135265701,0.14009661835748793,-0.6859903381642513,0.13526570048309178,-0.5797101449275363,0.13043478260869565
3,0.0,0.0,-0.14218009478672985,-0.3033175355450237,-0.35545023696682465,-0.5687203791469194,-0.46919431279620855,-0.8009478672985783,-0.4549763033175355,-1.0,-0.5213270142180095,-0.5165876777251185,-0.8957345971563981,-0.41706161137440756,-0.7867298578199052,-0.3696682464454976,-0.6540284360189573,-0.3886255924170616,-0.5260663507109005,-0.2985781990521327,-0.8909952606635071,-0.22274881516587677,-0.7772511848341233,-0.1895734597156398,-0.6492890995260664,-0.2037914691943128,-0.5213270142180095,-0.08056872037914692,-0.8530805687203792,-0.02843601895734597,-0.7345971563981043,-0.014218009478672985,-0.6018957345971564,-0.02843601895734597,-0.5071090047393365,0.13270142180094788,-0.7582938388625592,0.14691943127962084,-0.6540284360189573,0.14218009478672985,-0.5450236966824644,0.13270142180094788
3,0.0,0.0,-0.14150943396226415,-0.29245283018867924,-0.3632075471698113,-0.5754716981132075,-0.4716981132075472,-0.8066037735849056,-0.4481132075471698,-1.0,-0.4528301886792453,-0.5094339622641509,-0.8679245283018868,-0.41509433962264153,-0.7594339622641509,-0.37264150943396224,-0.6179245283018868,-0.39622641509433965,-0.4386792452830189,-0.2830188679245283,-0.8679245283018868,-0.19811320754716982,-0.7405660377358491,-0.1792452830188679,-0.5943396226415094,-0.19811320754716982,-0.42924528301886794,-0.06132075471698113,-0.8207547169811321,0.0047169811320754715,-0.6886792452830188,0.0047169811320754715,-0.5424528301886793,-0.018867924528301886,-0.41037735849056606,0.1509433962264151,-0.7216981132075472,0.17452830188679244,-0.6132075471698113,0.16037735849056603,-0.49056603773584906,0.14150943396226415
3,0.0,0.0,-0.17333333333333334,-0.26222222222222225,-0.3466666666666667,-0.5511111111111111,-0.39555555555555555,-0.7777777777777778,-0.35555555555555557,-1.0,-0.21777777777777776,-0.5155555555555555,-0.6666666666666666,-0.44,-0.6755555555555556,-0.35555555555555557,-0.5911111111111111,-0.3288888888888889,-0.14666666666666667,-0.3111111111111111,-0.6488888888888888,-0.2088888888888889,-0.5866666666666667,-0.18222222222222223,-0.4444444444444444,-0.18666666666666668,-0.11555555555555555,-0.09777777777777778,-0.5777777777777777,-0.013333333333333334,-0.48,-0.008888888888888889,-0.3333333333333333,-0.02666666666666667,-0.11555555555555555,0.10666666666666667,-0.48,0.1511111111111111,-0.39555555555555555,0.13333333333333333,-0.27111111111111114,0.11555555555555555
3,0.0,0.0,-0.025,-0.3541666666666667,-0.05416666666666667,-0.6291666666666667,-0.07083333333333333,-0.825,-0.0375,-1.0,-0.20416666666666666,-0.5208333333333334,-0.08333333333333333,-0.5666666666666667,0.0625,-0.5833333333333334,0.19583333333333333,-0.5916666666666667,-0.2,-0.3333333333333333,-0.05,-0.3625,0.1375,-0.4,0.2875,-0.42916666666666664,-0.16666666666666666,-0.14583333333333334,-0.0125,-0.19166666666666668,0.15416666666666667,-0.22916666666666666,0.2833333333333333,-0.25416666666666665,-0.09583333333333334,0.008333333333333333,0.0375,-0.029166666666666667,0.15,-0.06666666666666667,0.23333333333333334,-0.08333333333333333
3,0.0,0.0,-0.06060606060606061,-0.3203463203463203,-0.030303030303030304,-0.6147186147186147,0.047619047619047616,-0.8311688311688312,0.12121212121212122,-1.0,-0.17316017316017315,-0.5367965367965368,0.1645021645021645,-0.645021645021645,0.3463203463203463,-0.6666666666666666,0.45021645021645024,-0.670995670995671,-0.12987012987012986,-0.3203463203463203,0.2857142857142857,-0.4069264069264069,0.4588744588744589,-0.47186147186147187,0.5454545454545454,-0.5281385281385281,-0.05194805194805195,-0.11688311688311688,0.354978354978355,-0.19480519480519481,0.5064935064935064,-0.2597402597402597,0.5757575757575758,-0.3203463203463203,0.03896103896103896,0.05627705627705628,0.3722943722943723,0.025974025974025976,0.5021645021645021,-0.03463203463203463,0.5757575757575758,-0.08225108225108226
3,0.0,0.0,0.03389830508474576,-0.2711864406779661,0.22033898305084745,-0.5796610169491525,0.34576271186440677,-0.8135593220338984,0.41694915254237286,-1.0,0.6677966101694915,-0.5322033898305085,0.6372881355932203,-0.6067796610169491,0.423728813559322,-0.4915254237288136,0.39322033898305087,-0.4406779661016949,0.7593220338983051,-0.3423728813559322,0.6949152542372882,-0.3728813559322034,0.4067796610169492,-0.29491525423728815,0.423728813559322,-0.29152542372881357,0.7593220338983051,-0.12542372881355932,0.7220338983050848,-0.1288135593220339,0.4542372881355932,-0.1152542372881356,0.4542372881355932,-0.12203389830508475,0.7152542372881356,0.0847457627118644,0.7220338983050848,0.07796610169491526,0.5288135593220339,0.04067796610169491,0.5016949152542373,0.013559322033898305
3,0.0,0.0,0.05102040816326531,-0.2891156462585034,0.2585034013605442,-0.6020408163265306,0.4217687074829932,-0.8367346938775511,0.5238095238095238,-1.0,0.6870748299319728,-0.5238095238095238,0.7789115646258503,-0.5782312925170068,0.5204081632653061,-0.47619047619047616,0.43197278911564624,-0.43537414965986393,0.7789115646258503,-0.30612244897959184,0.8027210884353742,-0.30612244897959184,0.46938775510204084,-0.2653061224489796,0.4387755102040816,-0.2891156462585034,0.7857142857142857,-0.0782312925170068,0.8367346938775511,-0.05102040816326531,0.5272108843537415,-0.05782312925170068,0.46938775510204084,-0.08843537414965986,0.7414965986394558,0.1360544217687075,0.826530612244898,0.16326530612244897,0.5986394557823129,0.11904761904761904,0.5170068027210885,0.06802721088435375
3,0.0,0.0,0.026490066225165563,-0.2913907284768212,0.2185430463576159,-0.5993377483443708,0.3841059602649007,-0.8245033112582781,0.5,-1.0,0.7483443708609272,-0.5231788079470199,0.7450331125827815,-0.5761589403973509,0.4867549668874172,-0.4735099337748344,0.39072847682119205,-0.4271523178807947,0.8543046357615894,-0.30132450331125826,0.7781456953642384,-0.31456953642384106,0.4503311258278146,-0.2682119205298013,0.4105960264900662,-0.2814569536423841,0.8609271523178808,-0.06622516556291391,0.804635761589404,-0.06622516556291391,0.4966887417218543,-0.06291390728476821,0.44370860927152317,-0.08278145695364239,0.8145695364238411,0.152317880794702,0.7947019867549668,0.1490066225165563,0.5596026490066225,0.10927152317880795,0.4900662251655629,0.0695364238410596
3,0.0,0.0,0.03986710963455149,-0.2857142857142857,0.23920265780730898,-0.5980066445182725,0.4152823920265781,-0.8205980066445183,0.5249169435215947,-1.0,0.7209302325581395,-0.5348837209302325,0.7973421926910299,-0.5448504983388704,0.5415282392026578,-0.45514950166112955,0.4186046511627907,-0.4219269102990033,0.8106312292358804,-0.3122923588039867,0.8372093023255814,-0.29900332225913623,0.5116279069767442,-0.26245847176079734,0.43853820598006643,-0.28903654485049834,0.8239202657807309,-0.07973421926910298,0.8704318936877077,-0.053156146179401995,0.5548172757475083,-0.06312292358803986,0.46511627906976744,-0.09302325581395349,0.7906976744186046,0.13953488372093023,0.867109634551495,0.15614617940199335,0.6245847176079734,0.11295681063122924,0.5182724252491694,0.059800664451827246
3,0.0,0.0,0.03642384105960265,-0.27483443708609273,0.2185430463576159,-0.5761589403973509,0.39403973509933776,-0.8178807947019867,0.5231788079470199,-1.0,0.7384105960264901,-0.5264900662251656,0.8211920529801324,-0.5298013245033113,0.5529801324503312,-0.4470198675496689,0.44370860927152317,-0.41721854304635764,0.8509933774834437,-0.31125827814569534,0.8509933774834437,-0.271523178807947,0.5066225165562914,-0.24503311258278146,0.4470198675496689,-0.2781456953642384,0.8774834437086093,-0.08278145695364239,0.8774834437086093,-0.026490066225165563,0.5562913907284768,-0.04304635761589404,0.4735099337748344,-0.07947019867549669,0.8543046357615894,0.1357615894039735,0.8973509933774835,0.1490066225165563,0.6556291390728477,0.1291390728476821,0.5463576158940397,0.0728476821192053
3,0.0,0.0,0.06040268456375839,-0.2751677852348993,0.2348993288590604,-0.5738255033557047,0.40939597315436244,-0.8120805369127517,0.5302013422818792,-1.0,0.738255033557047,-0.5067114093959731,0.8557046979865772,-0.5167785234899329,0.5939597315436241,-0.4395973154362416,0.46308724832214765,-0.40604026845637586,0.8322147651006712,-0.29194630872483224,0.8859060402684564,-0.26174496644295303,0.5469798657718121,-0.2348993288590604,0.4664429530201342,-0.2651006711409396,0.8456375838926175,-0.07046979865771812,0.912751677852349,-0.02348993288590604,0.5973154362416108,-0.040268456375838924,0.4899328859060403,-0.0738255033557047,0.8120805369127517,0.13758389261744966,0.9026845637583892,0.17114093959731544,0.6644295302013423,0.12080536912751678,0.5436241610738255,0.06375838926174497
3,0.0,0.0,0.04067796610169491,-0.2745762711864407,0.21694915254237288,-0.5796610169491525,0.3864406779661017,-0.8169491525423729,0.5050847457627119,-1.0,0.7084745762711865,-0.5220338983050847,0.8372881355932204,-0.5288135593220339,0.5796610169491525,-0.4406779661016949,0.4440677966101695,-0.4033898305084746,0.8101694915254237,-0.3016949152542373,0.864406779661017,-0.26440677966101694,0.5322033898305085,-0.2305084745762712,0.44745762711864406,-0.26440677966101694,0.8372881355932204,-0.07457627118644068,0.8983050847457628,-0.020338983050847456,0.5796610169491525,-0.030508474576271188,0.47796610169491527,-0.0711864406779661,0.8169491525423729,0.13898305084745763,0.9016949152542373,0.17627118644067796,0.6610169491525424,0.1423728813559322,0.5423728813559322,0.08135593220338982
3,0.0,0.0,0.0,-0.266025641025641,0.16666666666666666,-0.5801282051282052,0.3333333333333333,-0.8141025641025641,0.44871794871794873,-1.0,0.6185897435897436,-0.5416666666666666,0.7660256410256411,-0.5641025641025641,0.5128205128205128,-0.46153846153846156,0.3942307692307692,-0.42948717948717946,0.7243589743589743,-0.32371794871794873,0.8237179487179487,-0.3173076923076923,0.4967948717948718,-0.25,0.4166666666666667,-0.27884615384615385,0.7692307692307693,-0.09935897435897435,0.8717948717948718,-0.07371794871794872,0.5576923076923077,-0.04807692307692308,0.4583333333333333,-0.08012820512820513,0.7724358974358975,0.11217948717948718,0.8814102564102564,0.11538461538461539,0.6442307692307693,0.11538461538461539,0.5384615384615384,0.08974358974358974
3,0.0,0.0,0.03134796238244514,-0.27899686520376177,0.1974921630094044,-0.5862068965517241,0.3573667711598746,-0.8275862068965517,0.47648902821316613,-1.0,0.6551724137931034,-0.5329153605015674,0.7899686520376176,-0.5579937304075235,0.5360501567398119,-0.4827586206896552,0.43260188087774293,-0.45768025078369906,0.7523510971786834,-0.31974921630094044,0.8275862068965517,-0.3072100313479624,0.49843260188087773,-0.2727272727272727,0.438871473354232,-0.30407523510971785,0.7899686520376176,-0.10344827586206896,0.8526645768025078,-0.06896551724137931,0.5454545454545454,-0.07836990595611286,0.4608150470219436,-0.11285266457680251,0.786833855799373,0.08463949843260188,0.8652037617554859,0.08463949843260188,0.6332288401253918,0.08463949843260188,0.5235109717868338,0.047021943573667714
3,0.0,0.0,0.029508196721311476,-0.2721311475409836,0.19672131147540983,-0.580327868852459,0.34098360655737703,-0.819672131147541,0.4360655737704918,-1.0,0.6852459016393443,-0.5180327868852459,0.8098360655737705,-0.5245901639344263,0.5508196721311476,-0.4426229508196721,0.43278688524590164,-0.42295081967213116,0.7868852459016393,-0.2983606557377049,0.8491803278688524,-0.26885245901639343,0.5147540983606558,-0.23934426229508196,0.4491803278688525,-0.2786885245901639,0.8163934426229508,-0.07213114754098361,0.8918032786885246,-0.02622950819672131,0.5737704918032787,-0.03934426229508197,0.4786885245901639,-0.08196721311475409,0.8032786885245902,0.1377049180327869,0.9016393442622951,0.15081967213114755,0.6655737704918033,0.14098360655737704,0.5540983606557377,0.08852459016393442
3,0.0,0.0,0.04950495049504951,-0.2871287128712871,0.2079207920792079,-0.6006600660066007,0.31683168316831684,-0.8283828382838284,0.3696369636963696,-1.0,0.7128712871287128,-0.5544554455445545,0.768976897689769,-0.5808580858085809,0.5214521452145214,-0.48184818481848185,0.40924092409240925,-0.43234323432343236,0.8052805280528053,-0.33993399339933994,0.8217821782178217,-0.35313531353135313,0.5115511551155115,-0.297029702970297,0.44224422442244227,-0.29042904290429045,0.8217821782178217,-0.11221122112211221,0.8514851485148515,-0.11551155115511551,0.5511551155115512,-0.09900990099009901,0.46534653465346537,-0.10561056105610561,0.7920792079207921,0.10561056105610561,0.8646864686468647,0.09900990099009901,0.6270627062706271,0.066006600660066,0.5214521452145214,0.0297029702970297
3,0.0,0.0,0.0529595015576324,-0.29906542056074764,0.19937694704049844,-0.6012461059190031,0.30218068535825543,-0.8317757009345794,0.3707165109034268,-1.0,0.7009345794392523,-0.557632398753894,0.7507788161993769,-0.6230529595015576,0.5202492211838006,-0.5109034267912772,0.3956386292834891,-0.4392523364485981,0.794392523364486,-0.3644859813084112,0.822429906542056,-0.40186915887850466,0.5171339563862928,-0.3302180685358255,0.42990654205607476,-0.308411214953271,0.8068535825545171,-0.14953271028037382,0.8348909657320872,-0.16199376947040497,0.5514018691588785,-0.14641744548286603,0.46105919003115264,-0.14018691588785046,0.7632398753894081,0.059190031152647975,0.838006230529595,0.040498442367601244,0.6230529595015576,-0.006230529595015576,0.5233644859813084,-0.037383177570093455
3,0.0,0.0,0.046875,-0.284375,0.20625,-0.59375,0.321875,-0.825,0.396875,-1.0,0.7125,-0.571875,0.76875,-0.6125,0.51875,-0.503125,0.396875,-0.446875,0.81875,-0.359375,0.834375,-0.365625,0.515625,-0.303125,0.4375,-0.303125,0.840625,-0.13125,0.8625,-0.11875,0.56875,-0.10625,0.48125,-0.11875,0.80625,0.0875,0.875,0.0875,0.653125,0.05,0.553125,0.00625
3,0.0,0.0,0.04938271604938271,-0.27469135802469136,0.2037037037037037,-0.5802469135802469,0.31790123456790126,-0.8271604938271605,0.4012345679012346,-1.0,0.6944444444444444,-0.5370370370370371,0.8209876543209876,-0.5802469135802469,0.558641975308642,-0.4876543209876543,0.4104938271604938,-0.4382716049382716,0.7839506172839507,-0.32407407407407407,0.8672839506172839,-0.33641975308641975,0.5277777777777778,-0.2808641975308642,0.43209876543209874,-0.28703703703703703,0.8024691358024691,-0.10493827160493827,0.8858024691358025,-0.08950617283950617,0.5771604938271605,-0.08333333333333333,0.4660493827160494,-0.09876543209876543,0.7716049382716049,0.1111111111111111,0.8919753086419753,0.12037037037037036,0.6604938271604939,0.08024691358024691,0.5432098765432098,0.037037037037037035
3,0.0,0.0,0.033426183844011144,-0.2646239554317549,0.2200557103064067,-0.5710306406685237,0.34818941504178275,-0.8133704735376045,0.4178272980501393,-1.0,0.7325905292479109,-0.532033426183844,0.7938718662952646,-0.49025069637883006,0.5376044568245125,-0.415041782729805,0.4818941504178273,-0.45125348189415043,0.8217270194986073,-0.3286908077994429,0.8050139275766016,-0.26740947075208915,0.5069637883008357,-0.22562674094707522,0.4986072423398329,-0.2841225626740947,0.8272980501392758,-0.116991643454039,0.807799442896936,-0.052924791086350974,0.5264623955431755,-0.05013927576601671,0.49303621169916434,-0.11142061281337047,0.8133704735376045,0.07799442896935933,0.8133704735376045,0.11977715877437325,0.5821727019498607,0.0947075208913649,0.5181058495821727,0.03899721448467967
3,0.0,0.0,0.011695906432748537,-0.2631578947368421,0.19005847953216373,-0.5847953216374269,0.3128654970760234,-0.8245614035087719,0.3888888888888889,-1.0,0.7485380116959064,-0.5409356725146199,0.8304093567251462,-0.5526315789473685,0.5555555555555556,-0.4473684210526316,0.45321637426900585,-0.4239766081871345,0.847953216374269,-0.3216374269005848,0.8625730994152047,-0.2777777777777778,0.5350877192982456,-0.22807017543859648,0.4824561403508772,-0.2631578947368421,0.8654970760233918,-0.09941520467836257,0.8771929824561403,-0.04093567251461988,0.5701754385964912,-0.038011695906432746,0.5,-0.07894736842105263,0.8421052631578947,0.1111111111111111,0.8625730994152047,0.15204678362573099,0.6169590643274854,0.11403508771929824,0.5321637426900585,0.05555555555555555
3,0.0,0.0,0.023391812865497075,-0.260233918128655,0.20175438596491227,-0.5818713450292398,0.3157894736842105,-0.8304093567251462,0.391812865497076,-1.0,0.7543859649122807,-0.5292397660818714,0.8157894736842105,-0.5555555555555556,0.5467836257309941,-0.45614035087719296,0.4415204678362573,-0.42105263157894735,0.8596491228070176,-0.3157894736842105,0.8508771929824561,-0.2953216374269006,0.5292397660818714,-0.24561403508771928,0.4766081871345029,-0.2631578947368421,0.8771929824561403,-0.09064327485380116,0.8654970760233918,-0.049707602339181284,0.5672514619883041,-0.04678362573099415,0.5,-0.07017543859649122,0.8538011695906432,0.12280701754385964,0.8654970760233918,0.15497076023391812,0.6345029239766082,0.11695906432748537,0.5526315789473685,0.07017543859649122
3,0.0,0.0,0.01892744479495268,-0.2807570977917981,0.1608832807570978,-0.5962145110410094,0.26813880126182965,-0.8264984227129337,0.33753943217665616,-1.0,0.61198738170347,-0.5646687697160884,0.6876971608832808,-0.6151419558359621,0.45741324921135645,-0.5047318611987381,0.3438485804416404,-0.43217665615141954,0.7066246056782335,-0.3753943217665615,0.7476340694006309,-0.39747634069400634,0.45110410094637227,-0.3217665615141956,0.38170347003154576,-0.29652996845425866,0.7413249211356467,-0.17034700315457413,0.7823343848580442,-0.17665615141955837,0.501577287066246,-0.15141955835962145,0.4227129337539432,-0.138801261829653,0.7318611987381703,0.031545741324921134,0.807570977917981,0.012618296529968454,0.5867507886435331,-0.0031545741324921135,0.4889589905362776,-0.012618296529968454
3,0.0,0.0,0.01644736842105263,-0.2894736842105263,0.16447368421052633,-0.5986842105263158,0.2730263157894737,-0.8256578947368421,0.34868421052631576,-1.0,0.625,-0.5822368421052632,0.6546052631578947,-0.6414473684210527,0.4309210526315789,-0.5164473684210527,0.3125,-0.4342105263157895,0.7302631578947368,-0.3980263157894737,0.7302631578947368,-0.4144736842105263,0.4407894736842105,-0.32894736842105265,0.35526315789473684,-0.3059210526315789,0.75,-0.19078947368421054,0.7532894736842105,-0.1875,0.48026315789473684,-0.15789473684210525,0.39473684210526316,-0.15789473684210525,0.7171052631578947,0.013157894736842105,0.75,0.01644736842105263,0.5460526315789473,-0.003289473684210526,0.46381578947368424,-0.03289473684210526
3,0.0,0.0,-0.010135135135135136,-0.28378378378378377,0.11486486486486487,-0.5945945945945946,0.20945945945945946,-0.8209459459459459,0.2635135135135135,-1.0,0.5236486486486487,-0.6047297297297297,0.5540540540540541,-0.6756756756756757,0.3547297297297297,-0.5371621621621622,0.2939189189189189,-0.46621621621621623,0.6317567567567568,-0.43243243243243246,0.6351351351351351,-0.47635135135135137,0.36824324324324326,-0.36486486486486486,0.34121621621621623,-0.33783783783783783,0.6655405405405406,-0.23648648648648649,0.6790540540540541,-0.25675675675675674,0.42567567567567566,-0.20270270270270271,0.3885135135135135,-0.19256756756756757,0.6554054054054054,-0.04054054054054054,0.6925675675675675,-0.057432432432432436,0.5067567567567568,-0.06756756756756757,0.44932432432432434,-0.08445945945945946
3,0.0,0.0,-0.01694915254237288,-0.28135593220338984,0.10847457627118644,-0.5932203389830508,0.19322033898305085,-0.823728813559322,0.2440677966101695,-1.0,0.5457627118644067,-0.6169491525423729,0.5254237288135594,-0.6508474576271186,0.3254237288135593,-0.5186440677966102,0.2847457627118644,-0.46440677966101696,0.6440677966101694,-0.4406779661016949,0.6,-0.4576271186440678,0.33220338983050846,-0.3559322033898305,0.3288135593220339,-0.3389830508474576,0.6644067796610169,-0.24067796610169492,0.6440677966101694,-0.2440677966101695,0.39322033898305087,-0.19661016949152543,0.37966101694915255,-0.18983050847457628,0.6440677966101694,-0.04406779661016949,0.6542372881355932,-0.0576271186440678,0.46779661016949153,-0.06440677966101695,0.43728813559322033,-0.07796610169491526
3,0.0,0.0,-0.020689655172413793,-0.2827586206896552,0.10689655172413794,-0.5896551724137931,0.19310344827586207,-0.8172413793103448,0.23448275862068965,-1.0,0.5448275862068965,-0.6137931034482759,0.506896551724138,-0.6586206896551724,0.31724137931034485,-0.5206896551724138,0.27586206896551724,-0.4586206896551724,0.6517241379310345,-0.44482758620689655,0.5793103448275863,-0.46551724137931033,0.3275862068965517,-0.3586206896551724,0.32068965517241377,-0.3310344827586207,0.6758620689655173,-0.2413793103448276,0.6241379310344828,-0.2482758620689655,0.38620689655172413,-0.20344827586206896,0.3793103448275862,-0.1896551724137931,0.6517241379310345,-0.04827586206896552,0.6310344827586207,-0.06206896551724138,0.4517241379310345,-0.07241379310344828,0.43103448275862066,-0.07931034482758621
3,0.0,0.0,-0.017361111111111112,-0.2916666666666667,0.1076388888888889,-0.6006944444444444,0.19791666666666666,-0.8263888888888888,0.2638888888888889,-1.0,0.5381944444444444,-0.6145833333333334,0.4861111111111111,-0.6770833333333334,0.3020833333333333,-0.5416666666666666,0.2673611111111111,-0.4756944444444444,0.6458333333333334,-0.4513888888888889,0.5451388888888888,-0.4895833333333333,0.3020833333333333,-0.3854166666666667,0.3090277777777778,-0.3472222222222222,0.6631944444444444,-0.2534722222222222,0.5833333333333334,-0.2743055555555556,0.3472222222222222,-0.22569444444444445,0.3506944444444444,-0.19791666666666666,0.6354166666666666,-0.059027777777777776,0.59375,-0.08680555555555555,0.4166666666666667,-0.09722222222222222,0.3958333333333333,-0.09722222222222222
3,0.0,0.0,-0.0072992700729927005,-0.3029197080291971,0.12408759124087591,-0.6094890510948905,0.21897810218978103,-0.8357664233576643,0.2956204379562044,-1.0,0.5583941605839416,-0.6094890510948905,0.5145985401459854,-0.6897810218978102,0.32116788321167883,-0.5474452554744526,0.2737226277372263,-0.4708029197080292,0.6678832116788321,-0.4416058394160584,0.5656934306569343,-0.48905109489051096,0.32116788321167883,-0.3795620437956204,0.3248175182481752,-0.34306569343065696,0.6824817518248175,-0.24087591240875914,0.6131386861313869,-0.27007299270072993,0.3759124087591241,-0.22627737226277372,0.3722627737226277,-0.19708029197080293,0.6532846715328468,-0.04744525547445255,0.6167883211678832,-0.07664233576642336,0.4416058394160584,-0.0948905109489051,0.41605839416058393,-0.09124087591240876
3,0.0,0.0,-0.045627376425855515,-0.33079847908745247,0.06463878326996197,-0.6349809885931559,0.1596958174904943,-0.8326996197718631,0.23954372623574144,-1.0,0.5095057034220533,-0.5855513307984791,0.3688212927756654,-0.6730038022813688,0.20152091254752852,-0.5437262357414449,0.18250950570342206,-0.45627376425855515,0.6121673003802282,-0.42585551330798477,0.41064638783269963,-0.4866920152091255,0.20912547528517111,-0.3840304182509506,0.23574144486692014,-0.3231939163498099,0.6197718631178707,-0.22813688212927757,0.43346007604562736,-0.27756653992395436,0.24334600760456274,-0.23193916349809887,0.2813688212927757,-0.19771863117870722,0.5817490494296578,-0.04182509505703422,0.44106463878326996,-0.08365019011406843,0.2965779467680608,-0.10266159695817491,0.3155893536121673,-0.09505703422053231
3,0.0,0.0,-0.04296875,-0.3203125,0.0703125,-0.625,0.16015625,-0.83203125,0.234375,-1.0,0.5078125,-0.5859375,0.36328125,-0.66796875,0.203125,-0.53515625,0.19921875,-0.4609375,0.61328125,-0.4296875,0.40625,-0.4921875,0.21484375,-0.375,0.25390625,-0.3203125,0.62890625,-0.2421875,0.43359375,-0.29296875,0.25,-0.234375,0.296875,-0.203125,0.59765625,-0.0625,0.4453125,-0.10546875,0.3125,-0.11328125,0.33984375,-0.109375
3,0.0,0.0,-0.05555555555555555,-0.32142857142857145,0.047619047619047616,-0.623015873015873,0.1349206349206349,-0.8293650793650794,0.20238095238095238,-1.0,0.4880952380952381,-0.5873015873015873,0.3373015873015873,-0.6706349206349206,0.18253968253968253,-0.5436507936507936,0.16666666666666666,-0.4603174603174603,0.5912698412698413,-0.43253968253968256,0.3888888888888889,-0.49206349206349204,0.1984126984126984,-0.38095238095238093,0.23015873015873015,-0.3253968253968254,0.6071428571428571,-0.24603174603174602,0.4126984126984127,-0.2857142857142857,0.23412698412698413,-0.23412698412698413,0.2698412698412698,-0.20634920634920634,0.5753968253968254,-0.06746031746031746,0.42063492063492064,-0.09523809523809523,0.2857142857142857,-0.10317460317460317,0.30952380952380953,-0.0992063492063492
3,0.0,0.0,-0.05416666666666667,-0.32083333333333336,0.058333333333333334,-0.6291666666666667,0.15416666666666667,-0.8333333333333334,0.23333333333333334,-1.0,0.5041666666666667,-0.5875,0.3333333333333333,-0.6666666666666666,0.17916666666666667,-0.5416666666666666,0.175,-0.4666666666666667,0.6,-0.43333333333333335,0.375,-0.4875,0.1875,-0.37916666666666665,0.22083333333333333,-0.32916666666666666,0.6125,-0.24166666666666667,0.3958333333333333,-0.2875,0.225,-0.23333333333333334,0.26666666666666666,-0.20416666666666666,0.5791666666666667,-0.05416666666666667,0.4166666666666667,-0.09583333333333334,0.2833333333333333,-0.1,0.3,-0.09166666666666666
3,0.0,0.0,-0.03225806451612903,-0.3317972350230415,0.08755760368663594,-0.6405529953917051,0.17972350230414746,-0.8387096774193549,0.2626728110599078,-1.0,0.543778801843318,-0.5714285714285714,0.3225806451612903,-0.6405529953917051,0.14746543778801843,-0.5391705069124424,0.1336405529953917,-0.45622119815668205,0.6221198156682027,-0.39631336405529954,0.34101382488479265,-0.4423963133640553,0.15668202764976957,-0.37327188940092165,0.17511520737327188,-0.3225806451612903,0.6129032258064516,-0.19815668202764977,0.35023041474654376,-0.2488479262672811,0.1889400921658986,-0.2119815668202765,0.22119815668202766,-0.18433179723502305,0.5668202764976958,-0.004608294930875576,0.3640552995391705,-0.04608294930875576,0.23963133640552994,-0.05069124423963134,0.2488479262672811,-0.03686635944700461
3,0.0,0.0,-0.014778325123152709,-0.3448275862068966,0.10837438423645321,-0.6502463054187192,0.19704433497536947,-0.8423645320197044,0.26108374384236455,-1.0,0.5517241379310345,-0.5221674876847291,0.2857142857142857,-0.6059113300492611,0.11330049261083744,-0.5073891625615764,0.09852216748768473,-0.4236453201970443,0.6108374384236454,-0.33004926108374383,0.27586206896551724,-0.39901477832512317,0.10837438423645321,-0.33497536945812806,0.12807881773399016,-0.28078817733990147,0.5812807881773399,-0.12315270935960591,0.2660098522167488,-0.1921182266009852,0.1330049261083744,-0.1724137931034483,0.16748768472906403,-0.14285714285714285,0.5123152709359606,0.06896551724137931,0.27586206896551724,0.014778325123152709,0.1625615763546798,-0.009852216748768473,0.16748768472906403,0.0
3,0.0,0.0,-0.057291666666666664,-0.2916666666666667,0.0,-0.5989583333333334,0.052083333333333336,-0.8125,0.125,-1.0,0.3854166666666667,-0.5,0.052083333333333336,-0.546875,-0.06770833333333333,-0.4583333333333333,-0.020833333333333332,-0.3854166666666667,0.453125,-0.2760416666666667,0.03125,-0.3072916666666667,-0.07291666666666667,-0.2604166666666667,-0.010416666666666666,-0.22395833333333334,0.4322916666666667,-0.057291666666666664,0.026041666666666668,-0.09375,-0.052083333333333336,-0.078125,0.020833333333333332,-0.07291666666666667,0.375,0.13020833333333334,0.036458333333333336,0.10416666666666667,-0.036458333333333336,0.09895833333333333,0.015625,0.09375
3,0.0,0.0,-0.03684210526315789,-0.2894736842105263,0.04736842105263158,-0.5947368421052631,0.10526315789473684,-0.8157894736842105,0.14736842105263157,-1.0,0.4,-0.5157894736842106,0.07894736842105263,-0.5473684210526316,-0.04736842105263158,-0.45263157894736844,0.0,-0.4,0.46842105263157896,-0.3105263157894737,0.08421052631578947,-0.32105263157894737,-0.04736842105263158,-0.2736842105263158,0.0,-0.25263157894736843,0.4473684210526316,-0.1,0.07894736842105263,-0.11578947368421053,-0.031578947368421054,-0.10526315789473684,0.02631578947368421,-0.10526315789473684,0.39473684210526316,0.08947368421052632,0.09473684210526316,0.06842105263157895,-0.005263157894736842,0.05263157894736842,0.02631578947368421,0.042105263157894736
3,0.0,0.0,-0.10588235294117647,-0.2823529411764706,-0.13529411764705881,-0.5764705882352941,-0.15294117647058825,-0.7941176470588235,-0.1411764705882353,-1.0,0.21764705882352942,-0.5352941176470588,-0.20588235294117646,-0.5117647058823529,-0.24705882352941178,-0.40588235294117647,-0.13529411764705881,-0.3764705882352941,0.29411764705882354,-0.3352941176470588,-0.19411764705882353,-0.27647058823529413,-0.18823529411764706,-0.2235294117647059,-0.041176470588235294,-0.22941176470588234,0.3,-0.11176470588235295,-0.14705882352941177,-0.058823529411764705,-0.12941176470588237,-0.041176470588235294,0.0,-0.052941176470588235,0.2647058823529412,0.08823529411764706,-0.07058823529411765,0.1411764705882353,-0.07058823529411765,0.12941176470588237,0.03529411764705882,0.11764705882352941
3,0.0,0.0,-0.07100591715976332,-0.2958579881656805,-0.08875739644970414,-0.5976331360946746,-0.10059171597633136,-0.8165680473372781,-0.10650887573964497,-1.0,0.23076923076923078,-0.6331360946745562,-0.17159763313609466,-0.6035502958579881,-0.23668639053254437,-0.4911242603550296,-0.14792899408284024,-0.46153846153846156,0.3076923076923077,-0.4378698224852071,-0.1893491124260355,-0.3609467455621302,-0.1952662721893491,-0.28994082840236685,-0.07100591715976332,-0.2958579881656805,0.3136094674556213,-0.21301775147928995,-0.14792899408284024,-0.1301775147928994,-0.13609467455621302,-0.10059171597633136,-0.029585798816568046,-0.11242603550295859,0.28402366863905326,0.005917159763313609,-0.08284023668639054,0.05917159763313609,-0.07692307692307693,0.05325443786982249,0.029585798816568046,0.04142011834319527
3,0.0,0.0,-0.10674157303370786,-0.29775280898876405,-0.1348314606741573,-0.601123595505618,-0.1404494382022472,-0.8202247191011236,-0.15730337078651685,-1.0,0.17415730337078653,-0.651685393258427,-0.2303370786516854,-0.5842696629213483,-0.24719101123595505,-0.4887640449438202,-0.1348314606741573,-0.48314606741573035,0.24719101123595505,-0.48314606741573035,-0.21910112359550563,-0.3707865168539326,-0.1853932584269663,-0.3258426966292135,-0.056179775280898875,-0.34831460674157305,0.2640449438202247,-0.2696629213483146,-0.1797752808988764,-0.17415730337078653,-0.1348314606741573,-0.15168539325842698,-0.02247191011235955,-0.17415730337078653,0.23595505617977527,-0.06179775280898876,-0.11797752808988764,0.0056179775280898875,-0.07865168539325842,0.0,0.033707865168539325,-0.02247191011235955
3,0.0,0.0,-0.09770114942528736,-0.29310344827586204,-0.11494252873563218,-0.5919540229885057,-0.11494252873563218,-0.8103448275862069,-0.13793103448275862,-1.0,0.21264367816091953,-0.6149425287356322,-0.20689655172413793,-0.5689655172413793,-0.22413793103448276,-0.47701149425287354,-0.10919540229885058,-0.46551724137931033,0.27586206896551724,-0.43103448275862066,-0.20114942528735633,-0.3563218390804598,-0.1724137931034483,-0.2988505747126437,-0.05172413793103448,-0.2988505747126437,0.28160919540229884,-0.21264367816091953,-0.1724137931034483,-0.14367816091954022,-0.12643678160919541,-0.1206896551724138,-0.017241379310344827,-0.13218390804597702,0.2413793103448276,0.0,-0.10919540229885058,0.040229885057471264,-0.07471264367816093,0.040229885057471264,0.040229885057471264,0.022988505747126436
3,0.0,0.0,-0.10526315789473684,-0.2982456140350877,-0.14619883040935672,-0.5964912280701754,-0.16374269005847952,-0.8128654970760234,-0.1871345029239766,-1.0,0.18128654970760233,-0.5964912280701754,-0.23976608187134502,-0.5614035087719298,-0.2807017543859649,-0.47953216374269003,-0.17543859649122806,-0.4678362573099415,0.24561403508771928,-0.4093567251461988,-0.23976608187134502,-0.32748538011695905,-0.2222222222222222,-0.2807017543859649,-0.09941520467836257,-0.29239766081871343,0.25146198830409355,-0.19883040935672514,-0.21052631578947367,-0.1111111111111111,-0.17543859649122806,-0.09941520467836257,-0.06432748538011696,-0.1111111111111111,0.21052631578947367,0.005847953216374269,-0.14035087719298245,0.05847953216374269,-0.10526315789473684,0.04678362573099415,0.0,0.04093567251461988
3,0.0,0.0,-0.10240963855421686,-0.2891566265060241,-0.15060240963855423,-0.572289156626506,-0.1686746987951807,-0.7891566265060241,-0.1746987951807229,-1.0,0.14457831325301204,-0.572289156626506,-0.30120481927710846,-0.5,-0.2891566265060241,-0.4397590361445783,-0.1566265060240964,-0.4397590361445783,0.21084337349397592,-0.3795180722891566,-0.28313253012048195,-0.25903614457831325,-0.21084337349397592,-0.25301204819277107,-0.07228915662650602,-0.28313253012048195,0.2289156626506024,-0.1566265060240964,-0.23493975903614459,-0.04216867469879518,-0.1566265060240964,-0.07228915662650602,-0.018072289156626505,-0.1144578313253012,0.19879518072289157,0.06626506024096386,-0.16265060240963855,0.13855421686746988,-0.10843373493975904,0.10240963855421686,0.018072289156626505,0.05421686746987952
3,0.0,0.0,-0.10465116279069768,-0.313953488372093,-0.1569767441860465,-0.5988372093023255,-0.1744186046511628,-0.8081395348837209,-0.1686046511627907,-1.0,0.12209302325581395,-0.5872093023255814,-0.29069767441860467,-0.5232558139534884,-0.28488372093023256,-0.4476744186046512,-0.16279069767441862,-0.45348837209302323,0.18023255813953487,-0.38953488372093026,-0.28488372093023256,-0.29069767441860467,-0.22674418604651161,-0.26744186046511625,-0.0872093023255814,-0.29651162790697677,0.19767441860465115,-0.1744186046511628,-0.23837209302325582,-0.0872093023255814,-0.18604651162790697,-0.09302325581395349,-0.05813953488372093,-0.13372093023255813,0.1744186046511628,0.03488372093023256,-0.1569767441860465,0.09302325581395349,-0.12790697674418605,0.05813953488372093,-0.023255813953488372,0.01744186046511628
3,0.0,0.0,-0.2,-0.31666666666666665,-0.3388888888888889,-0.6,-0.4222222222222222,-0.8166666666666667,-0.4722222222222222,-1.0,-0.20555555555555555,-0.6611111111111111,-0.6111111111111112,-0.5555555555555556,-0.55,-0.45,-0.4166666666666667,-0.4666666666666667,-0.1388888888888889,-0.4722222222222222,-0.5833333333333334,-0.35,-0.4777777777777778,-0.3111111111111111,-0.34444444444444444,-0.3333333333333333,-0.09444444444444444,-0.26666666666666666,-0.5111111111111111,-0.16111111111111112,-0.4166666666666667,-0.1388888888888889,-0.2833333333333333,-0.17222222222222222,-0.07222222222222222,-0.06666666666666667,-0.4166666666666667,0.011111111111111112,-0.34444444444444444,0.011111111111111112,-0.21666666666666667,-0.016666666666666666
3,0.0,0.0,-0.18823529411764706,-0.28823529411764703,-0.3941176470588235,-0.5823529411764706,-0.5117647058823529,-0.8,-0.5764705882352941,-1.0,-0.3588235294117647,-0.6529411764705882,-0.7823529411764706,-0.5117647058823529,-0.6705882352941176,-0.4176470588235294,-0.5352941176470588,-0.4411764705882353,-0.28823529411764703,-0.45294117647058824,-0.7411764705882353,-0.3,-0.6235294117647059,-0.24705882352941178,-0.4823529411764706,-0.27647058823529413,-0.23529411764705882,-0.23529411764705882,-0.6588235294117647,-0.10588235294117647,-0.5411764705882353,-0.07058823529411765,-0.4,-0.11176470588235295,-0.20588235294117646,-0.01764705882352941,-0.5588235294117647,0.07058823529411765,-0.4647058823529412,0.07647058823529412,-0.3176470588235294,0.03529411764705882
3,0.0,0.0,-0.1696969696969697,-0.2787878787878788,-0.38181818181818183,-0.5696969696969697,-0.5212121212121212,-0.793939393939394,-0.6,-1.0,-0.3939393939393939,-0.6303030303030303,-0.8303030303030303,-0.503030303030303,-0.7272727272727273,-0.40606060606060607,-0.5818181818181818,-0.41818181818181815,-0.3333333333333333,-0.42424242424242425,-0.8,-0.2787878787878788,-0.6727272727272727,-0.23030303030303031,-0.5212121212121212,-0.2545454545454545,-0.28484848484848485,-0.2,-0.7151515151515152,-0.07878787878787878,-0.593939393939394,-0.048484848484848485,-0.44242424242424244,-0.07878787878787878,-0.24848484848484848,0.01818181818181818,-0.6121212121212121,0.10303030303030303,-0.509090909090909,0.10303030303030303,-0.36363636363636365,0.06060606060606061
3,0.0,0.0,-0.15337423312883436,-0.27607361963190186,-0.3619631901840491,-0.5766871165644172,-0.48466257668711654,-0.803680981595092,-0.558282208588957,-1.0,-0.38650306748466257,-0.6134969325153374,-0.8343558282208589,-0.48466257668711654,-0.7300613496932515,-0.3987730061349693,-0.5766871165644172,-0.4110429447852761,-0.3312883435582822,-0.4049079754601227,-0.7975460122699386,-0.25766871165644173,-0.6625766871165644,-0.2147239263803681,-0.50920245398773,-0.24539877300613497,-0.27607361963190186,-0.17791411042944785,-0.7177914110429447,-0.06134969325153374,-0.5766871165644172,-0.03067484662576687,-0.4233128834355828,-0.06748466257668712,-0.2392638036809816,0.04294478527607362,-0.5950920245398773,0.12269938650306748,-0.48466257668711654,0.12269938650306748,-0.3374233128834356,0.07975460122699386
3,0.0,0.0,-0.15584415584415584,-0.2987012987012987,-0.38311688311688313,-0.6103896103896104,-0.5194805194805194,-0.8376623376623377,-0.577922077922078,-1.0,-0.44155844155844154,-0.6103896103896104,-0.9285714285714286,-0.474025974025974,-0.8181818181818182,-0.3961038961038961,-0.6493506493506493,-0.4155844155844156,-0.38961038961038963,-0.37012987012987014,-0.8961038961038961,-0.21428571428571427,-0.7597402597402597,-0.18181818181818182,-0.5974025974025974,-0.22077922077922077,-0.34415584415584416,-0.11688311688311688,-0.8181818181818182,0.0,-0.6753246753246753,0.012987012987012988,-0.512987012987013,-0.025974025974025976,-0.3181818181818182,0.12337662337662338,-0.6948051948051948,0.18831168831168832,-0.5714285714285714,0.18181818181818182,-0.42207792207792205,0.14935064935064934
3,0.0,0.0,-0.15950920245398773,-0.3006134969325153,-0.38650306748466257,-0.5950920245398773,-0.5398773006134969,-0.8098159509202454,-0.6196319018404908,-1.0,-0.48466257668711654,-0.558282208588957,-0.9325153374233128,-0.4233128834355828,-0.803680981595092,-0.3619631901840491,-0.6441717791411042,-0.38650306748466257,-0.43558282208588955,-0.32515337423312884,-0.901840490797546,-0.17177914110429449,-0.7607361963190185,-0.15337423312883436,-0.6073619631901841,-0.1901840490797546,-0.39263803680981596,-0.07975460122699386,-0.8282208588957055,0.03680981595092025,-0.6871165644171779,0.03680981595092025,-0.5337423312883436,0.0,-0.3496932515337423,0.15337423312883436,-0.7055214723926381,0.22085889570552147,-0.588957055214724,0.20245398773006135,-0.44785276073619634,0.1656441717791411
3,0.0,0.0,-0.16167664670658682,-0.2934131736526946,-0.38922155688622756,-0.5868263473053892,-0.5329341317365269,-0.8083832335329342,-0.6107784431137725,-1.0,-0.47305389221556887,-0.562874251497006,-0.9161676646706587,-0.41916167664670656,-0.8083832335329342,-0.3592814371257485,-0.6526946107784432,-0.3772455089820359,-0.4311377245508982,-0.32934131736526945,-0.8982035928143712,-0.17365269461077845,-0.7664670658682635,-0.1497005988023952,-0.6107784431137725,-0.18562874251497005,-0.39520958083832336,-0.08982035928143713,-0.8263473053892215,0.029940119760479042,-0.688622754491018,0.029940119760479042,-0.5329341317365269,-0.005988023952095809,-0.3592814371257485,0.1437125748502994,-0.7125748502994012,0.20359281437125748,-0.5988023952095808,0.19161676646706588,-0.46107784431137727,0.15568862275449102
3,0.0,0.0,-0.11695906432748537,-0.29239766081871343,-0.30409356725146197,-0.6081871345029239,-0.4327485380116959,-0.8421052631578947,-0.52046783625731,-1.0,-0.45614035087719296,-0.5614035087719298,-0.8771929824561403,-0.4444444444444444,-0.7602339181286549,-0.3742690058479532,-0.6081871345029239,-0.38596491228070173,-0.43859649122807015,-0.32748538011695905,-0.8713450292397661,-0.21637426900584794,-0.7309941520467836,-0.17543859649122806,-0.5789473684210527,-0.19883040935672514,-0.4269005847953216,-0.09941520467836257,-0.8187134502923976,-0.011695906432748537,-0.6842105263157895,0.005847953216374269,-0.5321637426900585,-0.017543859649122806,-0.4093567251461988,0.1286549707602339,-0.7192982456140351,0.15789473684210525,-0.6081871345029239,0.16374269005847952,-0.47953216374269003,0.14035087719298245
3,0.0,0.0,-0.13095238095238096,-0.30357142857142855,-0.32142857142857145,-0.6130952380952381,-0.4583333333333333,-0.8452380952380952,-0.5535714285714286,-1.0,-0.5059523809523809,-0.5476190476190477,-0.9107142857142857,-0.4523809523809524,-0.8095238095238095,-0.38095238095238093,-0.6666666666666666,-0.3869047619047619,-0.5,-0.32142857142857145,-0.9107142857142857,-0.23214285714285715,-0.7916666666666666,-0.17857142857142858,-0.6488095238095238,-0.20238095238095238,-0.4880952380952381,-0.10119047619047619,-0.8571428571428571,-0.023809523809523808,-0.7321428571428571,0.0,-0.5833333333333334,-0.023809523809523808,-0.47023809523809523,0.11904761904761904,-0.7619047619047619,0.15476190476190477,-0.6488095238095238,0.15476190476190477,-0.5238095238095238,0.13095238095238096
3,0.0,0.0,-0.13664596273291926,-0.3105590062111801,-0.33540372670807456,-0.6211180124223602,-0.4720496894409938,-0.8509316770186336,-0.5652173913043478,-1.0,-0.5217391304347826,-0.5590062111801242,-0.937888198757764,-0.4472049689440994,-0.8322981366459627,-0.38509316770186336,-0.6770186335403726,-0.39751552795031053,-0.515527950310559,-0.32298136645962733,-0.937888198757764,-0.22981366459627328,-0.8074534161490683,-0.18633540372670807,-0.6583850931677019,-0.2111801242236025,-0.5031055900621118,-0.08695652173913043,-0.8819875776397516,-0.018633540372670808,-0.7515527950310559,0.0,-0.6024844720496895,-0.024844720496894408,-0.484472049689441,0.14285714285714285,-0.7888198757763976,0.16770186335403728,-0.6708074534161491,0.16770186335403728,-0.5341614906832298,0.14906832298136646
3,0.0,0.0,-0.12422360248447205,-0.3105590062111801,-0.3167701863354037,-0.6086956521739131,-0.45962732919254656,-0.8322981366459627,-0.5590062111801242,-1.0,-0.5341614906832298,-0.5652173913043478,-0.9254658385093167,-0.4472049689440994,-0.8198757763975155,-0.38509316770186336,-0.6708074534161491,-0.39751552795031053,-0.5341614906832298,-0.32919254658385094,-0.9316770186335404,-0.2236024844720497,-0.8012422360248447,-0.18012422360248448,-0.6583850931677019,-0.19875776397515527,-0.5279503105590062,-0.09316770186335403,-0.8819875776397516,-0.012422360248447204,-0.7577639751552795,0.006211180124223602,-0.6086956521739131,-0.012422360248447204,-0.515527950310559,0.14285714285714285,-0.8012422360248447,0.17391304347826086,-0.6894409937888198,0.18012422360248448,-0.5590062111801242,0.16770186335403728
3,0.0,0.0,-0.13496932515337423,-0.32515337423312884,-0.3128834355828221,-0.6319018404907976,-0.4662576687116564,-0.8404907975460123,-0.5705521472392638,-1.0,-0.5398773006134969,-0.5644171779141104,-0.9141104294478528,-0.44171779141104295,-0.8098159509202454,-0.39263803680981596,-0.6748466257668712,-0.4049079754601227,-0.5398773006134969,-0.3312883435582822,-0.9202453987730062,-0.22699386503067484,-0.803680981595092,-0.1901840490797546,-0.6625766871165644,-0.2147239263803681,-0.5276073619631901,-0.10429447852760736,-0.8711656441717791,-0.024539877300613498,-0.754601226993865,-0.006134969325153374,-0.6134969325153374,-0.03067484662576687,-0.5030674846625767,0.12269938650306748,-0.7975460122699386,0.15950920245398773,-0.6871165644171779,0.15950920245398773,-0.5644171779141104,0.1411042944785276
3,0.0,0.0,-0.12269938650306748,-0.32515337423312884,-0.2883435582822086,-0.6257668711656442,-0.44171779141104295,-0.8343558282208589,-0.5337423312883436,-1.0,-0.5398773006134969,-0.5644171779141104,-0.9202453987730062,-0.4662576687116564,-0.8220858895705522,-0.39263803680981596,-0.6809815950920245,-0.4049079754601227,-0.558282208588957,-0.3496932515337423,-0.9386503067484663,-0.2392638036809816,-0.8098159509202454,-0.1901840490797546,-0.6687116564417178,-0.2085889570552147,-0.558282208588957,-0.12269938650306748,-0.8957055214723927,-0.03680981595092025,-0.7730061349693251,-0.006134969325153374,-0.6319018404907976,-0.03067484662576687,-0.5460122699386503,0.10429447852760736,-0.8098159509202454,0.15950920245398773,-0.6993865030674846,0.17177914110429449,-0.5828220858895705,0.1411042944785276
3,0.0,0.0,-0.11377245508982035,-0.31736526946107785,-0.2874251497005988,-0.6047904191616766,-0.437125748502994,-0.8263473053892215,-0.5508982035928144,-1.0,-0.5808383233532934,-0.5808383233532934,-0.9580838323353293,-0.49700598802395207,-0.9041916167664671,-0.38323353293413176,-0.7904191616766467,-0.3592814371257485,-0.6107784431137725,-0.3772455089820359,-0.9880239520958084,-0.25149700598802394,-0.9341317365269461,-0.16167664670658682,-0.8323353293413174,-0.16167664670658682,-0.6167664670658682,-0.1437125748502994,-0.9520958083832335,-0.04790419161676647,-0.9101796407185628,0.017964071856287425,-0.8143712574850299,0.017964071856287425,-0.6107784431137725,0.08383233532934131,-0.8802395209580839,0.16167664670658682,-0.8862275449101796,0.19760479041916168,-0.8562874251497006,0.18562874251497005
3,0.0,0.0,-0.13580246913580246,-0.3333333333333333,-0.3148148148148148,-0.6296296296296297,-0.4876543209876543,-0.8395061728395061,-0.6049382716049383,-1.0,-0.654320987654321,-0.5370370370370371,-0.9876543209876543,-0.3950617283950617,-0.9074074074074074,-0.3148148148148148,-0.7716049382716049,-0.3148148148148148,-0.6728395061728395,-0.30864197530864196,-0.9876543209876543,-0.18518518518518517,-0.9012345679012346,-0.11728395061728394,-0.7654320987654321,-0.12962962962962962,-0.6666666666666666,-0.06790123456790123,-0.9382716049382716,0.018518518518518517,-0.8518518518518519,0.06790123456790123,-0.7222222222222222,0.05555555555555555,-0.6419753086419753,0.16666666666666666,-0.8703703703703703,0.21604938271604937,-0.7716049382716049,0.24074074074074073,-0.6481481481481481,0.2222222222222222
3,0.0,0.0,-0.12738853503184713,-0.3375796178343949,-0.29936305732484075,-0.6305732484076433,-0.47770700636942676,-0.8343949044585988,-0.5923566878980892,-0.9872611464968153,-0.6815286624203821,-0.5477707006369427,-1.0,-0.3885350318471338,-0.9235668789808917,-0.28662420382165604,-0.8089171974522293,-0.267515923566879,-0.7070063694267515,-0.31210191082802546,-0.9936305732484076,-0.16560509554140126,-0.9171974522292994,-0.07643312101910828,-0.802547770700637,-0.07006369426751592,-0.6942675159235668,-0.06369426751592357,-0.9554140127388535,0.050955414012738856,-0.8789808917197452,0.12101910828025478,-0.7579617834394905,0.12101910828025478,-0.6560509554140127,0.17197452229299362,-0.8726114649681529,0.25477707006369427,-0.7961783439490446,0.2929936305732484,-0.6878980891719745,0.27388535031847133
3,0.0,0.0,-0.14814814814814814,-0.30246913580246915,-0.345679012345679,-0.5740740740740741,-0.5370370370370371,-0.7716049382716049,-0.6481481481481481,-0.9259259259259259,-0.691358024691358,-0.5246913580246914,-1.0,-0.3271604938271605,-0.9012345679012346,-0.22839506172839505,-0.7777777777777778,-0.24074074074074073,-0.6975308641975309,-0.32098765432098764,-0.9691358024691358,-0.12345679012345678,-0.8641975308641975,-0.04938271604938271,-0.7469135802469136,-0.08024691358024691,-0.6728395061728395,-0.10493827160493827,-0.9135802469135802,0.06172839506172839,-0.8024691358024691,0.11728395061728394,-0.6790123456790124,0.08641975308641975,-0.6358024691358025,0.1111111111111111,-0.8395061728395061,0.2222222222222222,-0.7345679012345679,0.25925925925925924,-0.6234567901234568,0.2345679012345679
3,0.0,0.0,-0.13924050632911392,-0.310126582278481,-0.3291139240506329,-0.5886075949367089,-0.5189873417721519,-0.7974683544303798,-0.6329113924050633,-0.9556962025316456,-0.6772151898734177,-0.5506329113924051,-1.0,-0.3670886075949367,-0.9113924050632911,-0.25949367088607594,-0.7974683544303798,-0.26582278481012656,-0.689873417721519,-0.35443037974683544,-0.9746835443037974,-0.1518987341772152,-0.8734177215189873,-0.06962025316455696,-0.759493670886076,-0.10126582278481013,-0.6772151898734177,-0.13924050632911392,-0.9240506329113924,0.03164556962025317,-0.8164556962025317,0.0949367088607595,-0.6962025316455697,0.06962025316455696,-0.6455696202531646,0.08227848101265822,-0.8417721518987342,0.20253164556962025,-0.7341772151898734,0.2468354430379747,-0.6265822784810127,0.22151898734177214
3,0.0,0.0,-0.1337579617834395,-0.3057324840764331,-0.3248407643312102,-0.5923566878980892,-0.5095541401273885,-0.802547770700637,-0.6305732484076433,-0.9617834394904459,-0.6878980891719745,-0.5605095541401274,-1.0,-0.37579617834394907,-0.9235668789808917,-0.2611464968152866,-0.8152866242038217,-0.25477707006369427,-0.7006369426751592,-0.35668789808917195,-0.9808917197452229,-0.1592356687898089,-0.8853503184713376,-0.07643312101910828,-0.7770700636942676,-0.10191082802547771,-0.6878980891719745,-0.14012738853503184,-0.9363057324840764,0.025477707006369428,-0.8280254777070064,0.08917197452229299,-0.7133757961783439,0.06369426751592357,-0.6560509554140127,0.08280254777070063,-0.8535031847133758,0.19745222929936307,-0.7515923566878981,0.2356687898089172,-0.643312101910828,0.20382165605095542
3,0.0,0.0,-0.11976047904191617,-0.31137724550898205,-0.2994011976047904,-0.5808383233532934,-0.4431137724550898,-0.7964071856287425,-0.4311377245508982,-1.0,-0.5808383233532934,-0.5089820359281437,-0.8802395209580839,-0.3652694610778443,-0.7724550898203593,-0.31137724550898205,-0.6407185628742516,-0.32934131736526945,-0.5868263473053892,-0.30538922155688625,-0.8682634730538922,-0.17365269461077845,-0.7544910179640718,-0.1317365269461078,-0.6347305389221557,-0.16167664670658682,-0.562874251497006,-0.10179640718562874,-0.8143712574850299,0.0,-0.7005988023952096,0.029940119760479042,-0.5808383233532934,0.005988023952095809,-0.5269461077844312,0.10778443113772455,-0.7365269461077845,0.16167664670658682,-0.6287425149700598,0.17365269461077845,-0.5209580838323353,0.1437125748502994
3,0.0,0.0,-0.12195121951219512,-0.3048780487804878,-0.31097560975609756,-0.5792682926829268,-0.47560975609756095,-0.7926829268292683,-0.4634146341463415,-1.0,-0.5792682926829268,-0.5304878048780488,-0.9085365853658537,-0.39634146341463417,-0.7987804878048781,-0.32926829268292684,-0.6707317073170732,-0.34146341463414637,-0.5914634146341463,-0.3231707317073171,-0.8902439024390244,-0.1951219512195122,-0.7804878048780488,-0.14634146341463414,-0.6585365853658537,-0.17682926829268292,-0.5853658536585366,-0.11585365853658537,-0.8475609756097561,-0.018292682926829267,-0.7317073170731707,0.018292682926829267,-0.6097560975609756,-0.006097560975609756,-0.5609756097560976,0.0975609756097561,-0.7682926829268293,0.1524390243902439,-0.6585365853658537,0.16463414634146342,-0.5487804878048781,0.14634146341463414
3,0.0,0.0,-0.1130952380952381,-0.31547619047619047,-0.2976190476190476,-0.5773809523809523,-0.44642857142857145,-0.7857142857142857,-0.44047619047619047,-1.0,-0.5595238095238095,-0.5297619047619048,-0.8809523809523809,-0.4107142857142857,-0.7797619047619048,-0.35714285714285715,-0.6547619047619048,-0.38095238095238093,-0.5773809523809523,-0.32142857142857145,-0.875,-0.21428571428571427,-0.7619047619047619,-0.16666666666666666,-0.6428571428571429,-0.19642857142857142,-0.5773809523809523,-0.10714285714285714,-0.8392857142857143,-0.02976190476190476,-0.7261904761904762,0.005952380952380952,-0.6071428571428571,-0.017857142857142856,-0.5654761904761905,0.10119047619047619,-0.7678571428571429,0.1488095238095238,-0.6607142857142857,0.16666666666666666,-0.5535714285714286,0.14285714285714285
3,0.0,0.0,-0.0213903743315508,-0.32620320855614976,-0.1443850267379679,-0.5935828877005348,-0.2620320855614973,-0.8074866310160428,-0.2192513368983957,-1.0,-0.4385026737967914,-0.5561497326203209,-0.732620320855615,-0.5721925133689839,-0.6417112299465241,-0.5294117647058824,-0.5133689839572193,-0.5187165775401069,-0.5080213903743316,-0.35294117647058826,-0.7593582887700535,-0.3850267379679144,-0.6631016042780749,-0.35294117647058826,-0.5508021390374331,-0.3422459893048128,-0.5508021390374331,-0.15508021390374332,-0.7647058823529411,-0.2192513368983957,-0.6737967914438503,-0.1925133689839572,-0.5721925133689839,-0.17647058823529413,-0.5668449197860963,0.0213903743315508,-0.7272727272727273,-0.053475935828877004,-0.6470588235294118,-0.0374331550802139,-0.5561497326203209,-0.026737967914438502
3,0.0,0.0,-0.026595744680851064,-0.324468085106383,-0.14361702127659576,-0.5904255319148937,-0.26063829787234044,-0.8031914893617021,-0.22340425531914893,-1.0,-0.4521276595744681,-0.5425531914893617,-0.75,-0.5797872340425532,-0.648936170212766,-0.5478723404255319,-0.5212765957446809,-0.5319148936170213,-0.5159574468085106,-0.32978723404255317,-0.776595744680851,-0.3829787234042553,-0.675531914893617,-0.3670212765957447,-0.5638297872340425,-0.34574468085106386,-0.5585106382978723,-0.13297872340425532,-0.776595744680851,-0.2074468085106383,-0.6861702127659575,-0.19148936170212766,-0.5797872340425532,-0.1702127659574468,-0.574468085106383,0.047872340425531915,-0.7553191489361702,-0.03723404255319149,-0.6702127659574468,-0.031914893617021274,-0.5851063829787234,-0.015957446808510637
3,0.0,0.0,-0.036458333333333336,-0.3333333333333333,-0.16145833333333334,-0.5989583333333334,-0.2708333333333333,-0.8072916666666666,-0.234375,-1.0,-0.4583333333333333,-0.5416666666666666,-0.7552083333333334,-0.578125,-0.6458333333333334,-0.546875,-0.515625,-0.5260416666666666,-0.5208333333333334,-0.328125,-0.7864583333333334,-0.3854166666666667,-0.6822916666666666,-0.3645833333333333,-0.5677083333333334,-0.34375,-0.5520833333333334,-0.125,-0.7864583333333334,-0.203125,-0.6927083333333334,-0.19791666666666666,-0.5833333333333334,-0.17708333333333334,-0.5625,0.052083333333333336,-0.7552083333333334,-0.026041666666666668,-0.6666666666666666,-0.026041666666666668,-0.5729166666666666,-0.010416666666666666
3,0.0,0.0,-0.05128205128205128,-0.3282051282051282,-0.18461538461538463,-0.5948717948717949,-0.2923076923076923,-0.8051282051282052,-0.26153846153846155,-1.0,-0.4666666666666667,-0.5333333333333333,-0.764102564102564,-0.558974358974359,-0.6564102564102564,-0.5282051282051282,-0.5282051282051282,-0.517948717948718,-0.517948717948718,-0.31794871794871793,-0.7948717948717948,-0.3641025641025641,-0.6923076923076923,-0.3487179487179487,-0.5743589743589743,-0.3333333333333333,-0.5487179487179488,-0.11794871794871795,-0.7846153846153846,-0.18461538461538463,-0.6923076923076923,-0.17435897435897435,-0.5794871794871795,-0.15897435897435896,-0.5487179487179488,0.05641025641025641,-0.7435897435897436,-0.020512820512820513,-0.6564102564102564,-0.015384615384615385,-0.5641025641025641,0.0
3,0.0,0.0,-0.05181347150259067,-0.33678756476683935,-0.17616580310880828,-0.5958549222797928,-0.3005181347150259,-0.8031088082901554,-0.27461139896373055,-1.0,-0.48704663212435234,-0.5077720207253886,-0.8082901554404145,-0.5492227979274611,-0.6839378238341969,-0.533678756476684,-0.5492227979274611,-0.5233160621761658,-0.5544041450777202,-0.2849740932642487,-0.8290155440414507,-0.35751295336787564,-0.7253886010362695,-0.35233160621761656,-0.6062176165803109,-0.33678756476683935,-0.5854922279792746,-0.07772020725388601,-0.8186528497409327,-0.17098445595854922,-0.7253886010362695,-0.17616580310880828,-0.616580310880829,-0.16062176165803108,-0.5906735751295337,0.09326424870466321,-0.772020725388601,-0.010362694300518135,-0.6839378238341969,-0.015544041450777202,-0.5958549222797928,0.0
3,0.0,0.0,-0.06091370558375635,-0.3350253807106599,-0.19796954314720813,-0.5939086294416244,-0.3147208121827411,-0.8071065989847716,-0.27411167512690354,-1.0,-0.49746192893401014,-0.5126903553299492,-0.8121827411167513,-0.5532994923857868,-0.6954314720812182,-0.5329949238578681,-0.5583756345177665,-0.5177664974619289,-0.5583756345177665,-0.2893401015228426,-0.8324873096446701,-0.3604060913705584,-0.7309644670050761,-0.3553299492385787,-0.6091370558375635,-0.3350253807106599,-0.5939086294416244,-0.09137055837563451,-0.8274111675126904,-0.18274111675126903,-0.7360406091370558,-0.18781725888324874,-0.6243654822335025,-0.16243654822335024,-0.6040609137055838,0.07614213197969544,-0.7868020304568528,-0.02030456852791878,-0.7055837563451777,-0.025380710659898477,-0.6142131979695431,-0.005076142131979695
3,0.0,0.0,-0.07,-0.33,-0.22,-0.6,-0.32,-0.81,-0.285,-1.0,-0.485,-0.52,-0.81,-0.5,-0.7,-0.465,-0.57,-0.465,-0.525,-0.31,-0.82,-0.31,-0.72,-0.28,-0.6,-0.28,-0.545,-0.105,-0.795,-0.135,-0.705,-0.115,-0.59,-0.115,-0.55,0.075,-0.765,0.025,-0.675,0.04,-0.575,0.05
3,0.0,0.0,-0.08955223880597014,-0.30845771144278605,-0.24378109452736318,-0.582089552238806,-0.3333333333333333,-0.8109452736318408,-0.3034825870646766,-1.0,-0.48756218905472637,-0.5174129353233831,-0.8258706467661692,-0.46766169154228854,-0.7313432835820896,-0.4129353233830846,-0.6019900497512438,-0.417910447761194,-0.5124378109452736,-0.31343283582089554,-0.8258706467661692,-0.2736318407960199,-0.7263681592039801,-0.22885572139303484,-0.6019900497512438,-0.23383084577114427,-0.527363184079602,-0.11442786069651742,-0.7860696517412935,-0.09950248756218906,-0.6865671641791045,-0.06965174129353234,-0.572139303482587,-0.07462686567164178,-0.5223880597014925,0.06965174129353234,-0.736318407960199,0.04975124378109453,-0.6467661691542289,0.06965174129353234,-0.5422885572139303,0.07462686567164178
3,0.0,0.0,-0.10101010101010101,-0.30303030303030304,-0.26262626262626265,-0.5707070707070707,-0.35858585858585856,-0.803030303030303,-0.32323232323232326,-1.0,-0.5202020202020202,-0.5303030303030303,-0.8383838383838383,-0.43434343434343436,-0.7373737373737373,-0.3787878787878788,-0.6161616161616161,-0.3939393939393939,-0.5404040404040404,-0.3282828282828283,-0.8333333333333334,-0.24242424242424243,-0.7272727272727273,-0.19696969696969696,-0.6060606060606061,-0.21717171717171718,-0.5404040404040404,-0.12626262626262627,-0.7828282828282829,-0.06565656565656566,-0.6767676767676768,-0.03535353535353535,-0.5606060606060606,-0.050505050505050504,-0.5252525252525253,0.0707070707070707,-0.7272727272727273,0.09090909090909091,-0.6262626262626263,0.1111111111111111,-0.5202020202020202,0.10101010101010101
3,0.0,0.0,-0.09644670050761421,-0.29949238578680204,-0.25888324873096447,-0.5736040609137056,-0.3604060913705584,-0.8071065989847716,-0.3197969543147208,-1.0,-0.5025380710659898,-0.5380710659898477,-0.8324873096446701,-0.4416243654822335,-0.7309644670050761,-0.38071065989847713,-0.6091370558375635,-0.39086294416243655,-0.5228426395939086,-0.3401015228426396,-0.8274111675126904,-0.24873096446700507,-0.7258883248730964,-0.19796954314720813,-0.6040609137055838,-0.2182741116751269,-0.5279187817258884,-0.13705583756345177,-0.7817258883248731,-0.07614213197969544,-0.6802030456852792,-0.03553299492385787,-0.5634517766497462,-0.050761421319796954,-0.5228426395939086,0.06598984771573604,-0.7309644670050761,0.08629441624365482,-0.6345177664974619,0.1065989847715736,-0.5279187817258884,0.10152284263959391
3,0.0,0.0,-0.09278350515463918,-0.30412371134020616,-0.25773195876288657,-0.5773195876288659,-0.3711340206185567,-0.8092783505154639,-0.3247422680412371,-1.0,-0.5103092783505154,-0.5412371134020618,-0.8350515463917526,-0.4381443298969072,-0.7371134020618557,-0.3711340206185567,-0.6185567010309279,-0.3865979381443299,-0.5309278350515464,-0.3402061855670103,-0.8350515463917526,-0.2422680412371134,-0.7319587628865979,-0.1958762886597938,-0.6134020618556701,-0.211340206185567,-0.5360824742268041,-0.13917525773195877,-0.788659793814433,-0.061855670103092786,-0.6855670103092784,-0.02577319587628866,-0.5670103092783505,-0.041237113402061855,-0.5257731958762887,0.061855670103092786,-0.7371134020618557,0.10309278350515463,-0.634020618556701,0.12371134020618557,-0.5257731958762887,0.10824742268041238
3,0.0,0.0,-0.08762886597938144,-0.30412371134020616,-0.25773195876288657,-0.5824742268041238,-0.36597938144329895,-0.8092783505154639,-0.31958762886597936,-1.0,-0.5051546391752577,-0.5463917525773195,-0.8298969072164949,-0.4484536082474227,-0.7268041237113402,-0.38144329896907214,-0.6030927835051546,-0.39690721649484534,-0.5257731958762887,-0.34536082474226804,-0.8350515463917526,-0.24742268041237114,-0.7319587628865979,-0.20103092783505155,-0.6082474226804123,-0.21649484536082475,-0.5360824742268041,-0.13917525773195877,-0.788659793814433,-0.07216494845360824,-0.6855670103092784,-0.030927835051546393,-0.5670103092783505,-0.05154639175257732,-0.5257731958762887,0.061855670103092786,-0.7474226804123711,0.09278350515463918,-0.6494845360824743,0.1134020618556701,-0.5412371134020618,0.10309278350515463
3,0.0,0.0,-0.08465608465608465,-0.30158730158730157,-0.25396825396825395,-0.582010582010582,-0.37037037037037035,-0.8095238095238095,-0.3333333333333333,-1.0,-0.5079365079365079,-0.5555555555555556,-0.8359788359788359,-0.4497354497354497,-0.7407407407407407,-0.37566137566137564,-0.6190476190476191,-0.3862433862433862,-0.5291005291005291,-0.3544973544973545,-0.8412698412698413,-0.25396825396825395,-0.7407407407407407,-0.19576719576719576,-0.6190476190476191,-0.21693121693121692,-0.5396825396825397,-0.15343915343915343,-0.7936507936507936,-0.07407407407407407,-0.6931216931216931,-0.031746031746031744,-0.5767195767195767,-0.05291005291005291,-0.5343915343915344,0.047619047619047616,-0.746031746031746,0.08994708994708994,-0.6402116402116402,0.1164021164021164,-0.5343915343915344,0.10052910052910052
3,0.0,0.0,-0.09497206703910614,-0.3128491620111732,-0.26256983240223464,-0.5865921787709497,-0.3743016759776536,-0.8100558659217877,-0.329608938547486,-1.0,-0.5139664804469274,-0.6033519553072626,-0.8491620111731844,-0.4860335195530726,-0.7597765363128491,-0.39106145251396646,-0.6424581005586593,-0.39106145251396646,-0.5418994413407822,-0.41899441340782123,-0.8603351955307262,-0.2849162011173184,-0.7541899441340782,-0.21787709497206703,-0.6368715083798883,-0.2346368715083799,-0.553072625698324,-0.22346368715083798,-0.8212290502793296,-0.11173184357541899,-0.7150837988826816,-0.0670391061452514,-0.5977653631284916,-0.08379888268156424,-0.553072625698324,-0.01675977653631285,-0.7821229050279329,0.0446927374301676,-0.6759776536312849,0.07262569832402235,-0.5642458100558659,0.05027932960893855
3,0.0,0.0,-0.040268456375838924,-0.2751677852348993,-0.2214765100671141,-0.5637583892617449,-0.3288590604026846,-0.7919463087248322,-0.28859060402684567,-1.0,-0.5100671140939598,-0.5771812080536913,-0.8456375838926175,-0.42953020134228187,-0.7583892617449665,-0.3422818791946309,-0.6308724832214765,-0.37583892617449666,-0.5369127516778524,-0.37583892617449666,-0.87248322147651,-0.2214765100671141,-0.7516778523489933,-0.1610738255033557,-0.6241610738255033,-0.20134228187919462,-0.5503355704697986,-0.1610738255033557,-0.8389261744966443,-0.026845637583892617,-0.7248322147651006,0.013422818791946308,-0.6040268456375839,-0.026845637583892617,-0.5369127516778524,0.06711409395973154,-0.7583892617449665,0.1476510067114094,-0.6442953020134228,0.1610738255033557,-0.5302013422818792,0.12080536912751678
3,0.0,0.0,-0.09523809523809523,-0.30952380952380953,-0.2619047619047619,-0.5833333333333334,-0.38095238095238093,-0.8095238095238095,-0.34523809523809523,-1.0,-0.5297619047619048,-0.625,-0.8690476190476191,-0.4880952380952381,-0.7797619047619048,-0.3869047619047619,-0.6547619047619048,-0.39285714285714285,-0.5476190476190477,-0.44047619047619047,-0.875,-0.2857142857142857,-0.7678571428571429,-0.21428571428571427,-0.6428571428571429,-0.23809523809523808,-0.5535714285714286,-0.23809523809523808,-0.8392857142857143,-0.10714285714285714,-0.7261904761904762,-0.05357142857142857,-0.6011904761904762,-0.07738095238095238,-0.5476190476190477,-0.023809523809523808,-0.7857142857142857,0.05357142857142857,-0.6785714285714286,0.08333333333333333,-0.5595238095238095,0.05357142857142857
3,0.0,0.0,-0.030303030303030304,-0.2727272727272727,-0.20454545454545456,-0.5606060606060606,-0.3106060606060606,-0.7878787878787878,-0.2727272727272727,-1.0,-0.5151515151515151,-0.5833333333333334,-0.8560606060606061,-0.4166666666666667,-0.7727272727272727,-0.3106060606060606,-0.6515151515151515,-0.32575757575757575,-0.5454545454545454,-0.3939393939393939,-0.8939393939393939,-0.19696969696969696,-0.7878787878787878,-0.12121212121212122,-0.6515151515151515,-0.15151515151515152,-0.553030303030303,-0.16666666666666666,-0.8712121212121212,-0.007575757575757576,-0.7575757575757576,0.045454545454545456,-0.6287878787878788,0.015151515151515152,-0.5378787878787878,0.06060606060606061,-0.7803030303030303,0.16666666666666666,-0.6742424242424242,0.19696969696969696,-0.553030303030303,0.1590909090909091
3,0.0,0.0,-0.10457516339869281,-0.3202614379084967,-0.2679738562091503,-0.5947712418300654,-0.38562091503267976,-0.8169934640522876,-0.35294117647058826,-1.0,-0.5424836601307189,-0.6535947712418301,-0.8954248366013072,-0.5098039215686274,-0.8235294117647058,-0.39215686274509803,-0.7124183006535948,-0.38562091503267976,-0.5620915032679739,-0.477124183006536,-0.9019607843137255,-0.29411764705882354,-0.803921568627451,-0.20915032679738563,-0.6797385620915033,-0.22875816993464052,-0.5686274509803921,-0.27450980392156865,-0.869281045751634,-0.11764705882352941,-0.7581699346405228,-0.05228758169934641,-0.6405228758169934,-0.0784313725490196,-0.5620915032679739,-0.058823529411764705,-0.8235294117647058,0.0457516339869281,-0.7124183006535948,0.0784313725490196,-0.6013071895424836,0.05228758169934641
3,0.0,0.0,-0.11029411764705882,-0.3161764705882353,-0.2867647058823529,-0.5955882352941176,-0.40441176470588236,-0.8161764705882353,-0.38235294117647056,-1.0,-0.6176470588235294,-0.625,-0.9411764705882353,-0.47794117647058826,-0.8529411764705882,-0.36764705882352944,-0.7205882352941176,-0.36764705882352944,-0.6470588235294118,-0.4411764705882353,-0.9485294117647058,-0.25,-0.8455882352941176,-0.17647058823529413,-0.7205882352941176,-0.20588235294117646,-0.6544117647058824,-0.22794117647058823,-0.9264705882352942,-0.058823529411764705,-0.8088235294117647,-0.007352941176470588,-0.6911764705882353,-0.03676470588235294,-0.6397058823529411,0.0,-0.8676470588235294,0.11029411764705882,-0.75,0.14705882352941177,-0.6323529411764706,0.11764705882352941
3,0.0,0.0,-0.11278195488721804,-0.3157894736842105,-0.2857142857142857,-0.5864661654135338,-0.41353383458646614,-0.8045112781954887,-0.39849624060150374,-1.0,-0.631578947368421,-0.6015037593984962,-0.9473684210526315,-0.45112781954887216,-0.8571428571428571,-0.3308270676691729,-0.7142857142857143,-0.3157894736842105,-0.6691729323308271,-0.42105263157894735,-0.9548872180451128,-0.24060150375939848,-0.849624060150376,-0.14285714285714285,-0.7218045112781954,-0.15789473684210525,-0.6766917293233082,-0.21804511278195488,-0.9172932330827067,-0.05263157894736842,-0.8045112781954887,0.022556390977443608,-0.6842105263157895,0.0,-0.6616541353383458,-0.007518796992481203,-0.849624060150376,0.11278195488721804,-0.7368421052631579,0.15789473684210525,-0.631578947368421,0.13533834586466165
3,0.0,0.0,-0.11382113821138211,-0.3252032520325203,-0.3089430894308943,-0.5934959349593496,-0.44715447154471544,-0.8048780487804879,-0.43089430894308944,-0.991869918699187,-0.6504065040650406,-0.6178861788617886,-0.983739837398374,-0.42276422764227645,-0.8943089430894309,-0.2926829268292683,-0.7642276422764228,-0.2845528455284553,-0.6910569105691057,-0.4634146341463415,-1.0,-0.22764227642276422,-0.8943089430894309,-0.12195121951219512,-0.7723577235772358,-0.14634146341463414,-0.6991869918699187,-0.2682926829268293,-0.967479674796748,-0.04878048780487805,-0.8536585365853658,0.032520325203252036,-0.7398373983739838,0.0,-0.6910569105691057,-0.056910569105691054,-0.9024390243902439,0.12195121951219512,-0.7967479674796748,0.17886178861788618,-0.6829268292682927,0.14634146341463414
3,0.0,0.0,-0.11382113821138211,-0.3008130081300813,-0.3089430894308943,-0.5609756097560976,-0.45528455284552843,-0.7560975609756098,-0.43902439024390244,-0.943089430894309,-0.6422764227642277,-0.6016260162601627,-0.983739837398374,-0.3983739837398374,-0.8943089430894309,-0.2682926829268293,-0.7642276422764228,-0.2601626016260163,-0.6829268292682927,-0.44715447154471544,-1.0,-0.1951219512195122,-0.8861788617886179,-0.0975609756097561,-0.7560975609756098,-0.12195121951219512,-0.6910569105691057,-0.2601626016260163,-0.967479674796748,-0.024390243902439025,-0.8455284552845529,0.04878048780487805,-0.7235772357723578,0.008130081300813009,-0.6910569105691057,-0.04878048780487805,-0.8861788617886179,0.13821138211382114,-0.7642276422764228,0.18699186991869918,-0.6504065040650406,0.14634146341463414
3,0.0,0.0,-0.11023622047244094,-0.3228346456692913,-0.3228346456692913,-0.5984251968503937,-0.49606299212598426,-0.8031496062992126,-0.5039370078740157,-1.0,-0.7086614173228346,-0.5590551181102362,-1.0,-0.3464566929133858,-0.905511811023622,-0.2440944881889764,-0.7874015748031497,-0.25196850393700787,-0.7322834645669292,-0.3543307086614173,-0.9921259842519685,-0.12598425196850394,-0.889763779527559,-0.047244094488188976,-0.7716535433070866,-0.08661417322834646,-0.7244094488188977,-0.14173228346456693,-0.9606299212598425,0.06299212598425197,-0.8503937007874016,0.12598425196850394,-0.7401574803149606,0.07086614173228346,-0.6850393700787402,0.07874015748031496,-0.8661417322834646,0.2440944881889764,-0.7637795275590551,0.28346456692913385,-0.6535433070866141,0.23622047244094488
3,0.0,0.0,-0.15172413793103448,-0.32413793103448274,-0.36551724137931035,-0.593103448275862,-0.5241379310344828,-0.8,-0.5379310344827586,-1.0,-0.6827586206896552,-0.4827586206896552,-0.9586206896551724,-0.32413793103448274,-0.8482758620689655,-0.2620689655172414,-0.7172413793103448,-0.2896551724137931,-0.7034482758620689,-0.27586206896551724,-0.9241379310344827,-0.11724137931034483,-0.8137931034482758,-0.07586206896551724,-0.696551724137931,-0.11724137931034483,-0.6827586206896552,-0.06206896551724138,-0.8827586206896552,0.06206896551724138,-0.7724137931034483,0.0896551724137931,-0.6551724137931034,0.04827586206896552,-0.6344827586206897,0.14482758620689656,-0.8,0.2206896551724138,-0.6827586206896552,0.23448275862068965,-0.5862068965517241,0.2
3,0.0,0.0,-0.11042944785276074,-0.3128834355828221,-0.27607361963190186,-0.5828220858895705,-0.3987730061349693,-0.7975460122699386,-0.39263803680981596,-1.0,-0.5337423312883436,-0.5276073619631901,-0.8588957055214724,-0.4294478527607362,-0.754601226993865,-0.3496932515337423,-0.6257668711656442,-0.3619631901840491,-0.558282208588957,-0.32515337423312884,-0.852760736196319,-0.22699386503067484,-0.7484662576687117,-0.1656441717791411,-0.6257668711656442,-0.18404907975460122,-0.558282208588957,-0.1165644171779141,-0.8159509202453987,-0.04294478527607362,-0.7116564417177914,0.006134969325153374,-0.5950920245398773,-0.006134969325153374,-0.5460122699386503,0.09202453987730061,-0.7484662576687117,0.1411042944785276,-0.656441717791411,0.1656441717791411,-0.5460122699386503,0.15337423312883436
3,0.0,0.0,-0.14583333333333334,-0.2847222222222222,-0.3541666666666667,-0.5625,-0.5069444444444444,-0.7847222222222222,-0.4722222222222222,-1.0,-0.5763888888888888,-0.6944444444444444,-1.0,-0.5,-0.9027777777777778,-0.3680555555555556,-0.7638888888888888,-0.375,-0.5486111111111112,-0.5347222222222222,-0.9791666666666666,-0.2708333333333333,-0.8541666666666666,-0.18055555555555555,-0.7222222222222222,-0.2222222222222222,-0.5277777777777778,-0.3263888888888889,-0.9027777777777778,-0.09722222222222222,-0.7777777777777778,-0.027777777777777776,-0.6527777777777778,-0.06944444444444445,-0.5069444444444444,-0.1111111111111111,-0.8055555555555556,0.0625,-0.6944444444444444,0.11805555555555555,-0.5902777777777778,0.09027777777777778
3,0.0,0.0,-0.15217391304347827,-0.2608695652173913,-0.34782608695652173,-0.4782608695652174,-0.45652173913043476,-0.6376811594202898,-0.463768115942029,-0.7608695652173914,-0.5797101449275363,-0.6884057971014492,-0.9927536231884058,-0.47101449275362317,-0.8985507246376812,-0.34782608695652173,-0.7753623188405797,-0.36231884057971014,-0.5942028985507246,-0.5797101449275363,-1.0,-0.2971014492753623,-0.8623188405797102,-0.2028985507246377,-0.7391304347826086,-0.2463768115942029,-0.5942028985507246,-0.42028985507246375,-0.9492753623188406,-0.14492753623188406,-0.8043478260869565,-0.07246376811594203,-0.6811594202898551,-0.12318840579710146,-0.5869565217391305,-0.2246376811594203,-0.8188405797101449,0.007246376811594203,-0.6956521739130435,0.050724637681159424,-0.5869565217391305,0.0
3,0.0,0.0,-0.23417721518987342,-0.189873417721519,-0.5379746835443038,-0.34810126582278483,-0.6962025316455697,-0.5316455696202531,-0.7278481012658228,-0.7151898734177216,-0.6708860759493671,-0.2911392405063291,-1.0,-0.012658227848101266,-0.879746835443038,0.03164556962025317,-0.759493670886076,-0.04430379746835443,-0.569620253164557,-0.11392405063291139,-0.8924050632911392,0.189873417721519,-0.7721518987341772,0.20253164556962025,-0.6518987341772152,0.12025316455696203,-0.45569620253164556,0.06962025316455696,-0.7278481012658228,0.2911392405063291,-0.6265822784810127,0.2911392405063291,-0.5189873417721519,0.25949367088607594,-0.34177215189873417,0.24050632911392406,-0.5443037974683544,0.2911392405063291,-0.45569620253164556,0.2911392405063291,-0.35443037974683544,0.2911392405063291
3,0.0,0.0,-0.2229299363057325,-0.19745222929936307,-0.5222929936305732,-0.36942675159235666,-0.7006369426751592,-0.5414012738853503,-0.7388535031847133,-0.7388535031847133,-0.7006369426751592,-0.3375796178343949,-1.0,-0.09554140127388536,-0.8789808917197452,-0.03821656050955414,-0.7515923566878981,-0.10191082802547771,-0.6242038216560509,-0.16560509554140126,-0.9171974522292994,0.11464968152866242,-0.7834394904458599,0.12738853503184713,-0.6624203821656051,0.044585987261146494,-0.5286624203821656,0.01910828025477707,-0.802547770700637,0.27388535031847133,-0.6687898089171974,0.267515923566879,-0.554140127388535,0.18471337579617833,-0.42038216560509556,0.20382165605095542,-0.6305732484076433,0.3821656050955414,-0.5222929936305732,0.36942675159235666,-0.42038216560509556,0.2929936305732484
3,0.0,0.0,-0.22972972972972974,-0.18243243243243243,-0.5202702702702703,-0.34459459459459457,-0.7027027027027027,-0.5067567567567568,-0.75,-0.7162162162162162,-0.6891891891891891,-0.28378378378378377,-1.0,-0.02027027027027027,-0.8648648648648649,0.02027027027027027,-0.7297297297297297,-0.0472972972972973,-0.6013513513513513,-0.10135135135135136,-0.8986486486486487,0.19594594594594594,-0.7567567567567568,0.20270270270270271,-0.6283783783783784,0.10810810810810811,-0.4864864864864865,0.0945945945945946,-0.7702702702702703,0.35135135135135137,-0.6418918918918919,0.34459459459459457,-0.5135135135135135,0.2635135135135135,-0.3716216216216216,0.27702702702702703,-0.581081081081081,0.42567567567567566,-0.4797297297297297,0.42567567567567566,-0.3716216216216216,0.3783783783783784
3,0.0,0.0,-0.2222222222222222,-0.19607843137254902,-0.5228758169934641,-0.3660130718954248,-0.7058823529411765,-0.5294117647058824,-0.7712418300653595,-0.6993464052287581,-0.6928104575163399,-0.37254901960784315,-1.0,-0.11764705882352941,-0.8823529411764706,-0.058823529411764705,-0.7581699346405228,-0.1111111111111111,-0.6209150326797386,-0.21568627450980393,-0.9150326797385621,0.08496732026143791,-0.7843137254901961,0.10457516339869281,-0.673202614379085,0.0196078431372549,-0.5294117647058824,-0.026143790849673203,-0.8104575163398693,0.24836601307189543,-0.6797385620915033,0.24836601307189543,-0.5686274509803921,0.16339869281045752,-0.43790849673202614,0.1830065359477124,-0.6470588235294118,0.3790849673202614,-0.5359477124183006,0.3660130718954248,-0.43790849673202614,0.2875816993464052
3,0.0,0.0,-0.23780487804878048,-0.18292682926829268,-0.5365853658536586,-0.3353658536585366,-0.7195121951219512,-0.4878048780487805,-0.7865853658536586,-0.6707317073170732,-0.7134146341463414,-0.36585365853658536,-1.0,-0.13414634146341464,-0.8841463414634146,-0.06097560975609756,-0.7682926829268293,-0.11585365853658537,-0.6341463414634146,-0.21951219512195122,-0.9146341463414634,0.054878048780487805,-0.7865853658536586,0.08536585365853659,-0.6829268292682927,0.006097560975609756,-0.5487804878048781,-0.042682926829268296,-0.7987804878048781,0.2073170731707317,-0.6707317073170732,0.2073170731707317,-0.573170731707317,0.13414634146341464,-0.4573170731707317,0.14634146341463414,-0.6524390243902439,0.32926829268292684,-0.5426829268292683,0.3170731707317073,-0.4573170731707317,0.25
3,0.0,0.0,-0.22077922077922077,-0.18181818181818182,-0.5324675324675324,-0.34415584415584416,-0.7337662337662337,-0.5,-0.8181818181818182,-0.6753246753246753,-0.6883116883116883,-0.44805194805194803,-1.0,-0.17532467532467533,-0.8766233766233766,-0.08441558441558442,-0.7662337662337663,-0.12987012987012986,-0.5974025974025974,-0.3246753246753247,-0.8961038961038961,0.006493506493506494,-0.7597402597402597,0.05194805194805195,-0.6623376623376623,-0.025974025974025976,-0.5,-0.16233766233766234,-0.7662337662337663,0.14285714285714285,-0.6298701298701299,0.16233766233766234,-0.5324675324675324,0.07792207792207792,-0.3961038961038961,0.01948051948051948,-0.6038961038961039,0.2532467532467532,-0.4935064935064935,0.2532467532467532,-0.4090909090909091,0.16883116883116883
3,0.0,0.0,-0.23684210526315788,-0.15789473684210525,-0.5328947368421053,-0.3092105263157895,-0.7368421052631579,-0.4473684210526316,-0.8223684210526315,-0.618421052631579,-0.7039473684210527,-0.4407894736842105,-1.0,-0.14473684210526316,-0.868421052631579,-0.046052631578947366,-0.756578947368421,-0.09210526315789473,-0.5986842105263158,-0.3355263157894737,-0.881578947368421,0.019736842105263157,-0.743421052631579,0.06578947368421052,-0.6447368421052632,-0.013157894736842105,-0.4868421052631579,-0.19078947368421054,-0.75,0.13815789473684212,-0.6118421052631579,0.16447368421052633,-0.5131578947368421,0.08552631578947369,-0.3618421052631579,-0.02631578947368421,-0.5789473684210527,0.25,-0.48026315789473684,0.2565789473684211,-0.3881578947368421,0.17105263157894737
3,0.0,0.0,-0.2251655629139073,-0.16556291390728478,-0.5231788079470199,-0.32450331125827814,-0.7350993377483444,-0.46357615894039733,-0.8278145695364238,-0.6357615894039735,-0.7019867549668874,-0.4503311258278146,-1.0,-0.152317880794702,-0.8741721854304636,-0.059602649006622516,-0.7549668874172185,-0.10596026490066225,-0.609271523178808,-0.3443708609271523,-0.8874172185430463,0.013245033112582781,-0.7483443708609272,0.052980132450331126,-0.6556291390728477,-0.019867549668874173,-0.4966887417218543,-0.19205298013245034,-0.7549668874172185,0.13245033112582782,-0.6158940397350994,0.152317880794702,-0.5165562913907285,0.07947019867549669,-0.3841059602649007,-0.019867549668874173,-0.5960264900662252,0.24503311258278146,-0.48344370860927155,0.24503311258278146,-0.3973509933774834,0.15894039735099338
3,0.0,0.0,-0.23026315789473684,-0.16447368421052633,-0.5328947368421053,-0.3223684210526316,-0.743421052631579,-0.46710526315789475,-0.8223684210526315,-0.6381578947368421,-0.7105263157894737,-0.45394736842105265,-1.0,-0.1513157894736842,-0.868421052631579,-0.05921052631578947,-0.756578947368421,-0.1118421052631579,-0.6052631578947368,-0.34868421052631576,-0.881578947368421,0.013157894736842105,-0.7368421052631579,0.05263157894736842,-0.6447368421052632,-0.02631578947368421,-0.4934210526315789,-0.19736842105263158,-0.743421052631579,0.13157894736842105,-0.6052631578947368,0.1513157894736842,-0.5131578947368421,0.06578947368421052,-0.375,-0.02631578947368421,-0.5855263157894737,0.23684210526315788,-0.48026315789473684,0.23684210526315788,-0.39473684210526316,0.15789473684210525
3,0.0,0.0,-0.2236842105263158,-0.17763157894736842,-0.5460526315789473,-0.3355263157894737,-0.7631578947368421,-0.48026315789473684,-0.8355263157894737,-0.6513157894736842,-0.6973684210526315,-0.40789473684210525,-1.0,-0.13815789473684212,-0.875,-0.05921052631578947,-0.756578947368421,-0.1118421052631579,-0.5986842105263158,-0.27631578947368424,-0.8947368421052632,0.046052631578947366,-0.7631578947368421,0.07894736842105263,-0.6578947368421053,0.0,-0.4868421052631579,-0.09868421052631579,-0.7631578947368421,0.19078947368421054,-0.625,0.20394736842105263,-0.5197368421052632,0.125,-0.3684210526315789,0.08552631578947369,-0.5986842105263158,0.3092105263157895,-0.4868421052631579,0.3092105263157895,-0.39473684210526316,0.23026315789473684
3,0.0,0.0,-0.2550335570469799,-0.20134228187919462,-0.6174496644295302,-0.4161073825503356,-0.825503355704698,-0.6308724832214765,-0.8926174496644296,-0.87248322147651,-0.610738255033557,-0.4563758389261745,-1.0,-0.15436241610738255,-0.8523489932885906,-0.12080536912751678,-0.7114093959731543,-0.20134228187919462,-0.4563758389261745,-0.26174496644295303,-0.8657718120805369,0.087248322147651,-0.7114093959731543,0.08053691275167785,-0.5704697986577181,-0.006711409395973154,-0.31543624161073824,-0.03355704697986577,-0.7046979865771812,0.2684563758389262,-0.5637583892617449,0.2483221476510067,-0.4161073825503356,0.174496644295302,-0.20134228187919462,0.19463087248322147,-0.4966442953020134,0.3221476510067114,-0.38926174496644295,0.3221476510067114,-0.26174496644295303,0.31543624161073824
3,0.0,0.0,-0.3380281690140845,-0.19014084507042253,-0.6901408450704225,-0.4225352112676056,-0.8732394366197183,-0.6619718309859155,-0.9225352112676056,-0.9084507042253521,-0.5845070422535211,-0.44366197183098594,-1.0,-0.15492957746478872,-0.8943661971830986,-0.09154929577464789,-0.7605633802816901,-0.14084507042253522,-0.3873239436619718,-0.23943661971830985,-0.8661971830985915,0.1056338028169014,-0.7394366197183099,0.11267605633802817,-0.5915492957746479,0.035211267605633804,-0.22535211267605634,-0.007042253521126761,-0.6830985915492958,0.30985915492957744,-0.5704225352112676,0.29577464788732394,-0.4225352112676056,0.21830985915492956,-0.1056338028169014,0.21830985915492956,-0.49295774647887325,0.3873239436619718,-0.4154929577464789,0.3873239436619718,-0.2887323943661972,0.3591549295774648
3,0.0,0.0,-0.32954545454545453,-0.3181818181818182,-0.6590909090909091,-0.5681818181818182,-0.8295454545454546,-0.7159090909090909,-0.9204545454545454,-0.8522727272727273,-0.45454545454545453,-0.5,-1.0,-0.09090909090909091,-0.8863636363636364,-0.20454545454545456,-0.6590909090909091,-0.36363636363636365,-0.17045454545454544,-0.14772727272727273,-0.8068181818181818,0.26136363636363635,-0.6477272727272727,0.125,-0.3977272727272727,-0.022727272727272728,0.045454545454545456,0.19318181818181818,-0.5113636363636364,0.5454545454545454,-0.36363636363636365,0.3977272727272727,-0.13636363636363635,0.23863636363636365,0.22727272727272727,0.48863636363636365,-0.125,0.7159090909090909,0.022727272727272728,0.5795454545454546,0.20454545454545456,0.45454545454545453
3,0.0,0.0,-0.39072847682119205,-0.2119205298013245,-0.7218543046357616,-0.48344370860927155,-0.9006622516556292,-0.7350993377483444,-0.9470198675496688,-1.0,-0.5761589403973509,-0.5496688741721855,-0.9337748344370861,-0.23841059602649006,-0.8013245033112583,-0.17218543046357615,-0.6688741721854304,-0.2582781456953642,-0.36423841059602646,-0.31125827814569534,-0.8013245033112583,0.0,-0.6821192052980133,0.0,-0.5364238410596026,-0.0728476821192053,-0.2119205298013245,-0.06622516556291391,-0.6490066225165563,0.2119205298013245,-0.5298013245033113,0.2185430463576159,-0.3841059602649007,0.1390728476821192,-0.09933774834437085,0.17218543046357615,-0.46357615894039733,0.31125827814569534,-0.3708609271523179,0.31125827814569534,-0.2251655629139073,0.2847682119205298
3,0.0,0.0,-0.36,-0.21714285714285714,-0.6,-0.5085714285714286,-0.7085714285714285,-0.7657142857142857,-0.7257142857142858,-1.0,-0.4057142857142857,-0.6285714285714286,-0.6857142857142857,-0.3485714285714286,-0.6514285714285715,-0.2571428571428571,-0.5885714285714285,-0.32,-0.24,-0.44571428571428573,-0.5885714285714285,-0.14285714285714285,-0.56,-0.10285714285714286,-0.4857142857142857,-0.1657142857142857,-0.11428571428571428,-0.25142857142857145,-0.46285714285714286,0.005714285714285714,-0.44571428571428573,0.04,-0.3657142857142857,-0.03428571428571429,-0.03428571428571429,-0.06857142857142857,-0.29714285714285715,0.12,-0.28,0.12,-0.2,0.05714285714285714
3,0.0,0.0,0.02142857142857143,-0.25,0.007142857142857143,-0.5,-0.02142857142857143,-0.7571428571428571,-0.014285714285714285,-1.0,-0.12857142857142856,-0.22857142857142856,0.1357142857142857,-0.32142857142857145,0.36428571428571427,-0.44285714285714284,0.5285714285714286,-0.5142857142857142,-0.05,0.0,0.2571428571428571,-0.11428571428571428,0.5071428571428571,-0.2642857142857143,0.6857142857142857,-0.39285714285714285,0.06428571428571428,0.2,0.40714285714285714,0.1357142857142857,0.6714285714285714,-0.02857142857142857,0.8571428571428571,-0.17857142857142858,0.19285714285714287,0.36428571428571427,0.5071428571428571,0.34285714285714286,0.7214285714285714,0.2357142857142857,0.8785714285714286,0.12857142857142856
3,0.0,0.0,-0.13526570048309178,-0.2318840579710145,-0.12560386473429952,-0.5362318840579711,-0.10144927536231885,-0.7777777777777778,-0.1111111111111111,-1.0,0.36231884057971014,-0.642512077294686,0.27053140096618356,-0.5024154589371981,0.10144927536231885,-0.3961352657004831,0.07729468599033816,-0.42995169082125606,0.5603864734299517,-0.47342995169082125,0.41545893719806765,-0.2946859903381642,0.18840579710144928,-0.19806763285024154,0.15942028985507245,-0.2463768115942029,0.6618357487922706,-0.27053140096618356,0.5507246376811594,-0.1111111111111111,0.3285024154589372,-0.03864734299516908,0.27053140096618356,-0.07246376811594203,0.7053140096618358,-0.07246376811594203,0.6328502415458938,0.05314009661835749,0.4396135265700483,0.09178743961352658,0.36231884057971014,0.07246376811594203
3,0.0,0.0,-0.10204081632653061,-0.2571428571428571,-0.036734693877551024,-0.5673469387755102,0.004081632653061225,-0.8081632653061225,-0.0326530612244898,-1.0,0.3836734693877551,-0.6693877551020408,0.34285714285714286,-0.6612244897959184,0.17959183673469387,-0.5020408163265306,0.18775510204081633,-0.49795918367346936,0.5224489795918368,-0.5346938775510204,0.4857142857142857,-0.5265306122448979,0.2897959183673469,-0.37551020408163266,0.30612244897959184,-0.3836734693877551,0.5224489795918368,-0.35918367346938773,0.5224489795918368,-0.3673469387755102,0.4163265306122449,-0.23673469387755103,0.4204081632653061,-0.23265306122448978,0.5224489795918368,-0.17959183673469387,0.5224489795918368,-0.18775510204081633,0.5142857142857142,-0.11020408163265306,0.5020408163265306,-0.09795918367346938
4,0.0,0.0,0.30578512396694213,0.049586776859504134,0.6115702479338843,0.0,0.8181818181818182,0.08264462809917356,0.9008264462809917,0.19008264462809918,0.628099173553719,-0.5371900826446281,0.7851239669421488,-0.8181818181818182,0.9421487603305785,-0.7520661157024794,1.0,-0.5785123966942148,0.5537190082644629,-0.5867768595041323,0.7355371900826446,-0.9256198347107438,0.9338842975206612,-0.8347107438016529,0.9586776859504132,-0.6363636363636364,0.45454545454545453,-0.6115702479338843,0.6198347107438017,-0.9338842975206612,0.8181818181818182,-0.8512396694214877,0.8677685950413223,-0.6694214876033058,0.35537190082644626,-0.5950413223140496,0.5041322314049587,-0.8347107438016529,0.6776859504132231,-0.8099173553719008,0.7603305785123967,-0.6942148760330579
4,0.0,0.0,0.30578512396694213,0.04132231404958678,0.6198347107438017,-0.008264462809917356,0.8264462809917356,0.0743801652892562,0.9173553719008265,0.19008264462809918,0.628099173553719,-0.5537190082644629,0.7768595041322314,-0.8512396694214877,0.9421487603305785,-0.7851239669421488,1.0,-0.6115702479338843,0.5537190082644629,-0.5950413223140496,0.7272727272727273,-0.9421487603305785,0.9256198347107438,-0.8512396694214877,0.9586776859504132,-0.6528925619834711,0.45454545454545453,-0.6115702479338843,0.6115702479338843,-0.9421487603305785,0.8181818181818182,-0.8512396694214877,0.8842975206611571,-0.6694214876033058,0.35537190082644626,-0.5867768595041323,0.49586776859504134,-0.8347107438016529,0.6776859504132231,-0.8099173553719008,0.7768595041322314,-0.7024793388429752
4,0.0,0.0,0.2916666666666667,0.041666666666666664,0.6,-0.008333333333333333,0.8083333333333333,0.058333333333333334,0.9166666666666666,0.175,0.6333333333333333,-0.55,0.8,-0.8416666666666667,0.95,-0.775,1.0,-0.6083333333333333,0.55,-0.6,0.7333333333333333,-0.9416666666666667,0.925,-0.8666666666666667,0.9583333333333334,-0.6833333333333333,0.45,-0.6166666666666667,0.6166666666666667,-0.9416666666666667,0.8083333333333333,-0.8666666666666667,0.8666666666666667,-0.7,0.3333333333333333,-0.5916666666666667,0.48333333333333334,-0.8333333333333334,0.65,-0.825,0.75,-0.7333333333333333
4,0.0,0.0,0.30578512396694213,0.04132231404958678,0.6033057851239669,-0.008264462809917356,0.8099173553719008,0.0743801652892562,0.9090909090909091,0.19008264462809918,0.6198347107438017,-0.5289256198347108,0.7768595041322314,-0.8347107438016529,0.9421487603305785,-0.768595041322314,1.0,-0.6033057851239669,0.5454545454545454,-0.5785123966942148,0.71900826446281,-0.9421487603305785,0.9173553719008265,-0.859504132231405,0.9504132231404959,-0.6694214876033058,0.4462809917355372,-0.5950413223140496,0.6033057851239669,-0.9338842975206612,0.8016528925619835,-0.859504132231405,0.8512396694214877,-0.6859504132231405,0.33884297520661155,-0.5702479338842975,0.47107438016528924,-0.8264462809917356,0.6446280991735537,-0.8181818181818182,0.743801652892562,-0.71900826446281
4,0.0,0.0,0.2975206611570248,0.04132231404958678,0.5950413223140496,-0.01652892561983471,0.8016528925619835,0.0743801652892562,0.8925619834710744,0.18181818181818182,0.6198347107438017,-0.5454545454545454,0.7768595041322314,-0.8347107438016529,0.9338842975206612,-0.768595041322314,1.0,-0.6033057851239669,0.5454545454545454,-0.5867768595041323,0.71900826446281,-0.9338842975206612,0.9090909090909091,-0.8512396694214877,0.9421487603305785,-0.6611570247933884,0.4462809917355372,-0.6033057851239669,0.6115702479338843,-0.9256198347107438,0.8016528925619835,-0.8429752066115702,0.8512396694214877,-0.6694214876033058,0.34710743801652894,-0.5785123966942148,0.48760330578512395,-0.8181818181818182,0.6528925619834711,-0.8016528925619835,0.743801652892562,-0.6942148760330579
4,0.0,0.0,0.2916666666666667,0.041666666666666664,0.5916666666666667,-0.008333333333333333,0.8,0.06666666666666667,0.8916666666666667,0.16666666666666666,0.6333333333333333,-0.5416666666666666,0.7916666666666666,-0.825,0.9416666666666667,-0.7666666666666667,1.0,-0.6,0.5583333333333333,-0.5833333333333334,0.7333333333333333,-0.9333333333333333,0.9166666666666666,-0.8583333333333333,0.95,-0.6666666666666666,0.4583333333333333,-0.6,0.6166666666666667,-0.925,0.8,-0.85,0.8583333333333333,-0.6833333333333333,0.35,-0.5833333333333334,0.48333333333333334,-0.8166666666666667,0.65,-0.8083333333333333,0.7416666666666667,-0.7083333333333334
4,0.0,0.0,0.3,0.041666666666666664,0.6,-0.008333333333333333,0.8083333333333333,0.06666666666666667,0.8916666666666667,0.19166666666666668,0.6166666666666667,-0.5416666666666666,0.775,-0.8416666666666667,0.9333333333333333,-0.775,1.0,-0.6083333333333333,0.5416666666666666,-0.5833333333333334,0.7166666666666667,-0.9416666666666667,0.925,-0.8583333333333333,0.95,-0.6583333333333333,0.44166666666666665,-0.6,0.6,-0.9333333333333333,0.8,-0.8583333333333333,0.8583333333333333,-0.6833333333333333,0.3333333333333333,-0.575,0.475,-0.8333333333333334,0.6416666666666667,-0.825,0.725,-0.7166666666666667
4,0.0,0.0,0.29411764705882354,0.03361344537815126,0.5966386554621849,-0.01680672268907563,0.7983193277310925,0.06722689075630252,0.8907563025210085,0.18487394957983194,0.6134453781512605,-0.5462184873949579,0.773109243697479,-0.8571428571428571,0.9327731092436975,-0.7815126050420168,1.0,-0.6218487394957983,0.5294117647058824,-0.5882352941176471,0.7142857142857143,-0.957983193277311,0.907563025210084,-0.8571428571428571,0.9411764705882353,-0.6638655462184874,0.42857142857142855,-0.6050420168067226,0.5882352941176471,-0.9411764705882353,0.7815126050420168,-0.8571428571428571,0.8403361344537815,-0.680672268907563,0.3277310924369748,-0.5798319327731093,0.453781512605042,-0.8319327731092437,0.6302521008403361,-0.8235294117647058,0.7226890756302521,-0.7226890756302521
4,0.0,0.0,0.3,0.041666666666666664,0.6083333333333333,-0.008333333333333333,0.825,0.075,0.9166666666666666,0.2,0.625,-0.525,0.7833333333333333,-0.8166666666666667,0.9416666666666667,-0.7583333333333333,1.0,-0.5916666666666667,0.55,-0.5833333333333334,0.725,-0.9333333333333333,0.9166666666666666,-0.8583333333333333,0.9583333333333334,-0.6666666666666666,0.4583333333333333,-0.6,0.6083333333333333,-0.9333333333333333,0.8083333333333333,-0.8583333333333333,0.8666666666666667,-0.6916666666666667,0.35,-0.5916666666666667,0.48333333333333334,-0.8333333333333334,0.6583333333333333,-0.8166666666666667,0.75,-0.7166666666666667
4,0.0,0.0,0.3050847457627119,0.0423728813559322,0.6101694915254238,-0.00847457627118644,0.8135593220338984,0.0847457627118644,0.8898305084745762,0.2033898305084746,0.6271186440677966,-0.5423728813559322,0.788135593220339,-0.864406779661017,0.9491525423728814,-0.7796610169491526,1.0,-0.6016949152542372,0.5508474576271186,-0.5847457627118644,0.7288135593220338,-0.9576271186440678,0.923728813559322,-0.8559322033898306,0.9491525423728814,-0.6610169491525424,0.4491525423728814,-0.6016949152542372,0.6016949152542372,-0.9576271186440678,0.8050847457627118,-0.864406779661017,0.847457627118644,-0.6864406779661016,0.3389830508474576,-0.576271186440678,0.4661016949152542,-0.8389830508474576,0.6440677966101694,-0.8305084745762712,0.7372881355932204,-0.7203389830508474
4,0.0,0.0,0.2966101694915254,0.05084745762711865,0.6016949152542372,0.0,0.8135593220338984,0.0847457627118644,0.8983050847457628,0.2033898305084746,0.6271186440677966,-0.5423728813559322,0.788135593220339,-0.847457627118644,0.9491525423728814,-0.7627118644067796,1.0,-0.5847457627118644,0.5508474576271186,-0.5932203389830508,0.7372881355932204,-0.9491525423728814,0.9322033898305084,-0.847457627118644,0.9576271186440678,-0.6440677966101694,0.4491525423728814,-0.6101694915254238,0.6186440677966102,-0.9491525423728814,0.8220338983050848,-0.8559322033898306,0.864406779661017,-0.6694915254237288,0.3389830508474576,-0.6016949152542372,0.4915254237288136,-0.847457627118644,0.6694915254237288,-0.8220338983050848,0.7542372881355932,-0.711864406779661
4,0.0,0.0,0.3247863247863248,0.042735042735042736,0.6324786324786325,-0.017094017094017096,0.8290598290598291,0.06837606837606838,0.8888888888888888,0.18803418803418803,0.6410256410256411,-0.5641025641025641,0.7948717948717948,-0.8974358974358975,0.9572649572649573,-0.7948717948717948,1.0,-0.6068376068376068,0.5555555555555556,-0.6068376068376068,0.7435897435897436,-0.9743589743589743,0.9316239316239316,-0.8461538461538461,0.9401709401709402,-0.6495726495726496,0.452991452991453,-0.6153846153846154,0.6153846153846154,-0.9658119658119658,0.8205128205128205,-0.8547008547008547,0.8632478632478633,-0.6752136752136753,0.3418803418803419,-0.5811965811965812,0.48717948717948717,-0.8461538461538461,0.6752136752136753,-0.8205128205128205,0.7692307692307693,-0.7094017094017094
4,0.0,0.0,0.3220338983050847,0.025423728813559324,0.6271186440677966,-0.0423728813559322,0.8220338983050848,0.0423728813559322,0.8983050847457628,0.1694915254237288,0.6186440677966102,-0.5677966101694916,0.7796610169491526,-0.9067796610169492,0.9491525423728814,-0.8135593220338984,1.0,-0.6271186440677966,0.5423728813559322,-0.6016949152542372,0.7372881355932204,-0.9745762711864406,0.9576271186440678,-0.864406779661017,0.9745762711864406,-0.6610169491525424,0.4576271186440678,-0.6016949152542372,0.652542372881356,-0.940677966101695,0.8728813559322034,-0.8389830508474576,0.9322033898305084,-0.6610169491525424,0.3813559322033898,-0.559322033898305,0.5508474576271186,-0.8135593220338984,0.7542372881355932,-0.788135593220339,0.847457627118644,-0.6779661016949152
4,0.0,0.0,0.34146341463414637,0.016260162601626018,0.6341463414634146,-0.032520325203252036,0.8211382113821138,0.04065040650406504,0.9024390243902439,0.13008130081300814,0.5934959349593496,-0.5609756097560976,0.7642276422764228,-0.8699186991869918,0.943089430894309,-0.7886178861788617,1.0,-0.6097560975609756,0.5284552845528455,-0.5934959349593496,0.7317073170731707,-0.926829268292683,0.9512195121951219,-0.8292682926829268,0.975609756097561,-0.6341463414634146,0.45528455284552843,-0.5853658536585366,0.6666666666666666,-0.9024390243902439,0.8861788617886179,-0.8130081300813008,0.9512195121951219,-0.6422764227642277,0.4065040650406504,-0.5365853658536586,0.5934959349593496,-0.7804878048780488,0.7886178861788617,-0.7642276422764228,0.8861788617886179,-0.6585365853658537
4,0.0,0.0,0.3384615384615385,0.015384615384615385,0.6076923076923076,-0.03076923076923077,0.8,0.05384615384615385,0.8769230769230769,0.13846153846153847,0.49230769230769234,-0.5923076923076923,0.7384615384615385,-0.8461538461538461,0.9230769230769231,-0.7461538461538462,1.0,-0.5846153846153846,0.4230769230769231,-0.6076923076923076,0.7538461538461538,-0.8846153846153846,0.9615384615384616,-0.7538461538461538,0.9846153846153847,-0.5769230769230769,0.3923076923076923,-0.5769230769230769,0.7076923076923077,-0.8384615384615385,0.9153846153846154,-0.7230769230769231,0.9615384615384616,-0.5615384615384615,0.4,-0.4846153846153846,0.6461538461538462,-0.6923076923076923,0.8307692307692308,-0.6538461538461539,0.9076923076923077,-0.5615384615384615
4,0.0,0.0,0.352,0.008,0.632,-0.064,0.832,0.024,0.88,0.12,0.456,-0.632,0.728,-0.904,0.936,-0.808,1.0,-0.632,0.4,-0.648,0.752,-0.944,0.968,-0.816,0.992,-0.632,0.384,-0.608,0.728,-0.896,0.944,-0.784,0.984,-0.616,0.416,-0.512,0.68,-0.728,0.872,-0.704,0.944,-0.608
4,0.0,0.0,0.35714285714285715,0.007936507936507936,0.626984126984127,-0.05555555555555555,0.8174603174603174,0.007936507936507936,0.8650793650793651,0.10317460317460317,0.4603174603174603,-0.6428571428571429,0.7301587301587301,-0.873015873015873,0.9285714285714286,-0.7857142857142857,1.0,-0.6190476190476191,0.40476190476190477,-0.6587301587301587,0.7619047619047619,-0.9285714285714286,0.9682539682539683,-0.7936507936507936,0.9841269841269841,-0.6111111111111112,0.3888888888888889,-0.6190476190476191,0.7380952380952381,-0.8888888888888888,0.9444444444444444,-0.7777777777777778,0.9841269841269841,-0.6111111111111112,0.42857142857142855,-0.5238095238095238,0.7063492063492064,-0.7301587301587301,0.8809523809523809,-0.6984126984126984,0.9523809523809523,-0.5952380952380952
4,0.0,0.0,0.3700787401574803,0.007874015748031496,0.6220472440944882,-0.07874015748031496,0.8031496062992126,-0.015748031496062992,0.8582677165354331,0.08661417322834646,0.44881889763779526,-0.6614173228346457,0.7165354330708661,-0.889763779527559,0.9212598425196851,-0.8031496062992126,1.0,-0.6377952755905512,0.4015748031496063,-0.6771653543307087,0.7401574803149606,-0.9448818897637795,0.9606299212598425,-0.8267716535433071,1.0,-0.6535433070866141,0.3937007874015748,-0.6299212598425197,0.7322834645669292,-0.889763779527559,0.9448818897637795,-0.7795275590551181,0.9921259842519685,-0.6220472440944882,0.4409448818897638,-0.5354330708661418,0.7007874015748031,-0.7322834645669292,0.8740157480314961,-0.7086614173228346,0.937007874015748,-0.6141732283464567
4,0.0,0.0,0.3548387096774194,0.008064516129032258,0.5967741935483871,-0.06451612903225806,0.7741935483870968,-0.016129032258064516,0.8467741935483871,0.10483870967741936,0.4435483870967742,-0.6532258064516129,0.7096774193548387,-0.9032258064516129,0.9193548387096774,-0.8145161290322581,0.9919354838709677,-0.6532258064516129,0.3870967741935484,-0.6693548387096774,0.7338709677419355,-0.9516129032258065,0.9516129032258065,-0.8306451612903226,1.0,-0.6612903225806451,0.3870967741935484,-0.6290322580645161,0.7258064516129032,-0.8870967741935484,0.9435483870967742,-0.7903225806451613,0.9919354838709677,-0.6370967741935484,0.41935483870967744,-0.5483870967741935,0.6935483870967742,-0.75,0.8709677419354839,-0.7096774193548387,0.9435483870967742,-0.6209677419354839
4,0.0,0.0,0.36585365853658536,0.008130081300813009,0.6178861788617886,-0.06504065040650407,0.8130081300813008,-0.024390243902439025,0.8780487804878049,0.07317073170731707,0.44715447154471544,-0.6585365853658537,0.7154471544715447,-0.8780487804878049,0.9186991869918699,-0.8048780487804879,0.983739837398374,-0.6666666666666666,0.3983739837398374,-0.6991869918699187,0.7398373983739838,-0.9512195121951219,0.9512195121951219,-0.8455284552845529,0.983739837398374,-0.6747967479674797,0.4065040650406504,-0.6666666666666666,0.7479674796747967,-0.9349593495934959,0.959349593495935,-0.8292682926829268,1.0,-0.6747967479674797,0.4715447154471545,-0.5853658536585366,0.7560975609756098,-0.7886178861788617,0.9349593495934959,-0.7479674796747967,0.991869918699187,-0.6422764227642277
4,0.0,0.0,0.36363636363636365,0.0,0.6198347107438017,-0.0743801652892562,0.8181818181818182,-0.024793388429752067,0.8760330578512396,0.0743801652892562,0.4380165289256198,-0.6694214876033058,0.71900826446281,-0.9090909090909091,0.9256198347107438,-0.8264462809917356,0.9917355371900827,-0.6611570247933884,0.3884297520661157,-0.6942148760330579,0.7520661157024794,-0.9752066115702479,0.9586776859504132,-0.8512396694214877,0.9917355371900827,-0.6776859504132231,0.4049586776859504,-0.6611570247933884,0.7520661157024794,-0.9504132231404959,0.9586776859504132,-0.8429752066115702,1.0,-0.6776859504132231,0.47107438016528924,-0.5785123966942148,0.7520661157024794,-0.8099173553719008,0.9256198347107438,-0.768595041322314,0.9917355371900827,-0.6528925619834711
4,0.0,0.0,0.3504273504273504,-0.008547008547008548,0.5982905982905983,-0.05982905982905983,0.8034188034188035,0.017094017094017096,0.8803418803418803,0.1282051282051282,0.39316239316239315,-0.6581196581196581,0.6495726495726496,-0.9230769230769231,0.8632478632478633,-0.8376068376068376,0.9316239316239316,-0.6666666666666666,0.3333333333333333,-0.7008547008547008,0.6752136752136753,-1.0,0.8974358974358975,-0.8717948717948718,0.9316239316239316,-0.6837606837606838,0.3418803418803419,-0.6837606837606838,0.6837606837606838,-0.9829059829059829,0.905982905982906,-0.8717948717948718,0.9401709401709402,-0.7008547008547008,0.41025641025641024,-0.6153846153846154,0.7008547008547008,-0.8461538461538461,0.8888888888888888,-0.7863247863247863,0.9487179487179487,-0.6666666666666666
4,0.0,0.0,0.35398230088495575,0.017699115044247787,0.6194690265486725,-0.04424778761061947,0.831858407079646,0.07079646017699115,0.9203539823008849,0.19469026548672566,0.4336283185840708,-0.6637168141592921,0.672566371681416,-0.8938053097345132,0.8672566371681416,-0.8141592920353983,0.9380530973451328,-0.6460176991150443,0.3805309734513274,-0.7079646017699115,0.6902654867256637,-0.9823008849557522,0.8938053097345132,-0.8495575221238938,0.9292035398230089,-0.6460176991150443,0.3805309734513274,-0.7079646017699115,0.6814159292035398,-1.0,0.9026548672566371,-0.8761061946902655,0.9469026548672567,-0.6902654867256637,0.4336283185840708,-0.6637168141592921,0.7079646017699115,-0.8849557522123894,0.8849557522123894,-0.8230088495575221,0.9469026548672567,-0.6902654867256637
4,0.0,0.0,0.37037037037037035,0.037037037037037035,0.6388888888888888,-0.018518518518518517,0.8611111111111112,0.08333333333333333,0.9722222222222222,0.19444444444444445,0.5185185185185185,-0.6388888888888888,0.7592592592592593,-0.8425925925925926,0.9444444444444444,-0.7685185185185185,0.9907407407407407,-0.6111111111111112,0.46296296296296297,-0.7037037037037037,0.7685185185185185,-0.9537037037037037,0.9629629629629629,-0.8333333333333334,0.9814814814814815,-0.6296296296296297,0.4444444444444444,-0.7222222222222222,0.75,-0.9907407407407407,0.9629629629629629,-0.8611111111111112,1.0,-0.6666666666666666,0.4722222222222222,-0.6759259259259259,0.7592592592592593,-0.8981481481481481,0.9444444444444444,-0.8148148148148148,1.0,-0.6759259259259259
4,0.0,0.0,0.37272727272727274,0.03636363636363636,0.6454545454545455,-0.01818181818181818,0.8454545454545455,0.08181818181818182,0.9363636363636364,0.2,0.5454545454545454,-0.6181818181818182,0.7636363636363637,-0.8090909090909091,0.9363636363636364,-0.7545454545454545,0.990909090909091,-0.6181818181818182,0.4909090909090909,-0.6818181818181818,0.7636363636363637,-0.9272727272727272,0.9454545454545454,-0.8181818181818182,0.9818181818181818,-0.6272727272727273,0.4727272727272727,-0.7,0.7363636363636363,-0.9545454545454546,0.9545454545454546,-0.8363636363636363,1.0,-0.6454545454545455,0.4818181818181818,-0.6727272727272727,0.7545454545454545,-0.8727272727272727,0.9363636363636364,-0.8,1.0,-0.6545454545454545
4,0.0,0.0,0.35185185185185186,0.05555555555555555,0.6388888888888888,0.0,0.8240740740740741,0.09259259259259259,0.9166666666666666,0.23148148148148148,0.5555555555555556,-0.6111111111111112,0.7685185185185185,-0.8148148148148148,0.9444444444444444,-0.7592592592592593,1.0,-0.5925925925925926,0.5,-0.6759259259259259,0.7685185185185185,-0.9259259259259259,0.9629629629629629,-0.8148148148148148,0.9907407407407407,-0.6018518518518519,0.46296296296296297,-0.7037037037037037,0.7407407407407407,-0.9629629629629629,0.9537037037037037,-0.8425925925925926,1.0,-0.6481481481481481,0.4722222222222222,-0.6851851851851852,0.7222222222222222,-0.8981481481481481,0.9074074074074074,-0.8240740740740741,0.9814814814814815,-0.6851851851851852
4,0.0,0.0,0.3557692307692308,0.038461538461538464,0.6346153846153846,-0.019230769230769232,0.8365384615384616,0.09615384615384616,0.9423076923076923,0.22115384615384615,0.5480769230769231,-0.625,0.7403846153846154,-0.8365384615384616,0.9230769230769231,-0.7788461538461539,0.9903846153846154,-0.6346153846153846,0.5,-0.6923076923076923,0.75,-0.9423076923076923,0.9519230769230769,-0.8365384615384616,0.9807692307692307,-0.6346153846153846,0.47115384615384615,-0.7211538461538461,0.7307692307692307,-0.9903846153846154,0.9519230769230769,-0.875,1.0,-0.6730769230769231,0.4807692307692308,-0.7019230769230769,0.7403846153846154,-0.9134615384615384,0.9230769230769231,-0.8461538461538461,1.0,-0.6923076923076923
4,0.0,0.0,0.34285714285714286,0.047619047619047616,0.6285714285714286,-0.009523809523809525,0.8285714285714286,0.09523809523809523,0.9238095238095239,0.21904761904761905,0.5714285714285714,-0.6190476190476191,0.7714285714285715,-0.8571428571428571,0.9428571428571428,-0.7904761904761904,1.0,-0.6095238095238096,0.5047619047619047,-0.6761904761904762,0.7523809523809524,-0.9523809523809523,0.9523809523809523,-0.8571428571428571,0.9809523809523809,-0.6476190476190476,0.4666666666666667,-0.7047619047619048,0.7142857142857143,-1.0,0.9333333333333333,-0.8952380952380953,0.9904761904761905,-0.7047619047619048,0.44761904761904764,-0.6857142857142857,0.6857142857142857,-0.9142857142857143,0.8761904761904762,-0.8761904761904762,0.9619047619047619,-0.7428571428571429
4,0.0,0.0,0.3211009174311927,0.05504587155963303,0.6146788990825688,-0.009174311926605505,0.8165137614678899,0.08256880733944955,0.908256880733945,0.21100917431192662,0.5412844036697247,-0.5963302752293578,0.7431192660550459,-0.8165137614678899,0.926605504587156,-0.7522935779816514,0.9908256880733946,-0.5963302752293578,0.48623853211009177,-0.6605504587155964,0.7431192660550459,-0.9174311926605505,0.944954128440367,-0.8165137614678899,0.9908256880733946,-0.6146788990825688,0.45871559633027525,-0.6880733944954128,0.7247706422018348,-0.963302752293578,0.944954128440367,-0.8440366972477065,1.0,-0.6605504587155964,0.46788990825688076,-0.6788990825688074,0.7155963302752294,-0.8899082568807339,0.8899082568807339,-0.8256880733944955,0.963302752293578,-0.6880733944954128
4,0.0,0.0,0.36036036036036034,0.02702702702702703,0.6486486486486487,-0.02702702702702703,0.8468468468468469,0.08108108108108109,0.9459459459459459,0.2072072072072072,0.5405405405405406,-0.6216216216216216,0.7477477477477478,-0.8828828828828829,0.9279279279279279,-0.8108108108108109,0.990990990990991,-0.6216216216216216,0.4774774774774775,-0.6666666666666666,0.7387387387387387,-0.954954954954955,0.9459459459459459,-0.8288288288288288,0.972972972972973,-0.6126126126126126,0.45045045045045046,-0.6756756756756757,0.7117117117117117,-0.9819819819819819,0.9459459459459459,-0.8648648648648649,1.0,-0.6756756756756757,0.45045045045045046,-0.6396396396396397,0.7027027027027027,-0.8648648648648649,0.8918918918918919,-0.8198198198198198,0.972972972972973,-0.6936936936936937
4,0.0,0.0,0.36036036036036034,0.036036036036036036,0.6576576576576577,-0.018018018018018018,0.8468468468468469,0.07207207207207207,0.9099099099099099,0.16216216216216217,0.6036036036036037,-0.6036036036036037,0.7837837837837838,-0.8378378378378378,0.954954954954955,-0.7657657657657657,1.0,-0.5855855855855856,0.5405405405405406,-0.6666666666666666,0.7657657657657657,-0.9279279279279279,0.954954954954955,-0.8198198198198198,0.972972972972973,-0.6126126126126126,0.4954954954954955,-0.6936936936936937,0.7297297297297297,-0.954954954954955,0.9369369369369369,-0.8468468468468469,0.9819819819819819,-0.6666666666666666,0.46846846846846846,-0.6756756756756757,0.6936936936936937,-0.8738738738738738,0.8648648648648649,-0.8288288288288288,0.9369369369369369,-0.7027027027027027
4,0.0,0.0,0.3333333333333333,0.04504504504504504,0.6306306306306306,-0.018018018018018018,0.8288288288288288,0.06306306306306306,0.9009009009009009,0.16216216216216217,0.5855855855855856,-0.6126126126126126,0.7837837837837838,-0.8468468468468469,0.963963963963964,-0.7657657657657657,1.0,-0.5765765765765766,0.5225225225225225,-0.6666666666666666,0.7657657657657657,-0.9279279279279279,0.954954954954955,-0.8108108108108109,0.972972972972973,-0.6036036036036037,0.4774774774774775,-0.6936936936936937,0.7297297297297297,-0.954954954954955,0.9369369369369369,-0.8378378378378378,0.972972972972973,-0.6576576576576577,0.4594594594594595,-0.6756756756756757,0.6756756756756757,-0.8738738738738738,0.8468468468468469,-0.8198198198198198,0.918918918918919,-0.6936936936936937
4,0.0,0.0,0.33035714285714285,0.03571428571428571,0.6339285714285714,-0.026785714285714284,0.8303571428571429,0.07142857142857142,0.9107142857142857,0.20535714285714285,0.5803571428571429,-0.6071428571428571,0.7767857142857143,-0.8571428571428571,0.9553571428571429,-0.7767857142857143,1.0,-0.5892857142857143,0.5267857142857143,-0.6607142857142857,0.7589285714285714,-0.9285714285714286,0.9553571428571429,-0.8125,0.9821428571428571,-0.5982142857142857,0.48214285714285715,-0.6875,0.7321428571428571,-0.9553571428571429,0.9375,-0.8392857142857143,0.9821428571428571,-0.6517857142857143,0.45535714285714285,-0.6785714285714286,0.6875,-0.875,0.8571428571428571,-0.8214285714285714,0.9285714285714286,-0.6964285714285714
4,0.0,0.0,0.34210526315789475,0.03508771929824561,0.6403508771929824,-0.03508771929824561,0.8333333333333334,0.05263157894736842,0.9210526315789473,0.17543859649122806,0.5701754385964912,-0.5964912280701754,0.7631578947368421,-0.8421052631578947,0.9385964912280702,-0.7719298245614035,1.0,-0.5877192982456141,0.5,-0.6491228070175439,0.7543859649122807,-0.9210526315789473,0.9473684210526315,-0.8245614035087719,0.9736842105263158,-0.631578947368421,0.4473684210526316,-0.6666666666666666,0.7105263157894737,-0.9298245614035088,0.9122807017543859,-0.8333333333333334,0.956140350877193,-0.6666666666666666,0.41228070175438597,-0.631578947368421,0.6491228070175439,-0.8421052631578947,0.8333333333333334,-0.8157894736842105,0.9122807017543859,-0.7105263157894737
4,0.0,0.0,0.3333333333333333,0.04504504504504504,0.6396396396396397,-0.018018018018018018,0.8468468468468469,0.07207207207207207,0.9369369369369369,0.2072072072072072,0.5855855855855856,-0.6036036036036037,0.7837837837837838,-0.8468468468468469,0.954954954954955,-0.7657657657657657,1.0,-0.5855855855855856,0.5225225225225225,-0.6576576576576577,0.7657657657657657,-0.918918918918919,0.954954954954955,-0.8018018018018018,0.972972972972973,-0.6036036036036037,0.4774774774774775,-0.6846846846846847,0.7297297297297297,-0.954954954954955,0.9369369369369369,-0.8468468468468469,0.972972972972973,-0.6576576576576577,0.4594594594594595,-0.6666666666666666,0.6756756756756757,-0.8738738738738738,0.8558558558558559,-0.8288288288288288,0.9279279279279279,-0.7027027027027027
4,0.0,0.0,0.34545454545454546,0.03636363636363636,0.6454545454545455,-0.01818181818181818,0.8454545454545455,0.06363636363636363,0.9363636363636364,0.17272727272727273,0.5818181818181818,-0.6090909090909091,0.7727272727272727,-0.8818181818181818,0.9545454545454546,-0.8,1.0,-0.6,0.5181818181818182,-0.6545454545454545,0.7636363636363637,-0.9454545454545454,0.9545454545454546,-0.8181818181818182,0.9818181818181818,-0.6181818181818182,0.4818181818181818,-0.6818181818181818,0.7272727272727273,-0.9636363636363636,0.9454545454545454,-0.8454545454545455,0.990909090909091,-0.6636363636363637,0.4636363636363636,-0.6545454545454545,0.7,-0.8636363636363636,0.8818181818181818,-0.8090909090909091,0.9545454545454546,-0.6909090909090909
4,0.0,0.0,0.3482142857142857,0.026785714285714284,0.5982142857142857,-0.03571428571428571,0.8035714285714286,0.017857142857142856,0.9017857142857143,0.07142857142857142,0.4375,-0.6607142857142857,0.7321428571428571,-0.9107142857142857,0.9375,-0.8035714285714286,1.0,-0.625,0.38392857142857145,-0.6964285714285714,0.7678571428571429,-0.9642857142857143,0.9732142857142857,-0.8125,0.9910714285714286,-0.625,0.39285714285714285,-0.6785714285714286,0.7678571428571429,-0.9375,0.9821428571428571,-0.8035714285714286,1.0,-0.6339285714285714,0.44642857142857145,-0.5892857142857143,0.75,-0.8035714285714286,0.9375,-0.7410714285714286,1.0,-0.625
4,0.0,0.0,0.3391304347826087,0.02608695652173913,0.6086956521739131,-0.02608695652173913,0.8173913043478261,0.034782608695652174,0.9130434782608695,0.12173913043478261,0.45217391304347826,-0.6347826086956522,0.7565217391304347,-0.8869565217391304,0.9565217391304348,-0.7739130434782608,1.0,-0.6086956521739131,0.4,-0.6608695652173913,0.7913043478260869,-0.9217391304347826,0.9826086956521739,-0.782608695652174,0.991304347826087,-0.6,0.40869565217391307,-0.6347826086956522,0.7913043478260869,-0.8956521739130435,0.9826086956521739,-0.7652173913043478,0.991304347826087,-0.591304347826087,0.4608695652173913,-0.5652173913043478,0.7652173913043478,-0.7652173913043478,0.9304347826086956,-0.7043478260869566,0.9652173913043478,-0.591304347826087
4,0.0,0.0,0.36885245901639346,0.0,0.6065573770491803,-0.06557377049180328,0.7868852459016393,-0.03278688524590164,0.8524590163934426,0.04918032786885246,0.4426229508196721,-0.6475409836065574,0.7459016393442623,-0.860655737704918,0.9426229508196722,-0.7622950819672131,0.9918032786885246,-0.6065573770491803,0.4016393442622951,-0.6721311475409836,0.7704918032786885,-0.9180327868852459,0.9754098360655737,-0.7868852459016393,1.0,-0.6147540983606558,0.4180327868852459,-0.6311475409836066,0.7786885245901639,-0.8852459016393442,0.9754098360655737,-0.7622950819672131,1.0,-0.6065573770491803,0.48360655737704916,-0.5409836065573771,0.7622950819672131,-0.7377049180327869,0.9262295081967213,-0.6967213114754098,0.9836065573770492,-0.5901639344262295
4,0.0,0.0,0.24271844660194175,0.1262135922330097,0.5145631067961165,0.05825242718446602,0.7087378640776699,0.10679611650485436,0.7961165048543689,0.20388349514563106,0.3786407766990291,-0.49514563106796117,0.6504854368932039,-0.7961165048543689,0.8932038834951457,-0.7669902912621359,1.0,-0.6213592233009708,0.3106796116504854,-0.5922330097087378,0.6601941747572816,-0.9320388349514563,0.9320388349514563,-0.8446601941747572,1.0,-0.6601941747572816,0.2912621359223301,-0.6213592233009708,0.6504854368932039,-0.9029126213592233,0.8932038834951457,-0.8252427184466019,0.9611650485436893,-0.6699029126213593,0.30097087378640774,-0.6019417475728155,0.5922330097087378,-0.8058252427184466,0.8058252427184466,-0.7766990291262136,0.883495145631068,-0.6893203883495146
4,0.0,0.0,0.3629032258064516,0.0,0.6048387096774194,-0.06451612903225806,0.7741935483870968,-0.024193548387096774,0.8225806451612904,0.04032258064516129,0.41935483870967744,-0.6532258064516129,0.7258064516129032,-0.8629032258064516,0.9274193548387096,-0.7580645161290323,0.9919354838709677,-0.5887096774193549,0.3790322580645161,-0.6612903225806451,0.782258064516129,-0.9032258064516129,0.9838709677419355,-0.7580645161290323,1.0,-0.5725806451612904,0.3951612903225806,-0.6129032258064516,0.7661290322580645,-0.8387096774193549,0.9516129032258065,-0.717741935483871,0.9758064516129032,-0.5564516129032258,0.4596774193548387,-0.5080645161290323,0.7338709677419355,-0.6935483870967742,0.8951612903225806,-0.6612903225806451,0.9435483870967742,-0.5645161290322581
4,0.0,0.0,0.21495327102803738,0.14953271028037382,0.4953271028037383,0.09345794392523364,0.7102803738317757,0.12149532710280374,0.8130841121495327,0.22429906542056074,0.411214953271028,-0.42990654205607476,0.6822429906542056,-0.7289719626168224,0.9158878504672897,-0.7009345794392523,1.0,-0.5700934579439252,0.3364485981308411,-0.5514018691588785,0.6822429906542056,-0.8504672897196262,0.9252336448598131,-0.7570093457943925,0.9813084112149533,-0.5794392523364486,0.3177570093457944,-0.5981308411214953,0.6542056074766355,-0.8598130841121495,0.8878504672897196,-0.7663551401869159,0.9532710280373832,-0.6261682242990654,0.3177570093457944,-0.6074766355140186,0.5981308411214953,-0.794392523364486,0.794392523364486,-0.7570093457943925,0.897196261682243,-0.6635514018691588
4,0.0,0.0,0.3548387096774194,0.016129032258064516,0.5967741935483871,-0.056451612903225805,0.7741935483870968,-0.016129032258064516,0.8306451612903226,0.07258064516129033,0.4435483870967742,-0.6370967741935484,0.7419354838709677,-0.8387096774193549,0.9354838709677419,-0.7338709677419355,0.9919354838709677,-0.5806451612903226,0.3951612903225806,-0.6451612903225806,0.7741935483870968,-0.8790322580645161,0.9758064516129032,-0.75,1.0,-0.5725806451612904,0.4112903225806452,-0.6048387096774194,0.7741935483870968,-0.8387096774193549,0.9596774193548387,-0.7258064516129032,0.9919354838709677,-0.5645161290322581,0.46774193548387094,-0.5161290322580645,0.7419354838709677,-0.7016129032258065,0.9032258064516129,-0.6612903225806451,0.9596774193548387,-0.5725806451612904
4,0.0,0.0,0.35772357723577236,0.0,0.5934959349593496,-0.06504065040650407,0.7642276422764228,-0.024390243902439025,0.8292682926829268,0.06504065040650407,0.43089430894308944,-0.6585365853658537,0.7317073170731707,-0.8699186991869918,0.926829268292683,-0.7642276422764228,0.983739837398374,-0.6016260162601627,0.3983739837398374,-0.6666666666666666,0.7886178861788617,-0.9024390243902439,0.983739837398374,-0.7642276422764228,1.0,-0.5853658536585366,0.4065040650406504,-0.6097560975609756,0.7723577235772358,-0.8536585365853658,0.959349593495935,-0.7317073170731707,0.983739837398374,-0.5691056910569106,0.4634146341463415,-0.5121951219512195,0.7235772357723578,-0.6991869918699187,0.8861788617886179,-0.6747967479674797,0.9349593495934959,-0.5934959349593496
4,0.0,0.0,0.36363636363636365,0.008264462809917356,0.6033057851239669,-0.049586776859504134,0.7768595041322314,0.0,0.8512396694214877,0.09090909090909091,0.4462809917355372,-0.628099173553719,0.743801652892562,-0.859504132231405,0.9338842975206612,-0.7603305785123967,1.0,-0.6033057851239669,0.39669421487603307,-0.6528925619834711,0.768595041322314,-0.9173553719008265,0.9752066115702479,-0.7851239669421488,1.0,-0.6115702479338843,0.4049586776859504,-0.6115702479338843,0.768595041322314,-0.8842975206611571,0.9669421487603306,-0.768595041322314,1.0,-0.6033057851239669,0.4628099173553719,-0.5206611570247934,0.7520661157024794,-0.7355371900826446,0.9256198347107438,-0.6942148760330579,0.9752066115702479,-0.5950413223140496
4,0.0,0.0,0.36666666666666664,0.0,0.6,-0.06666666666666667,0.7666666666666667,-0.016666666666666666,0.8416666666666667,0.075,0.43333333333333335,-0.6583333333333333,0.7416666666666667,-0.875,0.9333333333333333,-0.775,0.9916666666666667,-0.6083333333333333,0.39166666666666666,-0.6666666666666666,0.775,-0.925,0.975,-0.7916666666666666,1.0,-0.6166666666666667,0.4083333333333333,-0.625,0.7833333333333333,-0.8916666666666667,0.975,-0.7666666666666667,1.0,-0.6083333333333333,0.48333333333333334,-0.525,0.7666666666666667,-0.7416666666666667,0.9333333333333333,-0.6916666666666667,0.9833333333333333,-0.5916666666666667
4,0.0,0.0,0.36752136752136755,0.017094017094017096,0.5897435897435898,-0.042735042735042736,0.7521367521367521,0.0,0.8034188034188035,0.07692307692307693,0.452991452991453,-0.6410256410256411,0.7521367521367521,-0.8717948717948718,0.9401709401709402,-0.7606837606837606,0.9829059829059829,-0.5982905982905983,0.4017094017094017,-0.6581196581196581,0.7863247863247863,-0.9230769230769231,0.9829059829059829,-0.7692307692307693,1.0,-0.5982905982905983,0.41025641025641024,-0.6239316239316239,0.7863247863247863,-0.8888888888888888,0.9743589743589743,-0.7606837606837606,1.0,-0.5982905982905983,0.47863247863247865,-0.5299145299145299,0.7606837606837606,-0.7435897435897436,0.9145299145299145,-0.7008547008547008,0.9658119658119658,-0.5982905982905983
4,0.0,0.0,0.33043478260869563,0.05217391304347826,0.5739130434782609,-0.008695652173913044,0.7391304347826086,0.02608695652173913,0.782608695652174,0.11304347826086956,0.45217391304347826,-0.6,0.7739130434782608,-0.8521739130434782,0.9652173913043478,-0.7391304347826086,1.0,-0.5826086956521739,0.4,-0.6434782608695652,0.7913043478260869,-0.9130434782608695,0.991304347826087,-0.7565217391304347,1.0,-0.5826086956521739,0.40869565217391307,-0.6260869565217392,0.7913043478260869,-0.8869565217391304,0.9739130434782609,-0.7478260869565218,0.991304347826087,-0.591304347826087,0.46956521739130436,-0.5478260869565217,0.7565217391304347,-0.7565217391304347,0.9217391304347826,-0.6956521739130435,0.9565217391304348,-0.5739130434782609
4,0.0,0.0,0.20588235294117646,0.19607843137254902,0.46078431372549017,0.23529411764705882,0.6372549019607843,0.29411764705882354,0.7352941176470589,0.39215686274509803,0.4411764705882353,-0.2549019607843137,0.7058823529411765,-0.5490196078431373,0.9117647058823529,-0.5490196078431373,1.0,-0.46078431372549017,0.35294117647058826,-0.4019607843137255,0.6666666666666666,-0.6764705882352942,0.9019607843137255,-0.6176470588235294,0.9803921568627451,-0.4803921568627451,0.3137254901960784,-0.47058823529411764,0.6568627450980392,-0.696078431372549,0.8725490196078431,-0.6274509803921569,0.9509803921568627,-0.5098039215686274,0.30392156862745096,-0.5098039215686274,0.5980392156862745,-0.6568627450980392,0.7843137254901961,-0.6176470588235294,0.8823529411764706,-0.5294117647058824
4,0.0,0.0,0.2920353982300885,0.10619469026548672,0.5309734513274337,0.05309734513274336,0.6991150442477876,0.08849557522123894,0.7345132743362832,0.1592920353982301,0.46017699115044247,-0.4778761061946903,0.7787610619469026,-0.7433628318584071,0.9646017699115044,-0.6637168141592921,0.9911504424778761,-0.5221238938053098,0.39823008849557523,-0.5752212389380531,0.7787610619469026,-0.8584070796460177,0.9823008849557522,-0.7345132743362832,1.0,-0.5663716814159292,0.3893805309734513,-0.6017699115044248,0.7522123893805309,-0.8495575221238938,0.9292035398230089,-0.7256637168141593,0.9557522123893806,-0.584070796460177,0.415929203539823,-0.584070796460177,0.6902654867256637,-0.7522123893805309,0.8495575221238938,-0.6902654867256637,0.8938053097345132,-0.584070796460177
4,0.0,0.0,0.2719298245614035,0.09649122807017543,0.5087719298245614,0.03508771929824561,0.6754385964912281,0.07017543859649122,0.7105263157894737,0.16666666666666666,0.5,-0.43859649122807015,0.7807017543859649,-0.6929824561403509,0.956140350877193,-0.6403508771929824,1.0,-0.5087719298245614,0.42105263157894735,-0.5614035087719298,0.7631578947368421,-0.8157894736842105,0.9473684210526315,-0.7017543859649122,0.9736842105263158,-0.5526315789473685,0.37719298245614036,-0.6052631578947368,0.7017543859649122,-0.8245614035087719,0.868421052631579,-0.7192982456140351,0.8947368421052632,-0.5964912280701754,0.3684210526315789,-0.6140350877192983,0.6052631578947368,-0.7719298245614035,0.7543859649122807,-0.7280701754385965,0.8070175438596491,-0.6403508771929824
4,0.0,0.0,0.2831858407079646,0.09734513274336283,0.5221238938053098,0.02654867256637168,0.672566371681416,0.05309734513274336,0.7256637168141593,0.1504424778761062,0.46017699115044247,-0.504424778761062,0.7610619469026548,-0.7522123893805309,0.9469026548672567,-0.672566371681416,1.0,-0.5309734513274337,0.39823008849557523,-0.584070796460177,0.7699115044247787,-0.8495575221238938,0.9734513274336283,-0.7168141592920354,0.9911504424778761,-0.5486725663716814,0.3805309734513274,-0.6017699115044248,0.7345132743362832,-0.8407079646017699,0.9203539823008849,-0.7168141592920354,0.9557522123893806,-0.5752212389380531,0.40707964601769914,-0.5663716814159292,0.6814159292035398,-0.7433628318584071,0.8407079646017699,-0.6814159292035398,0.8938053097345132,-0.584070796460177
4,0.0,0.0,0.32727272727272727,0.03636363636363636,0.5636363636363636,-0.05454545454545454,0.7454545454545455,-0.01818181818181818,0.8363636363636363,0.07272727272727272,0.42727272727272725,-0.6636363636363637,0.7181818181818181,-0.9090909090909091,0.9181818181818182,-0.8,0.9818181818181818,-0.6272727272727273,0.37272727272727274,-0.6909090909090909,0.7363636363636363,-0.9636363636363636,0.9636363636363636,-0.8181818181818182,1.0,-0.6363636363636364,0.38181818181818183,-0.6636363636363637,0.7454545454545455,-0.9454545454545454,0.9636363636363636,-0.8090909090909091,0.990909090909091,-0.6454545454545455,0.44545454545454544,-0.5727272727272728,0.7545454545454545,-0.8090909090909091,0.9272727272727272,-0.7454545454545455,0.9727272727272728,-0.6181818181818182
4,0.0,0.0,0.35398230088495575,0.02654867256637168,0.6460176991150443,-0.035398230088495575,0.8672566371681416,0.04424778761061947,0.9823008849557522,0.12389380530973451,0.4778761061946903,-0.6460176991150443,0.7256637168141593,-0.8938053097345132,0.9292035398230089,-0.8141592920353983,1.0,-0.6460176991150443,0.415929203539823,-0.6814159292035398,0.7433628318584071,-0.9646017699115044,0.9469026548672567,-0.8495575221238938,0.9734513274336283,-0.6460176991150443,0.3893805309734513,-0.672566371681416,0.7168141592920354,-0.9557522123893806,0.9380530973451328,-0.8407079646017699,0.9911504424778761,-0.6637168141592921,0.415929203539823,-0.6106194690265486,0.7079646017699115,-0.8230088495575221,0.9026548672566371,-0.7787610619469026,0.9734513274336283,-0.6548672566371682
4,0.0,0.0,0.35454545454545455,0.03636363636363636,0.6545454545454545,-0.02727272727272727,0.8727272727272727,0.05454545454545454,0.990909090909091,0.15454545454545454,0.5727272727272728,-0.6363636363636364,0.7818181818181819,-0.8909090909090909,0.9636363636363636,-0.8,1.0,-0.6,0.509090909090909,-0.6818181818181818,0.7636363636363637,-0.9636363636363636,0.9727272727272728,-0.8363636363636363,0.9818181818181818,-0.6272727272727273,0.4636363636363636,-0.6909090909090909,0.7363636363636363,-0.9727272727272728,0.9545454545454546,-0.8545454545454545,0.990909090909091,-0.6636363636363637,0.44545454545454544,-0.6545454545454545,0.7090909090909091,-0.8636363636363636,0.9,-0.8090909090909091,0.9727272727272728,-0.6727272727272727
4,0.0,0.0,0.3392857142857143,0.026785714285714284,0.6428571428571429,-0.017857142857142856,0.8482142857142857,0.05357142857142857,0.9464285714285714,0.16071428571428573,0.6160714285714286,-0.5803571428571429,0.7946428571428571,-0.8482142857142857,0.9553571428571429,-0.7678571428571429,1.0,-0.5803571428571429,0.5446428571428571,-0.625,0.7589285714285714,-0.9196428571428571,0.9553571428571429,-0.8214285714285714,0.9732142857142857,-0.6160714285714286,0.4732142857142857,-0.6517857142857143,0.6964285714285714,-0.9375,0.9107142857142857,-0.8392857142857143,0.9642857142857143,-0.6607142857142857,0.41964285714285715,-0.6339285714285714,0.625,-0.8392857142857143,0.8035714285714286,-0.8214285714285714,0.9017857142857143,-0.7142857142857143
4,0.0,0.0,0.34513274336283184,0.02654867256637168,0.6460176991150443,-0.035398230088495575,0.8495575221238938,0.035398230088495575,0.9380530973451328,0.1504424778761062,0.6017699115044248,-0.584070796460177,0.7787610619469026,-0.8584070796460177,0.9557522123893806,-0.7787610619469026,1.0,-0.584070796460177,0.5309734513274337,-0.6283185840707964,0.7433628318584071,-0.9203539823008849,0.9557522123893806,-0.831858407079646,0.9734513274336283,-0.6283185840707964,0.46017699115044247,-0.6371681415929203,0.6902654867256637,-0.9203539823008849,0.911504424778761,-0.831858407079646,0.9646017699115044,-0.6637168141592921,0.415929203539823,-0.6017699115044248,0.6283185840707964,-0.8053097345132744,0.8141592920353983,-0.7964601769911505,0.911504424778761,-0.6902654867256637
4,0.0,0.0,0.31896551724137934,0.017241379310344827,0.6206896551724138,-0.034482758620689655,0.8189655172413793,0.04310344827586207,0.896551724137931,0.15517241379310345,0.603448275862069,-0.5517241379310345,0.7844827586206896,-0.8448275862068966,0.9568965517241379,-0.75,1.0,-0.5603448275862069,0.5344827586206896,-0.5862068965517241,0.7586206896551724,-0.9051724137931034,0.9568965517241379,-0.7844827586206896,0.9655172413793104,-0.5775862068965517,0.46551724137931033,-0.603448275862069,0.6896551724137931,-0.8879310344827587,0.896551724137931,-0.7758620689655172,0.9310344827586207,-0.603448275862069,0.39655172413793105,-0.5862068965517241,0.5862068965517241,-0.8017241379310345,0.7672413793103449,-0.7672413793103449,0.8448275862068966,-0.6637931034482759
4,0.0,0.0,0.3474576271186441,0.01694915254237288,0.635593220338983,-0.03389830508474576,0.8305084745762712,0.03389830508474576,0.9067796610169492,0.11864406779661017,0.576271186440678,-0.576271186440678,0.7711864406779662,-0.847457627118644,0.9491525423728814,-0.7457627118644068,1.0,-0.5508474576271186,0.5,-0.6101694915254238,0.7627118644067796,-0.8898305084745762,0.9661016949152542,-0.7627118644067796,0.9830508474576272,-0.5677966101694916,0.4491525423728814,-0.6016949152542372,0.7033898305084746,-0.864406779661017,0.923728813559322,-0.7542372881355932,0.9661016949152542,-0.576271186440678,0.4067796610169492,-0.5508474576271186,0.635593220338983,-0.7542372881355932,0.8220338983050848,-0.7203389830508474,0.9067796610169492,-0.6186440677966102
4,0.0,0.0,0.3524590163934426,0.03278688524590164,0.6229508196721312,-0.02459016393442623,0.819672131147541,0.03278688524590164,0.8934426229508197,0.12295081967213115,0.5245901639344263,-0.5901639344262295,0.7704918032786885,-0.8278688524590164,0.9590163934426229,-0.7213114754098361,1.0,-0.5327868852459017,0.45901639344262296,-0.6147540983606558,0.7786885245901639,-0.8688524590163934,0.9836065573770492,-0.7295081967213115,0.9918032786885246,-0.5409836065573771,0.4180327868852459,-0.5901639344262295,0.7377049180327869,-0.8278688524590164,0.9508196721311475,-0.7049180327868853,0.9836065573770492,-0.5409836065573771,0.4180327868852459,-0.5081967213114754,0.680327868852459,-0.6885245901639344,0.8688524590163934,-0.6475409836065574,0.9344262295081968,-0.5409836065573771
4,0.0,0.0,0.3524590163934426,0.02459016393442623,0.6229508196721312,-0.03278688524590164,0.8114754098360656,0.04918032786885246,0.9016393442622951,0.1557377049180328,0.5081967213114754,-0.5983606557377049,0.7704918032786885,-0.8278688524590164,0.9508196721311475,-0.7049180327868853,1.0,-0.5245901639344263,0.4426229508196721,-0.6229508196721312,0.7868852459016393,-0.8688524590163934,0.9754098360655737,-0.7213114754098361,0.9836065573770492,-0.5327868852459017,0.4098360655737705,-0.5983606557377049,0.7540983606557377,-0.8360655737704918,0.9508196721311475,-0.6967213114754098,0.9754098360655737,-0.5327868852459017,0.4180327868852459,-0.5163934426229508,0.6967213114754098,-0.6967213114754098,0.8770491803278688,-0.639344262295082,0.9344262295081968,-0.5409836065573771
4,0.0,0.0,0.35,0.025,0.625,-0.025,0.825,0.058333333333333334,0.9166666666666666,0.13333333333333333,0.5333333333333333,-0.5833333333333334,0.7833333333333333,-0.8333333333333334,0.9583333333333334,-0.7083333333333334,1.0,-0.525,0.4583333333333333,-0.6083333333333333,0.7833333333333333,-0.875,0.9833333333333333,-0.7333333333333333,1.0,-0.55,0.4166666666666667,-0.5916666666666667,0.7333333333333333,-0.825,0.95,-0.7,0.9833333333333333,-0.5333333333333333,0.4,-0.5166666666666667,0.6666666666666666,-0.6916666666666667,0.8583333333333333,-0.65,0.925,-0.5416666666666666
4,0.0,0.0,0.3442622950819672,0.03278688524590164,0.6147540983606558,-0.01639344262295082,0.8032786885245902,0.040983606557377046,0.8934426229508197,0.09836065573770492,0.5081967213114754,-0.5901639344262295,0.7704918032786885,-0.819672131147541,0.9508196721311475,-0.6967213114754098,1.0,-0.5,0.4426229508196721,-0.6147540983606558,0.7950819672131147,-0.8524590163934426,0.9836065573770492,-0.6967213114754098,0.9836065573770492,-0.5081967213114754,0.4016393442622951,-0.5819672131147541,0.7377049180327869,-0.8114754098360656,0.9426229508196722,-0.6721311475409836,0.9672131147540983,-0.5,0.4016393442622951,-0.4918032786885246,0.6639344262295082,-0.6721311475409836,0.860655737704918,-0.6311475409836066,0.9262295081967213,-0.5245901639344263
4,0.0,0.0,0.3467741935483871,0.024193548387096774,0.6290322580645161,-0.016129032258064516,0.8225806451612904,0.056451612903225805,0.9032258064516129,0.1532258064516129,0.5161290322580645,-0.5725806451612904,0.7661290322580645,-0.7983870967741935,0.9435483870967742,-0.6774193548387096,1.0,-0.49193548387096775,0.4435483870967742,-0.6048387096774194,0.782258064516129,-0.8306451612903226,0.9758064516129032,-0.6774193548387096,0.9838709677419355,-0.49193548387096775,0.41935483870967744,-0.5887096774193549,0.75,-0.7983870967741935,0.9516129032258065,-0.6532258064516129,0.9838709677419355,-0.4838709677419355,0.4274193548387097,-0.5161290322580645,0.6935483870967742,-0.6774193548387096,0.8709677419354839,-0.6129032258064516,0.9193548387096774,-0.5
4,0.0,0.0,0.36363636363636365,0.03305785123966942,0.6446280991735537,-0.008264462809917356,0.8347107438016529,0.08264462809917356,0.9090909090909091,0.18181818181818182,0.5206611570247934,-0.5867768595041323,0.7768595041322314,-0.8181818181818182,0.9586776859504132,-0.6942148760330579,1.0,-0.512396694214876,0.45454545454545453,-0.6198347107438017,0.7851239669421488,-0.859504132231405,0.9834710743801653,-0.7107438016528925,1.0,-0.5206611570247934,0.4132231404958678,-0.5950413223140496,0.7520661157024794,-0.8099173553719008,0.9586776859504132,-0.6694214876033058,0.9917355371900827,-0.5041322314049587,0.4214876033057851,-0.5041322314049587,0.6942148760330579,-0.6776859504132231,0.8760330578512396,-0.6198347107438017,0.9421487603305785,-0.512396694214876
4,0.0,0.0,0.3467741935483871,0.03225806451612903,0.6129032258064516,-0.016129032258064516,0.8064516129032258,0.07258064516129033,0.8709677419354839,0.1693548387096774,0.5241935483870968,-0.5725806451612904,0.782258064516129,-0.7903225806451613,0.9516129032258065,-0.6774193548387096,1.0,-0.5,0.45161290322580644,-0.5967741935483871,0.7903225806451613,-0.8306451612903226,0.9758064516129032,-0.6935483870967742,0.9838709677419355,-0.5161290322580645,0.41935483870967744,-0.5725806451612904,0.75,-0.7903225806451613,0.9435483870967742,-0.6612903225806451,0.9758064516129032,-0.5,0.41935483870967744,-0.5,0.6854838709677419,-0.6693548387096774,0.8629032258064516,-0.6209677419354839,0.9274193548387096,-0.5161290322580645
4,0.0,0.0,0.352,0.016,0.64,-0.032,0.824,0.048,0.888,0.144,0.544,-0.568,0.784,-0.8,0.96,-0.672,1.0,-0.496,0.472,-0.592,0.8,-0.84,0.984,-0.696,0.992,-0.512,0.424,-0.56,0.744,-0.792,0.944,-0.656,0.976,-0.496,0.4,-0.472,0.656,-0.648,0.84,-0.6,0.912,-0.512
4,0.0,0.0,0.3548387096774194,0.024193548387096774,0.6290322580645161,-0.024193548387096774,0.8064516129032258,0.04032258064516129,0.8709677419354839,0.12903225806451613,0.5403225806451613,-0.5725806451612904,0.782258064516129,-0.7983870967741935,0.9516129032258065,-0.6693548387096774,1.0,-0.5,0.4596774193548387,-0.6048387096774194,0.782258064516129,-0.8387096774193549,0.967741935483871,-0.6935483870967742,0.9919354838709677,-0.5241935483870968,0.4032258064516129,-0.5725806451612904,0.7258064516129032,-0.7903225806451613,0.9274193548387096,-0.6612903225806451,0.9596774193548387,-0.5080645161290323,0.3951612903225806,-0.49193548387096775,0.6451612903225806,-0.6612903225806451,0.8225806451612904,-0.6209677419354839,0.9032258064516129,-0.532258064516129
4,0.0,0.0,0.3548387096774194,0.024193548387096774,0.6290322580645161,-0.016129032258064516,0.8145161290322581,0.056451612903225805,0.8790322580645161,0.13709677419354838,0.532258064516129,-0.5645161290322581,0.7741935483870968,-0.7903225806451613,0.9516129032258065,-0.6612903225806451,1.0,-0.4838709677419355,0.4596774193548387,-0.5887096774193549,0.7903225806451613,-0.8145161290322581,0.9758064516129032,-0.6693548387096774,0.9919354838709677,-0.49193548387096775,0.4274193548387097,-0.5645161290322581,0.75,-0.7741935483870968,0.9516129032258065,-0.6451612903225806,0.9838709677419355,-0.4838709677419355,0.41935483870967744,-0.49193548387096775,0.6774193548387096,-0.6532258064516129,0.8467741935483871,-0.6048387096774194,0.9112903225806451,-0.5
4,0.0,0.0,0.34959349593495936,0.016260162601626018,0.6260162601626016,-0.032520325203252036,0.8130081300813008,0.024390243902439025,0.8699186991869918,0.07317073170731707,0.5365853658536586,-0.5853658536585366,0.7886178861788617,-0.8130081300813008,0.959349593495935,-0.6910569105691057,1.0,-0.5040650406504065,0.4634146341463415,-0.6097560975609756,0.7886178861788617,-0.8536585365853658,0.983739837398374,-0.7073170731707317,1.0,-0.5284552845528455,0.4146341463414634,-0.5853658536585366,0.7398373983739838,-0.8048780487804879,0.943089430894309,-0.6666666666666666,0.975609756097561,-0.5040650406504065,0.4065040650406504,-0.4959349593495935,0.6666666666666666,-0.6666666666666666,0.8536585365853658,-0.6178861788617886,0.926829268292683,-0.5121951219512195
4,0.0,0.0,0.3548387096774194,0.008064516129032258,0.6290322580645161,-0.03225806451612903,0.8145161290322581,0.03225806451612903,0.8790322580645161,0.10483870967741936,0.5483870967741935,-0.5887096774193549,0.7903225806451613,-0.8145161290322581,0.9516129032258065,-0.6854838709677419,1.0,-0.5080645161290323,0.46774193548387094,-0.6129032258064516,0.7903225806451613,-0.8467741935483871,0.9758064516129032,-0.7016129032258065,1.0,-0.5241935483870968,0.41935483870967744,-0.5806451612903226,0.7338709677419355,-0.8064516129032258,0.9354838709677419,-0.6693548387096774,0.9758064516129032,-0.5080645161290323,0.4032258064516129,-0.5,0.6612903225806451,-0.6693548387096774,0.8387096774193549,-0.6209677419354839,0.9112903225806451,-0.532258064516129
4,0.0,0.0,0.352,0.024,0.632,-0.024,0.816,0.056,0.864,0.16,0.528,-0.56,0.784,-0.792,0.96,-0.672,1.0,-0.48,0.456,-0.584,0.792,-0.832,0.984,-0.68,0.992,-0.496,0.4,-0.56,0.744,-0.784,0.944,-0.64,0.976,-0.48,0.392,-0.472,0.656,-0.656,0.84,-0.6,0.904,-0.496
4,0.0,0.0,0.36,0.024,0.632,-0.016,0.816,0.056,0.864,0.168,0.568,-0.568,0.792,-0.792,0.96,-0.672,1.0,-0.496,0.496,-0.6,0.792,-0.832,0.976,-0.688,0.984,-0.504,0.448,-0.576,0.752,-0.784,0.952,-0.656,0.976,-0.488,0.432,-0.504,0.688,-0.664,0.864,-0.608,0.928,-0.504
4,0.0,0.0,0.35772357723577236,0.032520325203252036,0.6260162601626016,-0.016260162601626018,0.8048780487804879,0.04878048780487805,0.8780487804878049,0.13008130081300814,0.5609756097560976,-0.5853658536585366,0.8048780487804879,-0.7967479674796748,0.967479674796748,-0.6585365853658537,1.0,-0.4796747967479675,0.4878048780487805,-0.6097560975609756,0.7967479674796748,-0.8455284552845529,0.983739837398374,-0.6910569105691057,0.991869918699187,-0.5203252032520326,0.43089430894308944,-0.5853658536585366,0.7398373983739838,-0.8048780487804879,0.943089430894309,-0.6666666666666666,0.967479674796748,-0.5040650406504065,0.4146341463414634,-0.5040650406504065,0.6585365853658537,-0.6666666666666666,0.8373983739837398,-0.6178861788617886,0.9105691056910569,-0.5284552845528455
4,0.0,0.0,0.352,0.024,0.624,-0.016,0.808,0.056,0.88,0.144,0.56,-0.56,0.792,-0.792,0.96,-0.672,1.0,-0.496,0.496,-0.592,0.8,-0.824,0.984,-0.68,0.992,-0.496,0.448,-0.576,0.752,-0.776,0.952,-0.648,0.976,-0.48,0.44,-0.504,0.688,-0.664,0.864,-0.608,0.928,-0.496
4,0.0,0.0,0.3467741935483871,0.03225806451612903,0.6129032258064516,-0.016129032258064516,0.7903225806451613,0.056451612903225805,0.8629032258064516,0.1532258064516129,0.5725806451612904,-0.5483870967741935,0.7983870967741935,-0.7903225806451613,0.967741935483871,-0.6693548387096774,1.0,-0.49193548387096775,0.5,-0.5806451612903226,0.7903225806451613,-0.8306451612903226,0.9758064516129032,-0.6854838709677419,0.9758064516129032,-0.5080645161290323,0.4435483870967742,-0.5645161290322581,0.7338709677419355,-0.7903225806451613,0.9354838709677419,-0.6612903225806451,0.9596774193548387,-0.5,0.4112903225806452,-0.5080645161290323,0.6532258064516129,-0.6774193548387096,0.8306451612903226,-0.6209677419354839,0.9032258064516129,-0.5161290322580645
4,0.0,0.0,0.33064516129032256,0.04032258064516129,0.6048387096774194,-0.008064516129032258,0.7903225806451613,0.04838709677419355,0.8629032258064516,0.16129032258064516,0.5967741935483871,-0.532258064516129,0.8064516129032258,-0.782258064516129,0.967741935483871,-0.6612903225806451,1.0,-0.47580645161290325,0.5161290322580645,-0.5645161290322581,0.7903225806451613,-0.8225806451612904,0.9758064516129032,-0.6854838709677419,0.967741935483871,-0.5,0.45161290322580644,-0.5564516129032258,0.7258064516129032,-0.7903225806451613,0.9274193548387096,-0.6612903225806451,0.9516129032258065,-0.5,0.4112903225806452,-0.5080645161290323,0.6451612903225806,-0.6774193548387096,0.8225806451612904,-0.6290322580645161,0.8870967741935484,-0.5241935483870968
4,0.0,0.0,0.33064516129032256,0.024193548387096774,0.6048387096774194,-0.024193548387096774,0.7741935483870968,0.04032258064516129,0.8548387096774194,0.14516129032258066,0.6129032258064516,-0.5241935483870968,0.8145161290322581,-0.782258064516129,0.967741935483871,-0.6693548387096774,1.0,-0.49193548387096775,0.5403225806451613,-0.5564516129032258,0.7903225806451613,-0.8306451612903226,0.967741935483871,-0.6935483870967742,0.967741935483871,-0.5161290322580645,0.46774193548387094,-0.5483870967741935,0.7096774193548387,-0.7983870967741935,0.8951612903225806,-0.6774193548387096,0.9274193548387096,-0.5161290322580645,0.4032258064516129,-0.5080645161290323,0.5967741935483871,-0.6935483870967742,0.7741935483870968,-0.6612903225806451,0.8548387096774194,-0.5725806451612904
4,0.0,0.0,0.336,0.024,0.608,-0.024,0.776,0.048,0.864,0.144,0.6,-0.52,0.8,-0.792,0.96,-0.68,1.0,-0.496,0.528,-0.544,0.784,-0.832,0.968,-0.696,0.968,-0.512,0.456,-0.536,0.704,-0.784,0.896,-0.672,0.936,-0.512,0.408,-0.488,0.6,-0.68,0.784,-0.656,0.864,-0.568
4,0.0,0.0,0.288135593220339,0.0423728813559322,0.5932203389830508,-0.00847457627118644,0.8135593220338984,0.07627118644067797,0.923728813559322,0.2033898305084746,0.6694915254237288,-0.4915254237288136,0.8559322033898306,-0.7711864406779662,0.9830508474576272,-0.7033898305084746,1.0,-0.5423728813559322,0.5847457627118644,-0.576271186440678,0.7796610169491526,-0.8983050847457628,0.923728813559322,-0.8135593220338984,0.9067796610169492,-0.6271186440677966,0.4576271186440678,-0.6186440677966102,0.635593220338983,-0.9322033898305084,0.7796610169491526,-0.847457627118644,0.788135593220339,-0.6779661016949152,0.3135593220338983,-0.6440677966101694,0.4406779661016949,-0.8898305084745762,0.5847457627118644,-0.8728813559322034,0.652542372881356,-0.7627118644067796
4,0.0,0.0,0.2767857142857143,0.0625,0.5625,0.03571428571428571,0.75,0.16071428571428573,0.8482142857142857,0.30357142857142855,0.6964285714285714,-0.5089285714285714,0.8928571428571429,-0.8303571428571429,1.0,-0.7589285714285714,0.9821428571428571,-0.5892857142857143,0.5714285714285714,-0.5982142857142857,0.7678571428571429,-0.9732142857142857,0.875,-0.875,0.8303571428571429,-0.6696428571428571,0.4107142857142857,-0.6428571428571429,0.5535714285714286,-1.0,0.6875,-0.9464285714285714,0.6785714285714286,-0.7589285714285714,0.22321428571428573,-0.6428571428571429,0.33035714285714285,-0.9107142857142857,0.45535714285714285,-0.9285714285714286,0.5178571428571429,-0.8392857142857143
4,0.0,0.0,0.2159090909090909,0.125,0.4431818181818182,0.20454545454545456,0.6022727272727273,0.29545454545454547,0.7159090909090909,0.38636363636363635,0.7045454545454546,-0.4090909090909091,0.9318181818181818,-0.5909090909090909,1.0,-0.5,0.9886363636363636,-0.3409090909090909,0.5340909090909091,-0.5568181818181818,0.7727272727272727,-0.8295454545454546,0.8295454545454546,-0.6704545454545454,0.7840909090909091,-0.4659090909090909,0.32954545454545453,-0.6363636363636364,0.5113636363636364,-0.875,0.5909090909090909,-0.7386363636363636,0.5795454545454546,-0.5681818181818182,0.09090909090909091,-0.6704545454545454,0.2159090909090909,-0.8409090909090909,0.3068181818181818,-0.7840909090909091,0.3522727272727273,-0.6818181818181818
4,0.0,0.0,0.24786324786324787,0.042735042735042736,0.5128205128205128,0.017094017094017096,0.6837606837606838,0.1111111111111111,0.7692307692307693,0.2222222222222222,0.6752136752136753,-0.5213675213675214,0.8717948717948718,-0.811965811965812,0.9658119658119658,-0.7435897435897436,0.9316239316239316,-0.5726495726495726,0.5384615384615384,-0.6153846153846154,0.7264957264957265,-0.9743589743589743,0.8376068376068376,-0.8803418803418803,0.7948717948717948,-0.6752136752136753,0.37606837606837606,-0.6581196581196581,0.5128205128205128,-1.0,0.6495726495726496,-0.9401709401709402,0.6581196581196581,-0.7606837606837606,0.18803418803418803,-0.6581196581196581,0.2905982905982906,-0.9145299145299145,0.4188034188034188,-0.9230769230769231,0.48717948717948717,-0.8376068376068376
4,0.0,0.0,0.26495726495726496,0.05128205128205128,0.5470085470085471,0.02564102564102564,0.7350427350427351,0.1282051282051282,0.811965811965812,0.28205128205128205,0.6837606837606838,-0.5128205128205128,0.8717948717948718,-0.811965811965812,0.9743589743589743,-0.7435897435897436,0.9487179487179487,-0.5726495726495726,0.5470085470085471,-0.6153846153846154,0.7350427350427351,-0.9743589743589743,0.8290598290598291,-0.8888888888888888,0.7777777777777778,-0.6837606837606838,0.39316239316239315,-0.6495726495726496,0.5299145299145299,-1.0,0.6495726495726496,-0.9401709401709402,0.6410256410256411,-0.7606837606837606,0.20512820512820512,-0.6581196581196581,0.29914529914529914,-0.905982905982906,0.42735042735042733,-0.9230769230769231,0.48717948717948717,-0.8205128205128205
4,0.0,0.0,0.26956521739130435,0.034782608695652174,0.5565217391304348,0.02608695652173913,0.7391304347826086,0.1391304347826087,0.8260869565217391,0.2956521739130435,0.7130434782608696,-0.5304347826086957,0.9043478260869565,-0.808695652173913,1.0,-0.7478260869565218,0.9652173913043478,-0.5739130434782609,0.5739130434782609,-0.6260869565217392,0.7652173913043478,-0.9739130434782609,0.8608695652173913,-0.8869565217391304,0.808695652173913,-0.6869565217391305,0.41739130434782606,-0.6695652173913044,0.5565217391304348,-1.0,0.6695652173913044,-0.9391304347826087,0.6608695652173913,-0.7652173913043478,0.22608695652173913,-0.6782608695652174,0.33043478260869563,-0.9217391304347826,0.4434782608695652,-0.9304347826086956,0.5043478260869565,-0.8347826086956521
4,0.0,0.0,0.2396694214876033,0.049586776859504134,0.48760330578512395,0.03305785123966942,0.6363636363636364,0.10743801652892562,0.71900826446281,0.19008264462809918,0.6528925619834711,-0.512396694214876,0.8181818181818182,-0.8181818181818182,0.9008264462809917,-0.768595041322314,0.859504132231405,-0.5950413223140496,0.512396694214876,-0.6115702479338843,0.6776859504132231,-0.9669421487603306,0.7520661157024794,-0.8760330578512396,0.7107438016528925,-0.6776859504132231,0.34710743801652894,-0.6528925619834711,0.4628099173553719,-1.0,0.5619834710743802,-0.9421487603305785,0.5619834710743802,-0.7520661157024794,0.15702479338842976,-0.6528925619834711,0.23140495867768596,-0.9090909090909091,0.33884297520661155,-0.9256198347107438,0.39669421487603307,-0.8181818181818182
4,0.0,0.0,0.20930232558139536,0.12790697674418605,0.4418604651162791,0.19767441860465115,0.6046511627906976,0.36046511627906974,0.7209302325581395,0.4883720930232558,0.7325581395348837,-0.4418604651162791,0.9302325581395349,-0.686046511627907,0.9883720930232558,-0.6162790697674418,0.9418604651162791,-0.4418604651162791,0.5348837209302325,-0.6162790697674418,0.7325581395348837,-0.9418604651162791,0.7674418604651163,-0.7906976744186046,0.6976744186046512,-0.5813953488372093,0.313953488372093,-0.6976744186046512,0.45348837209302323,-1.0,0.5,-0.8372093023255814,0.46511627906976744,-0.6511627906976745,0.05813953488372093,-0.7093023255813954,0.16279069767441862,-0.9302325581395349,0.23255813953488372,-0.8488372093023255,0.23255813953488372,-0.7093023255813954
4,0.0,0.0,0.23770491803278687,0.03278688524590164,0.47540983606557374,0.01639344262295082,0.6229508196721312,0.09016393442622951,0.6967213114754098,0.1721311475409836,0.6475409836065574,-0.5245901639344263,0.8032786885245902,-0.819672131147541,0.8688524590163934,-0.7786885245901639,0.819672131147541,-0.6229508196721312,0.5,-0.6229508196721312,0.6557377049180327,-0.9836065573770492,0.7213114754098361,-0.9098360655737705,0.680327868852459,-0.7131147540983607,0.3360655737704918,-0.6639344262295082,0.4426229508196721,-1.0,0.5327868852459017,-0.9590163934426229,0.5163934426229508,-0.7868852459016393,0.14754098360655737,-0.6639344262295082,0.21311475409836064,-0.9180327868852459,0.3114754098360656,-0.9344262295081968,0.36885245901639346,-0.8442622950819673
4,0.0,0.0,0.25,0.09523809523809523,0.5,0.10714285714285714,0.6547619047619048,0.16666666666666666,0.7023809523809523,0.2261904761904762,0.75,-0.4642857142857143,0.9285714285714286,-0.7023809523809523,0.9761904761904762,-0.6190476190476191,0.9166666666666666,-0.42857142857142855,0.5238095238095238,-0.6309523809523809,0.7142857142857143,-0.9642857142857143,0.7380952380952381,-0.7857142857142857,0.6547619047619048,-0.5595238095238095,0.2857142857142857,-0.7023809523809523,0.40476190476190477,-1.0,0.4523809523809524,-0.8333333333333334,0.4166666666666667,-0.6309523809523809,0.011904761904761904,-0.7142857142857143,0.11904761904761904,-0.9047619047619048,0.17857142857142858,-0.8214285714285714,0.17857142857142858,-0.6904761904761905
4,0.0,0.0,0.22580645161290322,0.024193548387096774,0.4596774193548387,0.008064516129032258,0.6048387096774194,0.08064516129032258,0.6774193548387096,0.1774193548387097,0.6290322580645161,-0.5241935483870968,0.7661290322580645,-0.8225806451612904,0.8225806451612904,-0.7983870967741935,0.7741935483870968,-0.6290322580645161,0.47580645161290325,-0.6209677419354839,0.6048387096774194,-0.9838709677419355,0.6612903225806451,-0.9193548387096774,0.6209677419354839,-0.7258064516129032,0.3064516129032258,-0.6612903225806451,0.4032258064516129,-1.0,0.47580645161290325,-0.967741935483871,0.4596774193548387,-0.7983870967741935,0.11290322580645161,-0.6532258064516129,0.1693548387096774,-0.9112903225806451,0.25806451612903225,-0.9435483870967742,0.3064516129032258,-0.8629032258064516
4,0.0,0.0,0.22764227642276422,0.024390243902439025,0.4634146341463415,0.016260162601626018,0.6016260162601627,0.08943089430894309,0.6747967479674797,0.2032520325203252,0.6341463414634146,-0.5203252032520326,0.7642276422764228,-0.8211382113821138,0.8048780487804879,-0.7967479674796748,0.7560975609756098,-0.6341463414634146,0.4715447154471545,-0.6178861788617886,0.6097560975609756,-0.975609756097561,0.6422764227642277,-0.9186991869918699,0.6016260162601627,-0.7235772357723578,0.3089430894308943,-0.6585365853658537,0.3983739837398374,-1.0,0.45528455284552843,-0.967479674796748,0.43902439024390244,-0.7967479674796748,0.11382113821138211,-0.6585365853658537,0.16260162601626016,-0.9105691056910569,0.23577235772357724,-0.943089430894309,0.2845528455284553,-0.8617886178861789
4,0.0,0.0,0.26744186046511625,0.06976744186046512,0.5348837209302325,0.046511627906976744,0.686046511627907,0.046511627906976744,0.7441860465116279,0.05813953488372093,0.7558139534883721,-0.45348837209302323,0.9302325581395349,-0.7325581395348837,0.9302325581395349,-0.6976744186046512,0.8604651162790697,-0.5465116279069767,0.5232558139534884,-0.6046511627906976,0.7093023255813954,-0.9534883720930233,0.6976744186046512,-0.8255813953488372,0.6162790697674418,-0.627906976744186,0.27906976744186046,-0.6744186046511628,0.4069767441860465,-1.0,0.4069767441860465,-0.8488372093023255,0.36046511627906974,-0.6511627906976745,0.023255813953488372,-0.686046511627907,0.08139534883720931,-0.9186046511627907,0.12790697674418605,-0.8604651162790697,0.1511627906976744,-0.7441860465116279
4,0.0,0.0,0.216,0.024,0.448,0.008,0.592,0.088,0.664,0.184,0.608,-0.528,0.728,-0.824,0.76,-0.816,0.712,-0.656,0.44,-0.624,0.56,-0.984,0.576,-0.936,0.528,-0.744,0.272,-0.664,0.36,-1.0,0.384,-0.976,0.36,-0.8,0.08,-0.656,0.128,-0.904,0.176,-0.928,0.2,-0.84
4,0.0,0.0,0.23376623376623376,0.03896103896103896,0.5194805194805194,0.012987012987012988,0.6493506493506493,0.06493506493506493,0.6883116883116883,0.14285714285714285,0.6753246753246753,-0.42857142857142855,0.8571428571428571,-0.6623376623376623,0.8831168831168831,-0.6753246753246753,0.8181818181818182,-0.5844155844155844,0.45454545454545453,-0.5974025974025974,0.6233766233766234,-0.922077922077922,0.6233766233766234,-0.8571428571428571,0.5454545454545454,-0.6883116883116883,0.2077922077922078,-0.6753246753246753,0.3116883116883117,-1.0,0.3246753246753247,-0.9090909090909091,0.2727272727272727,-0.7272727272727273,-0.05194805194805195,-0.6753246753246753,-0.012987012987012988,-0.922077922077922,0.025974025974025976,-0.8961038961038961,0.025974025974025976,-0.7662337662337663
4,0.0,0.0,0.1953125,-0.0078125,0.3984375,-0.0703125,0.5625,-0.0390625,0.65625,0.0546875,0.546875,-0.5625,0.6640625,-0.8046875,0.671875,-0.84375,0.6171875,-0.7421875,0.390625,-0.65625,0.5,-0.9765625,0.4921875,-0.9765625,0.4453125,-0.828125,0.2265625,-0.6875,0.3046875,-0.9765625,0.3125,-1.0,0.2890625,-0.8671875,0.046875,-0.6640625,0.0859375,-0.890625,0.125,-0.9453125,0.15625,-0.8984375
4,0.0,0.0,0.2441860465116279,0.10465116279069768,0.5116279069767442,0.1511627906976744,0.6976744186046512,0.23255813953488372,0.8255813953488372,0.32558139534883723,0.7558139534883721,-0.38372093023255816,0.8953488372093024,-0.6744186046511628,0.9302325581395349,-0.7441860465116279,0.8837209302325582,-0.6511627906976745,0.5465116279069767,-0.5465116279069767,0.686046511627907,-0.9418604651162791,0.6976744186046512,-0.9186046511627907,0.6395348837209303,-0.7441860465116279,0.32558139534883723,-0.627906976744186,0.4069767441860465,-1.0,0.43023255813953487,-0.9534883720930233,0.38372093023255816,-0.7558139534883721,0.08139534883720931,-0.6511627906976745,0.11627906976744186,-0.9186046511627907,0.1511627906976744,-0.9069767441860465,0.1511627906976744,-0.7790697674418605
4,0.0,0.0,0.18110236220472442,-0.015748031496062992,0.3937007874015748,-0.07086614173228346,0.5590551181102362,-0.03937007874015748,0.6535433070866141,0.07086614173228346,0.5433070866141733,-0.5669291338582677,0.6692913385826772,-0.8267716535433071,0.6850393700787402,-0.8582677165354331,0.6377952755905512,-0.7480314960629921,0.3937007874015748,-0.6614173228346457,0.49606299212598426,-0.9921259842519685,0.5039370078740157,-0.984251968503937,0.4566929133858268,-0.8346456692913385,0.23622047244094488,-0.6850393700787402,0.30708661417322836,-0.984251968503937,0.3228346456692913,-1.0,0.2992125984251969,-0.8740157480314961,0.06299212598425197,-0.6692913385826772,0.09448818897637795,-0.8976377952755905,0.13385826771653545,-0.9448818897637795,0.15748031496062992,-0.8976377952755905
4,0.0,0.0,0.18253968253968253,-0.015873015873015872,0.3888888888888889,-0.07936507936507936,0.5396825396825397,-0.047619047619047616,0.6349206349206349,0.05555555555555555,0.5317460317460317,-0.5714285714285714,0.6507936507936508,-0.8253968253968254,0.6587301587301587,-0.8492063492063492,0.6111111111111112,-0.7380952380952381,0.373015873015873,-0.6587301587301587,0.48412698412698413,-0.9841269841269841,0.47619047619047616,-0.9761904761904762,0.42857142857142855,-0.8253968253968254,0.21428571428571427,-0.6904761904761905,0.29365079365079366,-0.9841269841269841,0.30158730158730157,-1.0,0.2857142857142857,-0.8650793650793651,0.03968253968253968,-0.6666666666666666,0.07142857142857142,-0.8888888888888888,0.1111111111111111,-0.9523809523809523,0.15079365079365079,-0.9047619047619048
4,0.0,0.0,0.18253968253968253,-0.023809523809523808,0.3888888888888889,-0.09523809523809523,0.5396825396825397,-0.06349206349206349,0.6190476190476191,0.03968253968253968,0.5317460317460317,-0.5793650793650794,0.6428571428571429,-0.8253968253968254,0.6507936507936508,-0.8571428571428571,0.6031746031746031,-0.753968253968254,0.373015873015873,-0.6666666666666666,0.47619047619047616,-0.9920634920634921,0.4603174603174603,-0.9920634920634921,0.4126984126984127,-0.8492063492063492,0.20634920634920634,-0.6904761904761905,0.2777777777777778,-0.9761904761904762,0.2777777777777778,-1.0,0.25396825396825395,-0.873015873015873,0.031746031746031744,-0.6587301587301587,0.06349206349206349,-0.8888888888888888,0.0873015873015873,-0.9444444444444444,0.11904761904761904,-0.8968253968253969
4,0.0,0.0,0.18110236220472442,-0.015748031496062992,0.3779527559055118,-0.07874015748031496,0.5354330708661418,-0.05511811023622047,0.6299212598425197,0.031496062992125984,0.5196850393700787,-0.5748031496062992,0.6377952755905512,-0.8267716535433071,0.6377952755905512,-0.8661417322834646,0.5826771653543307,-0.7637795275590551,0.36220472440944884,-0.6535433070866141,0.47244094488188976,-0.984251968503937,0.44881889763779526,-0.9921259842519685,0.4015748031496063,-0.84251968503937,0.2047244094488189,-0.6771653543307087,0.2755905511811024,-0.9763779527559056,0.2755905511811024,-1.0,0.25196850393700787,-0.8661417322834646,0.031496062992125984,-0.6535433070866141,0.06299212598425197,-0.8818897637795275,0.08661417322834646,-0.937007874015748,0.11811023622047244,-0.889763779527559
4,0.0,0.0,0.15873015873015872,0.0,0.3333333333333333,-0.06349206349206349,0.46825396825396826,-0.047619047619047616,0.5396825396825397,0.031746031746031744,0.5317460317460317,-0.5634920634920635,0.6349206349206349,-0.8333333333333334,0.5952380952380952,-0.8650793650793651,0.5396825396825397,-0.746031746031746,0.36507936507936506,-0.6507936507936508,0.46825396825396826,-0.9761904761904762,0.40476190476190477,-0.9761904761904762,0.3492063492063492,-0.8571428571428571,0.1984126984126984,-0.6825396825396826,0.2698412698412698,-0.9603174603174603,0.23809523809523808,-1.0,0.20634920634920634,-0.8888888888888888,0.031746031746031744,-0.6587301587301587,0.05555555555555555,-0.8809523809523809,0.06349206349206349,-0.9444444444444444,0.07936507936507936,-0.9126984126984127
4,0.0,0.0,0.13385826771653545,0.023622047244094488,0.2677165354330709,-0.03937007874015748,0.3228346456692913,-0.05511811023622047,0.3700787401574803,-0.047244094488188976,0.47244094488188976,-0.5590551181102362,0.5826771653543307,-0.8346456692913385,0.5118110236220472,-0.8661417322834646,0.4330708661417323,-0.7637795275590551,0.30708661417322836,-0.6299212598425197,0.4251968503937008,-0.9763779527559056,0.3228346456692913,-0.984251968503937,0.2440944881889764,-0.8582677165354331,0.14960629921259844,-0.6692913385826772,0.2204724409448819,-0.952755905511811,0.15748031496062992,-1.0,0.10236220472440945,-0.8818897637795275,0.0,-0.6456692913385826,0.031496062992125984,-0.8818897637795275,0.015748031496062992,-0.952755905511811,0.0,-0.905511811023622
4,0.0,0.0,0.08943089430894309,0.056910569105691054,0.18699186991869918,0.024390243902439025,0.2032520325203252,0.0,0.2032520325203252,-0.016260162601626018,0.4715447154471545,-0.5203252032520326,0.5609756097560976,-0.8048780487804879,0.44715447154471544,-0.8617886178861789,0.3333333333333333,-0.7723577235772358,0.3089430894308943,-0.5934959349593496,0.4065040650406504,-0.9512195121951219,0.2601626016260163,-0.983739837398374,0.15447154471544716,-0.8780487804878049,0.14634146341463414,-0.6504065040650406,0.21951219512195122,-0.9512195121951219,0.10569105691056911,-1.0,0.008130081300813009,-0.8861788617886179,0.0,-0.6666666666666666,0.024390243902439025,-0.9024390243902439,-0.032520325203252036,-0.959349593495935,-0.08130081300813008,-0.8943089430894309
4,0.0,0.0,0.1092436974789916,0.07563025210084033,0.21008403361344538,0.05042016806722689,0.18487394957983194,0.01680672268907563,0.11764705882352941,-0.008403361344537815,0.46218487394957986,-0.5126050420168067,0.5462184873949579,-0.8403361344537815,0.42857142857142855,-0.8823529411764706,0.3277310924369748,-0.7899159663865546,0.3025210084033613,-0.5966386554621849,0.37815126050420167,-0.9747899159663865,0.24369747899159663,-1.0,0.14285714285714285,-0.8823529411764706,0.14285714285714285,-0.6470588235294118,0.20168067226890757,-0.9663865546218487,0.09243697478991597,-1.0,0.0,-0.8823529411764706,-0.008403361344537815,-0.6554621848739496,0.01680672268907563,-0.907563025210084,-0.04201680672268908,-0.9495798319327731,-0.08403361344537816,-0.8823529411764706
4,0.0,0.0,0.1016949152542373,0.059322033898305086,0.1694915254237288,0.0423728813559322,0.11864406779661017,0.00847457627118644,0.07627118644067797,-0.03389830508474576,0.4406779661016949,-0.5,0.4830508474576271,-0.8135593220338984,0.3050847457627119,-0.8389830508474576,0.17796610169491525,-0.7457627118644068,0.3050847457627119,-0.6101694915254238,0.3644067796610169,-0.9576271186440678,0.19491525423728814,-0.9745762711864406,0.06779661016949153,-0.8728813559322034,0.15254237288135594,-0.6694915254237288,0.2033898305084746,-0.9661016949152542,0.059322033898305086,-1.0,-0.0423728813559322,-0.8983050847457628,0.00847457627118644,-0.6864406779661016,0.025423728813559324,-0.9067796610169492,-0.05084745762711865,-0.9576271186440678,-0.1016949152542373,-0.8983050847457628
4,0.0,0.0,0.08695652173913043,0.09565217391304348,0.1565217391304348,0.0782608695652174,0.11304347826086956,0.008695652173913044,0.06086956521739131,-0.10434782608695652,0.3826086956521739,-0.4434782608695652,0.3391304347826087,-0.6782608695652174,0.1565217391304348,-0.6956521739130435,0.034782608695652174,-0.6608695652173913,0.28695652173913044,-0.6,0.3739130434782609,-0.9478260869565217,0.1565217391304348,-0.9304347826086956,0.017391304347826087,-0.8260869565217391,0.1565217391304348,-0.6869565217391305,0.20869565217391303,-1.0,0.02608695652173913,-0.991304347826087,-0.10434782608695652,-0.8695652173913043,0.008695652173913044,-0.7130434782608696,0.008695652173913044,-0.9391304347826087,-0.10434782608695652,-0.9565217391304348,-0.1826086956521739,-0.8695652173913043
4,0.0,0.0,0.05084745762711865,0.05084745762711865,0.059322033898305086,0.0,-0.01694915254237288,-0.06779661016949153,-0.0423728813559322,-0.17796610169491525,0.3050847457627119,-0.5169491525423728,0.2796610169491525,-0.7966101694915254,0.09322033898305085,-0.7966101694915254,-0.03389830508474576,-0.7288135593220338,0.19491525423728814,-0.6271186440677966,0.2457627118644068,-0.9745762711864406,0.05084745762711865,-0.9576271186440678,-0.07627118644067797,-0.847457627118644,0.059322033898305086,-0.6779661016949152,0.09322033898305085,-0.9915254237288136,-0.06779661016949153,-1.0,-0.17796610169491525,-0.8898305084745762,-0.0847457627118644,-0.6949152542372882,-0.0847457627118644,-0.9152542372881356,-0.17796610169491525,-0.9491525423728814,-0.2457627118644068,-0.8728813559322034
4,0.0,0.0,0.009009009009009009,0.0990990990990991,-0.018018018018018018,0.08108108108108109,-0.10810810810810811,0.009009009009009009,-0.16216216216216217,-0.08108108108108109,0.24324324324324326,-0.42342342342342343,0.21621621621621623,-0.6936936936936937,0.036036036036036036,-0.7297297297297297,-0.0990990990990991,-0.7117117117117117,0.16216216216216217,-0.5855855855855856,0.1891891891891892,-0.9459459459459459,-0.018018018018018018,-0.9459459459459459,-0.17117117117117117,-0.8558558558558559,0.036036036036036036,-0.6756756756756757,0.036036036036036036,-1.0,-0.15315315315315314,-0.990990990990991,-0.2882882882882883,-0.8918918918918919,-0.09009009009009009,-0.7207207207207207,-0.11711711711711711,-0.9369369369369369,-0.26126126126126126,-0.954954954954955,-0.36936936936936937,-0.8828828828828829
4,0.0,0.0,-0.02631578947368421,-0.18421052631578946,-0.05263157894736842,-0.4473684210526316,-0.11842105263157894,-0.6578947368421053,-0.19736842105263158,-0.8289473684210527,-0.05263157894736842,-0.7894736842105263,-0.27631578947368424,-0.9342105263157895,-0.4605263157894737,-0.868421052631579,-0.6052631578947368,-0.7631578947368421,-0.09210526315789473,-0.8552631578947368,-0.35526315789473684,-0.9868421052631579,-0.5263157894736842,-0.881578947368421,-0.618421052631579,-0.7236842105263158,-0.11842105263157894,-0.8552631578947368,-0.35526315789473684,-1.0,-0.5263157894736842,-0.9078947368421053,-0.631578947368421,-0.7631578947368421,-0.11842105263157894,-0.8157894736842105,-0.34210526315789475,-0.881578947368421,-0.4473684210526316,-0.8157894736842105,-0.5,-0.7105263157894737
4,0.0,0.0,-0.11016949152542373,0.03389830508474576,-0.22033898305084745,-0.05084745762711865,-0.3474576271186441,-0.0847457627118644,-0.423728813559322,-0.0847457627118644,-0.025423728813559324,-0.5677966101694916,-0.09322033898305085,-0.8898305084745762,-0.2711864406779661,-0.8813559322033898,-0.4067796610169492,-0.8050847457627118,-0.059322033898305086,-0.635593220338983,-0.16101694915254236,-1.0,-0.3559322033898305,-0.9915254237288136,-0.4830508474576271,-0.864406779661017,-0.11016949152542373,-0.652542372881356,-0.211864406779661,-0.9491525423728814,-0.3983050847457627,-0.940677966101695,-0.5084745762711864,-0.8389830508474576,-0.1694915254237288,-0.6440677966101694,-0.2627118644067797,-0.8559322033898306,-0.3983050847457627,-0.8559322033898306,-0.4915254237288136,-0.7966101694915254
4,0.0,0.0,-0.27941176470588236,-0.25,-0.35294117647058826,-0.5294117647058824,-0.38235294117647056,-0.7352941176470589,-0.39705882352941174,-0.8970588235294118,-0.23529411764705882,-0.9264705882352942,-0.4852941176470588,-0.9705882352941176,-0.6764705882352942,-0.8382352941176471,-0.7941176470588235,-0.6764705882352942,-0.17647058823529413,-0.9705882352941176,-0.5,-1.0,-0.6911764705882353,-0.8382352941176471,-0.7941176470588235,-0.6617647058823529,-0.08823529411764706,-0.9558823529411765,-0.4411764705882353,-0.9852941176470589,-0.6470588235294118,-0.8382352941176471,-0.75,-0.6764705882352942,-0.014705882352941176,-0.8676470588235294,-0.3382352941176471,-0.8823529411764706,-0.5,-0.7794117647058824,-0.6029411764705882,-0.6617647058823529
4,0.0,0.0,-0.0873015873015873,-0.06349206349206349,-0.20634920634920634,-0.19047619047619047,-0.3412698412698413,-0.21428571428571427,-0.4603174603174603,-0.18253968253968253,-0.03968253968253968,-0.6507936507936508,-0.10317460317460317,-0.9682539682539683,-0.2777777777777778,-0.9603174603174603,-0.42063492063492064,-0.8650793650793651,-0.0873015873015873,-0.6666666666666666,-0.1984126984126984,-1.0,-0.373015873015873,-1.0,-0.47619047619047616,-0.8968253968253969,-0.14285714285714285,-0.6428571428571429,-0.24603174603174602,-0.9047619047619048,-0.3968253968253968,-0.9126984126984127,-0.49206349206349204,-0.8492063492063492,-0.18253968253968253,-0.6031746031746031,-0.2698412698412698,-0.7777777777777778,-0.36507936507936506,-0.7857142857142857,-0.42857142857142855,-0.746031746031746
4,0.0,0.0,-0.17142857142857143,-0.2571428571428571,-0.2,-0.5428571428571428,-0.24285714285714285,-0.7142857142857143,-0.32857142857142857,-0.8714285714285714,-0.12857142857142856,-0.9571428571428572,-0.35714285714285715,-0.9857142857142858,-0.5571428571428572,-0.8714285714285714,-0.6857142857142857,-0.7428571428571429,-0.12857142857142856,-1.0,-0.42857142857142855,-1.0,-0.6142857142857143,-0.8714285714285714,-0.7285714285714285,-0.7142857142857143,-0.11428571428571428,-0.9857142857142858,-0.42857142857142855,-0.9714285714285714,-0.6142857142857143,-0.8428571428571429,-0.7285714285714285,-0.7,-0.1,-0.9,-0.38571428571428573,-0.8857142857142857,-0.5142857142857142,-0.8,-0.6142857142857143,-0.7
4,0.0,0.0,-0.104,-0.064,-0.232,-0.208,-0.384,-0.24,-0.504,-0.2,-0.04,-0.656,-0.136,-0.96,-0.32,-0.952,-0.472,-0.88,-0.088,-0.672,-0.2,-1.0,-0.384,-1.0,-0.504,-0.912,-0.144,-0.64,-0.24,-0.904,-0.4,-0.92,-0.512,-0.864,-0.184,-0.6,-0.256,-0.784,-0.368,-0.808,-0.464,-0.784
4,0.0,0.0,-0.288135593220339,-0.15254237288135594,-0.5084745762711864,-0.3559322033898305,-0.711864406779661,-0.4406779661016949,-0.8813559322033898,-0.4745762711864407,-0.3559322033898305,-0.8135593220338984,-0.711864406779661,-0.711864406779661,-0.8983050847457628,-0.576271186440678,-1.0,-0.4406779661016949,-0.3220338983050847,-0.8135593220338984,-0.7288135593220338,-0.6949152542372882,-0.8983050847457628,-0.5254237288135594,-1.0,-0.3898305084745763,-0.3050847457627119,-0.7457627118644068,-0.711864406779661,-0.6271186440677966,-0.8813559322033898,-0.4915254237288136,-1.0,-0.3898305084745763,-0.288135593220339,-0.6271186440677966,-0.6271186440677966,-0.559322033898305,-0.7796610169491526,-0.4915254237288136,-0.8983050847457628,-0.4067796610169492
4,0.0,0.0,-0.16806722689075632,-0.07563025210084033,-0.36134453781512604,-0.20168067226890757,-0.5546218487394958,-0.20168067226890757,-0.6722689075630253,-0.12605042016806722,-0.14285714285714285,-0.6638655462184874,-0.2689075630252101,-0.9915966386554622,-0.46218487394957986,-0.9663865546218487,-0.6134453781512605,-0.865546218487395,-0.16806722689075632,-0.6722689075630253,-0.31092436974789917,-1.0,-0.4957983193277311,-0.9915966386554622,-0.6134453781512605,-0.8907563025210085,-0.20168067226890757,-0.6470588235294118,-0.33613445378151263,-0.9159663865546218,-0.48739495798319327,-0.9159663865546218,-0.6050420168067226,-0.8487394957983193,-0.23529411764705882,-0.6134453781512605,-0.33613445378151263,-0.7983193277310925,-0.453781512605042,-0.8151260504201681,-0.5462184873949579,-0.773109243697479
4,0.0,0.0,-0.35,-0.15,-0.5833333333333334,-0.3,-0.7666666666666667,-0.35,-0.9333333333333333,-0.36666666666666664,-0.4,-0.7333333333333333,-0.7666666666666667,-0.6666666666666666,-0.9333333333333333,-0.5166666666666667,-1.0,-0.38333333333333336,-0.3333333333333333,-0.7333333333333333,-0.75,-0.6166666666666667,-0.9166666666666666,-0.45,-1.0,-0.3,-0.3,-0.6833333333333333,-0.7,-0.5666666666666667,-0.8666666666666667,-0.4,-0.95,-0.2833333333333333,-0.26666666666666666,-0.5833333333333334,-0.6333333333333333,-0.5,-0.8,-0.4,-0.9,-0.31666666666666665
4,0.0,0.0,-0.1694915254237288,-0.06779661016949153,-0.3813559322033898,-0.19491525423728814,-0.5847457627118644,-0.2033898305084746,-0.7033898305084746,-0.1016949152542373,-0.15254237288135594,-0.6694915254237288,-0.3135593220338983,-0.9915254237288136,-0.5169491525423728,-0.9491525423728814,-0.6694915254237288,-0.847457627118644,-0.17796610169491525,-0.6864406779661016,-0.3474576271186441,-1.0,-0.559322033898305,-0.9745762711864406,-0.6779661016949152,-0.864406779661017,-0.211864406779661,-0.6610169491525424,-0.3644067796610169,-0.9152542372881356,-0.5338983050847458,-0.8983050847457628,-0.6610169491525424,-0.8135593220338984,-0.2627118644067797,-0.6271186440677966,-0.3728813559322034,-0.7966101694915254,-0.5,-0.788135593220339,-0.6016949152542372,-0.7372881355932204
4,0.0,0.0,-0.3709677419354839,-0.14516129032258066,-0.5806451612903226,-0.3064516129032258,-0.7580645161290323,-0.3387096774193548,-0.9193548387096774,-0.3387096774193548,-0.4032258064516129,-0.7096774193548387,-0.7903225806451613,-0.6290322580645161,-0.9354838709677419,-0.46774193548387094,-0.967741935483871,-0.3387096774193548,-0.3709677419354839,-0.7096774193548387,-0.7903225806451613,-0.5967741935483871,-0.9516129032258065,-0.41935483870967744,-1.0,-0.27419354838709675,-0.3548387096774194,-0.6612903225806451,-0.7741935483870968,-0.5645161290322581,-0.9354838709677419,-0.4032258064516129,-1.0,-0.27419354838709675,-0.3709677419354839,-0.5645161290322581,-0.7258064516129032,-0.5,-0.8709677419354839,-0.3870967741935484,-0.9516129032258065,-0.2903225806451613
4,0.0,0.0,-0.18421052631578946,-0.07894736842105263,-0.41228070175438597,-0.19298245614035087,-0.631578947368421,-0.19298245614035087,-0.7894736842105263,-0.08771929824561403,-0.18421052631578946,-0.6754385964912281,-0.37719298245614036,-1.0,-0.5877192982456141,-0.9649122807017544,-0.7280701754385965,-0.8508771929824561,-0.18421052631578946,-0.6929824561403509,-0.39473684210526316,-0.9912280701754386,-0.5964912280701754,-0.9473684210526315,-0.7192982456140351,-0.8333333333333334,-0.21052631578947367,-0.6578947368421053,-0.40350877192982454,-0.9035087719298246,-0.5614035087719298,-0.868421052631579,-0.6754385964912281,-0.7631578947368421,-0.24561403508771928,-0.6228070175438597,-0.38596491228070173,-0.7807017543859649,-0.5175438596491229,-0.7543859649122807,-0.6140350877192983,-0.6842105263157895
4,0.0,0.0,-0.2711864406779661,-0.13559322033898305,-0.5423728813559322,-0.2711864406779661,-0.7627118644067796,-0.3050847457627119,-0.9322033898305084,-0.288135593220339,-0.3898305084745763,-0.6949152542372882,-0.7796610169491526,-0.6101694915254238,-0.9322033898305084,-0.4576271186440678,-1.0,-0.3220338983050847,-0.3898305084745763,-0.6610169491525424,-0.7796610169491526,-0.576271186440678,-0.9322033898305084,-0.4067796610169492,-1.0,-0.2542372881355932,-0.3898305084745763,-0.6101694915254238,-0.7627118644067796,-0.5254237288135594,-0.9322033898305084,-0.3728813559322034,-1.0,-0.2542372881355932,-0.4067796610169492,-0.5084745762711864,-0.711864406779661,-0.4576271186440678,-0.864406779661017,-0.3389830508474576,-0.9491525423728814,-0.2542372881355932
4,0.0,0.0,-0.1875,-0.07142857142857142,-0.4107142857142857,-0.17857142857142858,-0.625,-0.17857142857142858,-0.7946428571428571,-0.09821428571428571,-0.19642857142857142,-0.6785714285714286,-0.4017857142857143,-1.0,-0.6071428571428571,-0.9553571428571429,-0.7321428571428571,-0.8392857142857143,-0.16964285714285715,-0.6875,-0.4017857142857143,-0.9910714285714286,-0.6071428571428571,-0.9375,-0.7142857142857143,-0.8214285714285714,-0.16964285714285715,-0.6607142857142857,-0.39285714285714285,-0.8839285714285714,-0.5535714285714286,-0.8482142857142857,-0.6607142857142857,-0.7410714285714286,-0.20535714285714285,-0.625,-0.375,-0.7767857142857143,-0.5089285714285714,-0.75,-0.6071428571428571,-0.6785714285714286
4,0.0,0.0,-0.35294117647058826,-0.11764705882352941,-0.6078431372549019,-0.21568627450980393,-0.8235294117647058,-0.23529411764705882,-1.0,-0.19607843137254902,-0.4117647058823529,-0.7058823529411765,-0.8235294117647058,-0.6078431372549019,-0.9215686274509803,-0.43137254901960786,-0.9215686274509803,-0.3137254901960784,-0.37254901960784315,-0.7058823529411765,-0.8235294117647058,-0.5882352941176471,-0.9215686274509803,-0.39215686274509803,-0.9215686274509803,-0.2549019607843137,-0.35294117647058826,-0.6470588235294118,-0.803921568627451,-0.5490196078431373,-0.9215686274509803,-0.37254901960784315,-0.9215686274509803,-0.2549019607843137,-0.37254901960784315,-0.5490196078431373,-0.7450980392156863,-0.49019607843137253,-0.9019607843137255,-0.39215686274509803,-0.9607843137254902,-0.3137254901960784
4,0.0,0.0,-0.18584070796460178,-0.07964601769911504,-0.415929203539823,-0.18584070796460178,-0.6460176991150443,-0.18584070796460178,-0.8053097345132744,-0.09734513274336283,-0.19469026548672566,-0.6902654867256637,-0.40707964601769914,-1.0,-0.6194690265486725,-0.9557522123893806,-0.7433628318584071,-0.8230088495575221,-0.1592920353982301,-0.6902654867256637,-0.39823008849557523,-0.9734513274336283,-0.5929203539823009,-0.911504424778761,-0.6991150442477876,-0.7964601769911505,-0.168141592920354,-0.6548672566371682,-0.3805309734513274,-0.8938053097345132,-0.5398230088495575,-0.8495575221238938,-0.6371681415929203,-0.7433628318584071,-0.19469026548672566,-0.6283185840707964,-0.34513274336283184,-0.7964601769911505,-0.48672566371681414,-0.7787610619469026,-0.5752212389380531,-0.7079646017699115
4,0.0,0.0,-0.0975609756097561,-0.07317073170731707,-0.3170731707317073,-0.1951219512195122,-0.5853658536585366,-0.1951219512195122,-0.8292682926829268,-0.12195121951219512,-0.3170731707317073,-0.6829268292682927,-0.6829268292682927,-0.5853658536585366,-0.8780487804878049,-0.36585365853658536,-0.975609756097561,-0.1951219512195122,-0.36585365853658536,-0.6829268292682927,-0.7560975609756098,-0.5365853658536586,-0.926829268292683,-0.3170731707317073,-1.0,-0.14634146341463414,-0.4146341463414634,-0.6097560975609756,-0.7804878048780488,-0.43902439024390244,-0.926829268292683,-0.24390243902439024,-1.0,-0.0975609756097561,-0.4634146341463415,-0.4878048780487805,-0.7804878048780488,-0.34146341463414637,-0.8780487804878049,-0.1951219512195122,-0.9512195121951219,-0.0975609756097561
4,0.0,0.0,-0.19642857142857142,-0.08035714285714286,-0.41964285714285715,-0.1875,-0.6428571428571429,-0.1875,-0.8035714285714286,-0.10714285714285714,-0.21428571428571427,-0.6875,-0.4017857142857143,-1.0,-0.6071428571428571,-0.9642857142857143,-0.7232142857142857,-0.8482142857142857,-0.16964285714285715,-0.6875,-0.39285714285714285,-0.9821428571428571,-0.5982142857142857,-0.9285714285714286,-0.6964285714285714,-0.8214285714285714,-0.16071428571428573,-0.6517857142857143,-0.375,-0.8839285714285714,-0.5357142857142857,-0.8482142857142857,-0.6428571428571429,-0.75,-0.17857142857142858,-0.625,-0.3392857142857143,-0.7857142857142857,-0.4732142857142857,-0.7678571428571429,-0.5714285714285714,-0.6964285714285714
4,0.0,0.0,-0.21238938053097345,-0.08849557522123894,-0.45132743362831856,-0.22123893805309736,-0.6637168141592921,-0.23008849557522124,-0.8141592920353983,-0.1415929203539823,-0.22123893805309736,-0.7079646017699115,-0.4247787610619469,-1.0,-0.6194690265486725,-0.9646017699115044,-0.7256637168141593,-0.8495575221238938,-0.1592920353982301,-0.7079646017699115,-0.3893805309734513,-0.9646017699115044,-0.584070796460177,-0.9203539823008849,-0.6814159292035398,-0.8053097345132744,-0.13274336283185842,-0.6637168141592921,-0.35398230088495575,-0.8849557522123894,-0.5221238938053098,-0.8407079646017699,-0.6194690265486725,-0.7433628318584071,-0.1504424778761062,-0.6283185840707964,-0.30973451327433627,-0.7876106194690266,-0.45132743362831856,-0.7699115044247787,-0.5486725663716814,-0.6991150442477876
4,0.0,0.0,-0.22018348623853212,-0.08256880733944955,-0.47706422018348627,-0.2018348623853211,-0.7155963302752294,-0.22935779816513763,-0.8807339449541285,-0.13761467889908258,-0.24770642201834864,-0.7064220183486238,-0.46788990825688076,-1.0,-0.6697247706422018,-0.9541284403669725,-0.7614678899082569,-0.8440366972477065,-0.1834862385321101,-0.7155963302752294,-0.42201834862385323,-0.981651376146789,-0.6238532110091743,-0.9174311926605505,-0.7247706422018348,-0.7981651376146789,-0.1651376146788991,-0.6788990825688074,-0.3944954128440367,-0.8899082568807339,-0.5596330275229358,-0.8440366972477065,-0.6605504587155964,-0.7431192660550459,-0.1743119266055046,-0.6422018348623854,-0.3486238532110092,-0.7981651376146789,-0.4954128440366973,-0.7706422018348624,-0.5963302752293578,-0.7064220183486238
4,0.0,0.0,-0.24299065420560748,-0.07476635514018691,-0.514018691588785,-0.19626168224299065,-0.7570093457943925,-0.21495327102803738,-0.9345794392523364,-0.1308411214953271,-0.27102803738317754,-0.7009345794392523,-0.5046728971962616,-1.0,-0.7009345794392523,-0.9719626168224299,-0.8037383177570093,-0.8598130841121495,-0.19626168224299065,-0.719626168224299,-0.4392523364485981,-1.0,-0.6448598130841121,-0.9532710280373832,-0.7383177570093458,-0.8411214953271028,-0.17757009345794392,-0.6915887850467289,-0.40186915887850466,-0.9158878504672897,-0.5700934579439252,-0.8785046728971962,-0.6728971962616822,-0.794392523364486,-0.17757009345794392,-0.6542056074766355,-0.3644859813084112,-0.8411214953271028,-0.5046728971962616,-0.8317757009345794,-0.5981308411214953,-0.7757009345794392
4,0.0,0.0,-0.25471698113207547,-0.0660377358490566,-0.5188679245283019,-0.18867924528301888,-0.7547169811320755,-0.20754716981132076,-0.9245283018867925,-0.11320754716981132,-0.3018867924528302,-0.6981132075471698,-0.5377358490566038,-1.0,-0.7358490566037735,-0.9339622641509434,-0.8207547169811321,-0.8113207547169812,-0.20754716981132076,-0.7169811320754716,-0.4716981132075472,-0.9905660377358491,-0.6698113207547169,-0.9056603773584906,-0.7547169811320755,-0.7924528301886793,-0.16981132075471697,-0.6792452830188679,-0.41509433962264153,-0.9056603773584906,-0.5849056603773585,-0.839622641509434,-0.6698113207547169,-0.7358490566037735,-0.16037735849056603,-0.6415094339622641,-0.3490566037735849,-0.8113207547169812,-0.49056603773584906,-0.7830188679245284,-0.5849056603773585,-0.6981132075471698
4,0.0,0.0,-0.27450980392156865,-0.049019607843137254,-0.5686274509803921,-0.1568627450980392,-0.8235294117647058,-0.16666666666666666,-1.0,-0.06862745098039216,-0.3431372549019608,-0.6764705882352942,-0.5980392156862745,-0.9901960784313726,-0.7941176470588235,-0.9411764705882353,-0.8823529411764706,-0.8137254901960784,-0.2549019607843137,-0.7156862745098039,-0.5294117647058824,-1.0,-0.7352941176470589,-0.9117647058823529,-0.8235294117647058,-0.7843137254901961,-0.21568627450980393,-0.696078431372549,-0.4803921568627451,-0.9215686274509803,-0.6470588235294118,-0.8529411764705882,-0.7450980392156863,-0.7352941176470589,-0.20588235294117646,-0.6568627450980392,-0.4117647058823529,-0.8333333333333334,-0.5588235294117647,-0.7941176470588235,-0.6568627450980392,-0.7156862745098039
4,0.0,0.0,-0.27184466019417475,-0.04854368932038835,-0.5728155339805825,-0.1650485436893204,-0.8252427184466019,-0.1650485436893204,-0.9902912621359223,-0.05825242718446602,-0.34951456310679613,-0.6796116504854369,-0.6019417475728155,-0.9805825242718447,-0.8058252427184466,-0.912621359223301,-0.8932038834951457,-0.7864077669902912,-0.2524271844660194,-0.7087378640776699,-0.5242718446601942,-1.0,-0.7378640776699029,-0.9029126213592233,-0.8252427184466019,-0.7766990291262136,-0.21359223300970873,-0.6893203883495146,-0.46601941747572817,-0.912621359223301,-0.6407766990291263,-0.8446601941747572,-0.7378640776699029,-0.7281553398058253,-0.1941747572815534,-0.6504854368932039,-0.4077669902912621,-0.8252427184466019,-0.5533980582524272,-0.7864077669902912,-0.6504854368932039,-0.6990291262135923
4,0.0,0.0,-0.2761904761904762,-0.02857142857142857,-0.5714285714285714,-0.1523809523809524,-0.8380952380952381,-0.1619047619047619,-1.0,-0.06666666666666667,-0.37142857142857144,-0.638095238095238,-0.5904761904761905,-0.9619047619047619,-0.780952380952381,-0.9047619047619048,-0.8761904761904762,-0.780952380952381,-0.2857142857142857,-0.6857142857142857,-0.5333333333333333,-0.9714285714285714,-0.7428571428571429,-0.8952380952380953,-0.8285714285714286,-0.7714285714285715,-0.24761904761904763,-0.6666666666666666,-0.49523809523809526,-0.9047619047619048,-0.6571428571428571,-0.8285714285714286,-0.7428571428571429,-0.7142857142857143,-0.23809523809523808,-0.638095238095238,-0.44761904761904764,-0.8285714285714286,-0.5904761904761905,-0.780952380952381,-0.6857142857142857,-0.7047619047619048
4,0.0,0.0,-0.2857142857142857,-0.0380952380952381,-0.5714285714285714,-0.1619047619047619,-0.8285714285714286,-0.17142857142857143,-1.0,-0.0761904761904762,-0.38095238095238093,-0.6476190476190476,-0.5904761904761905,-0.9428571428571428,-0.780952380952381,-0.8952380952380953,-0.8571428571428571,-0.780952380952381,-0.26666666666666666,-0.6952380952380952,-0.5142857142857142,-0.9904761904761905,-0.7047619047619048,-0.9047619047619048,-0.7904761904761904,-0.7904761904761904,-0.20952380952380953,-0.6761904761904762,-0.44761904761904764,-0.9238095238095239,-0.6095238095238096,-0.8476190476190476,-0.6857142857142857,-0.7428571428571429,-0.18095238095238095,-0.6476190476190476,-0.38095238095238093,-0.8476190476190476,-0.5333333333333333,-0.8095238095238095,-0.6190476190476191,-0.7238095238095238
4,0.0,0.0,-0.27358490566037735,-0.03773584905660377,-0.5754716981132075,-0.16037735849056603,-0.8301886792452831,-0.16981132075471697,-1.0,-0.07547169811320754,-0.37735849056603776,-0.6415094339622641,-0.5943396226415094,-0.9433962264150944,-0.7735849056603774,-0.8867924528301887,-0.8584905660377359,-0.7641509433962265,-0.27358490566037735,-0.6886792452830188,-0.5188679245283019,-0.9622641509433962,-0.7075471698113207,-0.8679245283018868,-0.7830188679245284,-0.7547169811320755,-0.2169811320754717,-0.660377358490566,-0.4528301886792453,-0.8962264150943396,-0.6132075471698113,-0.8113207547169812,-0.6886792452830188,-0.6981132075471698,-0.19811320754716982,-0.6320754716981132,-0.39622641509433965,-0.8113207547169812,-0.5377358490566038,-0.7641509433962265,-0.6132075471698113,-0.6792452830188679
4,0.0,0.0,-0.2761904761904762,-0.06666666666666667,-0.5428571428571428,-0.17142857142857143,-0.8,-0.19047619047619047,-0.9809523809523809,-0.10476190476190476,-0.34285714285714286,-0.6666666666666666,-0.5238095238095238,-0.9809523809523809,-0.7238095238095238,-0.9333333333333333,-0.819047619047619,-0.8095238095238095,-0.24761904761904763,-0.6952380952380952,-0.47619047619047616,-1.0,-0.6666666666666666,-0.9333333333333333,-0.7619047619047619,-0.819047619047619,-0.19047619047619047,-0.6666666666666666,-0.41904761904761906,-0.9047619047619048,-0.580952380952381,-0.8571428571428571,-0.6761904761904762,-0.7523809523809524,-0.1619047619047619,-0.638095238095238,-0.3523809523809524,-0.8285714285714286,-0.49523809523809526,-0.8095238095238095,-0.5904761904761905,-0.7333333333333333
4,0.0,0.0,-0.26605504587155965,-0.07339449541284404,-0.5321100917431193,-0.2018348623853211,-0.7706422018348624,-0.22018348623853212,-0.9357798165137615,-0.13761467889908258,-0.29357798165137616,-0.6972477064220184,-0.45871559633027525,-1.0,-0.6605504587155964,-0.9724770642201835,-0.7798165137614679,-0.8623853211009175,-0.22018348623853212,-0.7064220183486238,-0.43119266055045874,-0.9724770642201835,-0.6238532110091743,-0.926605504587156,-0.7247706422018348,-0.8256880733944955,-0.1834862385321101,-0.6697247706422018,-0.3944954128440367,-0.8899082568807339,-0.5504587155963303,-0.8532110091743119,-0.6513761467889908,-0.7614678899082569,-0.1743119266055046,-0.6330275229357798,-0.3486238532110092,-0.8073394495412844,-0.47706422018348627,-0.7889908256880734,-0.5688073394495413,-0.7247706422018348
4,0.0,0.0,-0.26666666666666666,-0.05714285714285714,-0.5428571428571428,-0.17142857142857143,-0.7904761904761904,-0.19047619047619047,-0.9619047619047619,-0.10476190476190476,-0.3047619047619048,-0.6666666666666666,-0.47619047619047616,-1.0,-0.6761904761904762,-0.9619047619047619,-0.7904761904761904,-0.8476190476190476,-0.21904761904761905,-0.6952380952380952,-0.4380952380952381,-1.0,-0.6476190476190476,-0.9428571428571428,-0.7523809523809524,-0.8380952380952381,-0.18095238095238095,-0.6761904761904762,-0.4095238095238095,-0.9238095238095239,-0.580952380952381,-0.8761904761904762,-0.6761904761904762,-0.780952380952381,-0.18095238095238095,-0.6476190476190476,-0.37142857142857144,-0.8476190476190476,-0.5142857142857142,-0.8285714285714286,-0.6190476190476191,-0.7619047619047619
4,0.0,0.0,-0.25,-0.08035714285714286,-0.5,-0.21428571428571427,-0.7410714285714286,-0.23214285714285715,-0.9107142857142857,-0.15178571428571427,-0.2767857142857143,-0.6785714285714286,-0.4375,-1.0,-0.6339285714285714,-0.9732142857142857,-0.75,-0.8660714285714286,-0.20535714285714285,-0.6875,-0.39285714285714285,-0.9821428571428571,-0.5982142857142857,-0.9464285714285714,-0.7053571428571429,-0.8482142857142857,-0.17857142857142858,-0.6517857142857143,-0.36607142857142855,-0.8928571428571429,-0.5357142857142857,-0.8660714285714286,-0.6339285714285714,-0.7857142857142857,-0.17857142857142858,-0.625,-0.3392857142857143,-0.8214285714285714,-0.4732142857142857,-0.8125,-0.5714285714285714,-0.7589285714285714
4,0.0,0.0,-0.2184873949579832,-0.07563025210084033,-0.46218487394957986,-0.20168067226890757,-0.680672268907563,-0.226890756302521,-0.8487394957983193,-0.14285714285714285,-0.23529411764705882,-0.6722689075630253,-0.31092436974789917,-1.0,-0.4957983193277311,-1.0,-0.6302521008403361,-0.907563025210084,-0.18487394957983194,-0.680672268907563,-0.3025210084033613,-0.9915966386554622,-0.48739495798319327,-0.9747899159663865,-0.5966386554621849,-0.8907563025210085,-0.16806722689075632,-0.6554621848739496,-0.3025210084033613,-0.9159663865546218,-0.453781512605042,-0.9159663865546218,-0.5546218487394958,-0.8487394957983193,-0.17647058823529413,-0.6386554621848739,-0.3025210084033613,-0.8403361344537815,-0.42016806722689076,-0.865546218487395,-0.5210084033613446,-0.8403361344537815
4,0.0,0.0,-0.28205128205128205,-0.042735042735042736,-0.5555555555555556,-0.15384615384615385,-0.7863247863247863,-0.15384615384615385,-0.9572649572649573,-0.06837606837606838,-0.36752136752136755,-0.6153846153846154,-0.4358974358974359,-0.9487179487179487,-0.6324786324786325,-0.9829059829059829,-0.7435897435897436,-0.8974358974358975,-0.2564102564102564,-0.6666666666666666,-0.36752136752136755,-0.9914529914529915,-0.5641025641025641,-1.0,-0.6752136752136753,-0.8974358974358975,-0.20512820512820512,-0.6666666666666666,-0.3418803418803419,-0.9401709401709402,-0.5128205128205128,-0.9487179487179487,-0.6153846153846154,-0.8803418803418803,-0.19658119658119658,-0.6581196581196581,-0.3333333333333333,-0.8632478632478633,-0.4700854700854701,-0.905982905982906,-0.5641025641025641,-0.8717948717948718
4,0.0,0.0,-0.265625,-0.046875,-0.5234375,-0.1640625,-0.734375,-0.1640625,-0.875,-0.09375,-0.3203125,-0.5703125,-0.34375,-0.9140625,-0.515625,-0.9765625,-0.6484375,-0.921875,-0.2265625,-0.6015625,-0.2890625,-0.9609375,-0.4765625,-1.0,-0.5859375,-0.921875,-0.171875,-0.59375,-0.265625,-0.890625,-0.4296875,-0.9453125,-0.5390625,-0.90625,-0.171875,-0.5859375,-0.265625,-0.8125,-0.390625,-0.890625,-0.484375,-0.8828125
4,0.0,0.0,-0.26515151515151514,-0.06060606060606061,-0.5075757575757576,-0.18181818181818182,-0.7196969696969697,-0.18181818181818182,-0.8712121212121212,-0.11363636363636363,-0.3106060606060606,-0.5909090909090909,-0.30303030303030304,-0.9393939393939394,-0.4696969696969697,-1.0,-0.6060606060606061,-0.946969696969697,-0.2196969696969697,-0.6136363636363636,-0.24242424242424243,-0.946969696969697,-0.4166666666666667,-1.0,-0.5303030303030303,-0.9318181818181818,-0.16666666666666666,-0.5984848484848485,-0.2196969696969697,-0.8636363636363636,-0.36363636363636365,-0.9393939393939394,-0.4772727272727273,-0.9166666666666666,-0.16666666666666666,-0.5833333333333334,-0.23484848484848486,-0.7878787878787878,-0.3409090909090909,-0.8636363636363636,-0.4318181818181818,-0.8712121212121212
4,0.0,0.0,-0.25757575757575757,-0.03787878787878788,-0.5151515151515151,-0.16666666666666666,-0.7196969696969697,-0.16666666666666666,-0.8560606060606061,-0.08333333333333333,-0.29545454545454547,-0.5833333333333334,-0.2803030303030303,-0.9318181818181818,-0.44696969696969696,-1.0,-0.5909090909090909,-0.946969696969697,-0.2196969696969697,-0.6060606060606061,-0.25,-0.946969696969697,-0.42424242424242425,-1.0,-0.5378787878787878,-0.9318181818181818,-0.18181818181818182,-0.5909090909090909,-0.23484848484848486,-0.8636363636363636,-0.38636363636363635,-0.9318181818181818,-0.5,-0.9090909090909091,-0.18181818181818182,-0.5833333333333334,-0.25757575757575757,-0.7954545454545454,-0.3712121212121212,-0.8636363636363636,-0.4621212121212121,-0.8636363636363636
4,0.0,0.0,-0.25925925925925924,-0.05185185185185185,-0.5333333333333333,-0.14814814814814814,-0.7555555555555555,-0.14074074074074075,-0.9037037037037037,-0.05185185185185185,-0.362962962962963,-0.562962962962963,-0.362962962962963,-0.9185185185185185,-0.5333333333333333,-0.9851851851851852,-0.6592592592592592,-0.9259259259259259,-0.2740740740740741,-0.5925925925925926,-0.3111111111111111,-0.9333333333333333,-0.4888888888888889,-1.0,-0.6074074074074074,-0.9333333333333333,-0.21481481481481482,-0.5777777777777777,-0.2962962962962963,-0.8592592592592593,-0.4444444444444444,-0.9407407407407408,-0.5555555555555556,-0.9185185185185185,-0.2,-0.5703703703703704,-0.3037037037037037,-0.7851851851851852,-0.4222222222222222,-0.8666666666666667,-0.5111111111111111,-0.8814814814814815
4,0.0,0.0,-0.24444444444444444,-0.037037037037037035,-0.5111111111111111,-0.14074074074074075,-0.725925925925926,-0.11851851851851852,-0.8740740740740741,-0.02962962962962963,-0.3333333333333333,-0.5777777777777777,-0.34814814814814815,-0.9555555555555556,-0.5333333333333333,-1.0,-0.674074074074074,-0.9333333333333333,-0.2518518518518518,-0.6074074074074074,-0.31851851851851853,-0.9629629629629629,-0.5037037037037037,-1.0,-0.6148148148148148,-0.9259259259259259,-0.21481481481481482,-0.5925925925925926,-0.3037037037037037,-0.8814814814814815,-0.45925925925925926,-0.9481481481481482,-0.5777777777777777,-0.9185185185185185,-0.2222222222222222,-0.5925925925925926,-0.31851851851851853,-0.8074074074074075,-0.43703703703703706,-0.8814814814814815,-0.5259259259259259,-0.8888888888888888
4,0.0,0.0,-0.20300751879699247,-0.007518796992481203,-0.43609022556390975,-0.05263157894736842,-0.6240601503759399,0.03759398496240601,-0.7368421052631579,0.15789473684210525,-0.2932330827067669,-0.5714285714285714,-0.3458646616541353,-0.9473684210526315,-0.5488721804511278,-1.0,-0.706766917293233,-0.9398496240601504,-0.2706766917293233,-0.5939849624060151,-0.37593984962406013,-0.9398496240601504,-0.5714285714285714,-0.9624060150375939,-0.6917293233082706,-0.8947368421052632,-0.2706766917293233,-0.5939849624060151,-0.37593984962406013,-0.8947368421052632,-0.5488721804511278,-0.9323308270676691,-0.6691729323308271,-0.8872180451127819,-0.2932330827067669,-0.5864661654135338,-0.38345864661654133,-0.8120300751879699,-0.518796992481203,-0.8721804511278195,-0.6165413533834586,-0.8571428571428571
4,0.0,0.0,-0.15126050420168066,0.11764705882352941,-0.36134453781512604,0.17647058823529413,-0.5126050420168067,0.2773109243697479,-0.5882352941176471,0.4117647058823529,-0.15966386554621848,-0.37815126050420167,-0.16806722689075632,-0.6722689075630253,-0.31932773109243695,-0.7983193277310925,-0.5042016806722689,-0.8235294117647058,-0.16806722689075632,-0.5378151260504201,-0.20168067226890757,-0.9243697478991597,-0.42016806722689076,-1.0,-0.6302521008403361,-0.9243697478991597,-0.21008403361344538,-0.6386554621848739,-0.2773109243697479,-0.9495798319327731,-0.4789915966386555,-1.0,-0.6554621848739496,-0.9663865546218487,-0.2773109243697479,-0.680672268907563,-0.3697478991596639,-0.8823529411764706,-0.5042016806722689,-0.9495798319327731,-0.6302521008403361,-0.9411764705882353
4,0.0,0.0,0.11607142857142858,0.15178571428571427,0.23214285714285715,0.24107142857142858,0.22321428571428573,0.4107142857142857,0.19642857142857142,0.5803571428571429,0.4017857142857143,-0.41964285714285715,0.49107142857142855,-0.7857142857142857,0.375,-0.8214285714285714,0.26785714285714285,-0.7232142857142857,0.21428571428571427,-0.5446428571428571,0.32142857142857145,-0.9732142857142857,0.17857142857142858,-0.9732142857142857,0.0625,-0.8303571428571429,0.026785714285714284,-0.6160714285714286,0.09821428571428571,-0.9910714285714286,-0.017857142857142856,-1.0,-0.09821428571428571,-0.875,-0.14285714285714285,-0.625,-0.14285714285714285,-0.9017857142857143,-0.20535714285714285,-0.9732142857142857,-0.24107142857142858,-0.9464285714285714
4,0.0,0.0,0.13043478260869565,0.14782608695652175,0.2782608695652174,0.25217391304347825,0.30434782608695654,0.4,0.3130434782608696,0.5565217391304348,0.4434782608695652,-0.4608695652173913,0.5478260869565217,-0.7913043478260869,0.4608695652173913,-0.8347826086956521,0.3826086956521739,-0.7478260869565218,0.25217391304347825,-0.591304347826087,0.3652173913043478,-1.0,0.24347826086956523,-0.9826086956521739,0.14782608695652175,-0.8347826086956521,0.05217391304347826,-0.6608695652173913,0.11304347826086956,-1.0,0.034782608695652174,-1.0,-0.02608695652173913,-0.8521739130434782,-0.13043478260869565,-0.6695652173913044,-0.10434782608695652,-0.9391304347826087,-0.1391304347826087,-0.9739130434782609,-0.1565217391304348,-0.9130434782608695
4,0.0,0.0,0.25471698113207547,0.04716981132075472,0.4528301886792453,0.009433962264150943,0.4811320754716981,0.018867924528301886,0.44339622641509435,0.05660377358490566,0.5471698113207547,-0.5377358490566038,0.6415094339622641,-0.7830188679245284,0.5566037735849056,-0.8207547169811321,0.4811320754716981,-0.7452830188679245,0.330188679245283,-0.6509433962264151,0.4056603773584906,-0.9811320754716981,0.3113207547169811,-0.9622641509433962,0.2358490566037736,-0.8113207547169812,0.11320754716981132,-0.6886792452830188,0.16037735849056603,-1.0,0.10377358490566038,-0.9716981132075472,0.07547169811320754,-0.8301886792452831,-0.08490566037735849,-0.6509433962264151,-0.08490566037735849,-0.8867924528301887,-0.10377358490566038,-0.8962264150943396,-0.10377358490566038,-0.8018867924528302
4,0.0,0.0,0.14728682170542637,0.05426356589147287,0.3023255813953488,0.09302325581395349,0.3798449612403101,0.21705426356589147,0.4496124031007752,0.3953488372093023,0.4728682170542636,-0.5193798449612403,0.5736434108527132,-0.7906976744186046,0.5193798449612403,-0.8372093023255814,0.46511627906976744,-0.7674418604651163,0.3023255813953488,-0.6356589147286822,0.4108527131782946,-0.9689922480620154,0.34108527131782945,-0.9767441860465116,0.2713178294573643,-0.8604651162790697,0.12403100775193798,-0.6821705426356589,0.18604651162790697,-0.9844961240310077,0.14728682170542637,-1.0,0.10077519379844961,-0.8914728682170543,-0.05426356589147287,-0.6666666666666666,-0.03875968992248062,-0.9069767441860465,-0.03875968992248062,-0.9534883720930233,-0.03875968992248062,-0.9147286821705426
4,0.0,0.0,0.1893939393939394,0.022727272727272728,0.3787878787878788,0.0,0.45454545454545453,0.12121212121212122,0.5227272727272727,0.2803030303030303,0.49242424242424243,-0.5606060606060606,0.553030303030303,-0.8333333333333334,0.5378787878787878,-0.8787878787878788,0.49242424242424243,-0.7878787878787878,0.29545454545454547,-0.6363636363636364,0.3560606060606061,-0.9848484848484849,0.3409090909090909,-1.0,0.30303030303030304,-0.8484848484848485,0.11363636363636363,-0.6515151515151515,0.14393939393939395,-0.9696969696969697,0.15151515151515152,-0.9848484848484849,0.13636363636363635,-0.8484848484848485,-0.07575757575757576,-0.6136363636363636,-0.05303030303030303,-0.8560606060606061,-0.030303030303030304,-0.9242424242424242,-0.007575757575757576,-0.8787878787878788
4,0.0,0.0,0.19230769230769232,0.023076923076923078,0.4,0.023076923076923078,0.5076923076923077,0.15384615384615385,0.5923076923076923,0.3,0.5,-0.5615384615384615,0.5615384615384615,-0.8615384615384616,0.5769230769230769,-0.8769230769230769,0.5461538461538461,-0.7461538461538462,0.3153846153846154,-0.6384615384615384,0.36153846153846153,-1.0,0.38461538461538464,-1.0,0.36153846153846153,-0.8384615384615385,0.13076923076923078,-0.6461538461538462,0.15384615384615385,-0.9769230769230769,0.18461538461538463,-0.9846153846153847,0.19230769230769232,-0.8461538461538461,-0.05384615384615385,-0.5923076923076923,-0.05384615384615385,-0.8307692307692308,-0.023076923076923078,-0.8923076923076924,0.015384615384615385,-0.8538461538461538
4,0.0,0.0,0.2,0.022222222222222223,0.4222222222222222,0.022222222222222223,0.5259259259259259,0.14074074074074075,0.5777777777777777,0.2814814814814815,0.4740740740740741,-0.562962962962963,0.5259259259259259,-0.8666666666666667,0.5555555555555556,-0.8888888888888888,0.5407407407407407,-0.7555555555555555,0.28888888888888886,-0.6296296296296297,0.32592592592592595,-0.9925925925925926,0.362962962962963,-1.0,0.34814814814814815,-0.8296296296296296,0.11851851851851852,-0.6296296296296297,0.1259259259259259,-0.9703703703703703,0.17037037037037037,-0.9851851851851852,0.18518518518518517,-0.8444444444444444,-0.05925925925925926,-0.5777777777777777,-0.06666666666666667,-0.8222222222222222,-0.02962962962962963,-0.8888888888888888,0.014814814814814815,-0.8592592592592593
4,0.0,0.0,0.2246376811594203,0.007246376811594203,0.427536231884058,0.0,0.572463768115942,0.12318840579710146,0.6811594202898551,0.2391304347826087,0.47101449275362317,-0.5797101449275363,0.5289855072463768,-0.8985507246376812,0.6086956521739131,-0.9057971014492754,0.6376811594202898,-0.7536231884057971,0.3115942028985507,-0.6376811594202898,0.34782608695652173,-1.0,0.4492753623188406,-0.9927536231884058,0.47101449275362317,-0.8115942028985508,0.15942028985507245,-0.6304347826086957,0.16666666666666666,-0.9637681159420289,0.26811594202898553,-0.9710144927536232,0.3188405797101449,-0.8333333333333334,-0.007246376811594203,-0.572463768115942,-0.014492753623188406,-0.8115942028985508,0.06521739130434782,-0.8768115942028986,0.13768115942028986,-0.8405797101449275
4,0.0,0.0,0.26618705035971224,0.03597122302158273,0.4892086330935252,-0.02158273381294964,0.6690647482014388,0.07194244604316546,0.7841726618705036,0.18705035971223022,0.4676258992805755,-0.5755395683453237,0.5251798561151079,-0.920863309352518,0.6546762589928058,-0.8992805755395683,0.7050359712230215,-0.7482014388489209,0.3381294964028777,-0.60431654676259,0.3669064748201439,-1.0,0.5179856115107914,-0.9640287769784173,0.5611510791366906,-0.7769784172661871,0.2014388489208633,-0.5827338129496403,0.2014388489208633,-0.9496402877697842,0.35251798561151076,-0.9496402877697842,0.4244604316546763,-0.7985611510791367,0.050359712230215826,-0.5179856115107914,0.050359712230215826,-0.7769784172661871,0.16546762589928057,-0.8345323741007195,0.2517985611510791,-0.7841726618705036
4,0.0,0.0,0.26811594202898553,0.028985507246376812,0.5,-0.036231884057971016,0.6811594202898551,0.06521739130434782,0.8115942028985508,0.16666666666666666,0.4782608695652174,-0.5579710144927537,0.5507246376811594,-0.9130434782608695,0.7101449275362319,-0.8768115942028986,0.782608695652174,-0.7246376811594203,0.35507246376811596,-0.5869565217391305,0.42028985507246375,-1.0,0.6014492753623188,-0.9347826086956522,0.6521739130434783,-0.7536231884057971,0.2246376811594203,-0.5652173913043478,0.2608695652173913,-0.9492753623188406,0.4492753623188406,-0.9202898550724637,0.5217391304347826,-0.7608695652173914,0.08695652173913043,-0.5072463768115942,0.10869565217391304,-0.7753623188405797,0.2608695652173913,-0.8188405797101449,0.37681159420289856,-0.7608695652173914
4,0.0,0.0,0.29927007299270075,0.029197080291970802,0.5474452554744526,-0.0364963503649635,0.7372262773722628,0.058394160583941604,0.8613138686131386,0.18248175182481752,0.5328467153284672,-0.5620437956204379,0.6131386861313869,-0.9051094890510949,0.7664233576642335,-0.8759124087591241,0.8467153284671532,-0.7445255474452555,0.41605839416058393,-0.583941605839416,0.48175182481751827,-1.0,0.656934306569343,-0.9416058394160584,0.7153284671532847,-0.7664233576642335,0.2846715328467153,-0.5620437956204379,0.3284671532846715,-0.9416058394160584,0.5109489051094891,-0.9124087591240876,0.5912408759124088,-0.7664233576642335,0.145985401459854,-0.49635036496350365,0.1897810218978102,-0.7664233576642335,0.35036496350364965,-0.8102189781021898,0.4744525547445255,-0.7664233576642335
4,0.0,0.0,0.2740740740740741,0.02962962962962963,0.5407407407407407,-0.037037037037037035,0.725925925925926,0.06666666666666667,0.8444444444444444,0.17777777777777778,0.5407407407407407,-0.5703703703703704,0.6222222222222222,-0.9111111111111111,0.7851851851851852,-0.8888888888888888,0.8740740740740741,-0.7481481481481481,0.42962962962962964,-0.6,0.5111111111111111,-1.0,0.7037037037037037,-0.9555555555555556,0.7703703703703704,-0.7777777777777778,0.3111111111111111,-0.5851851851851851,0.37037037037037035,-0.9555555555555556,0.562962962962963,-0.9259259259259259,0.6518518518518519,-0.7777777777777778,0.17777777777777778,-0.5333333333333333,0.23703703703703705,-0.8,0.3925925925925926,-0.837037037037037,0.5111111111111111,-0.7703703703703704
4,0.0,0.0,0.2814814814814815,0.022222222222222223,0.5481481481481482,-0.02962962962962963,0.7407407407407407,0.06666666666666667,0.8740740740740741,0.17037037037037037,0.5555555555555556,-0.5703703703703704,0.6518518518518519,-0.8962962962962963,0.8148148148148148,-0.8888888888888888,0.9037037037037037,-0.7555555555555555,0.45925925925925926,-0.6,0.5481481481481482,-1.0,0.7333333333333333,-0.9629629629629629,0.7925925925925926,-0.7925925925925926,0.3333333333333333,-0.5777777777777777,0.4,-0.9629629629629629,0.5851851851851851,-0.9333333333333333,0.6666666666666666,-0.7777777777777778,0.21481481481481482,-0.5259259259259259,0.2740740740740741,-0.7925925925925926,0.43703703703703706,-0.837037037037037,0.5555555555555556,-0.7777777777777778
4,0.0,0.0,0.2878787878787879,-0.007575757575757576,0.5606060606060606,-0.06060606060606061,0.75,0.030303030303030304,0.8863636363636364,0.14393939393939395,0.5606060606060606,-0.6136363636363636,0.6515151515151515,-0.9318181818181818,0.803030303030303,-0.9393939393939394,0.9090909090909091,-0.8257575757575758,0.4621212121212121,-0.6287878787878788,0.553030303030303,-1.0,0.7272727272727273,-1.0,0.8181818181818182,-0.8560606060606061,0.3484848484848485,-0.6060606060606061,0.42424242424242425,-0.9621212121212122,0.5909090909090909,-0.9621212121212122,0.696969696969697,-0.8333333333333334,0.22727272727272727,-0.5454545454545454,0.2878787878787879,-0.803030303030303,0.4318181818181818,-0.8712121212121212,0.5378787878787878,-0.8333333333333334
4,0.0,0.0,0.2695035460992908,-0.014184397163120567,0.5319148936170213,-0.09219858156028368,0.7163120567375887,-0.02127659574468085,0.8652482269503546,0.07092198581560284,0.5177304964539007,-0.6170212765957447,0.6099290780141844,-0.9078014184397163,0.7659574468085106,-0.9290780141843972,0.8794326241134752,-0.8226950354609929,0.4397163120567376,-0.6453900709219859,0.5319148936170213,-0.9858156028368794,0.723404255319149,-1.0,0.8368794326241135,-0.8723404255319149,0.3617021276595745,-0.6312056737588653,0.4326241134751773,-0.9645390070921985,0.624113475177305,-0.9787234042553191,0.7446808510638298,-0.8652482269503546,0.2765957446808511,-0.574468085106383,0.3404255319148936,-0.8156028368794326,0.48226950354609927,-0.8865248226950354,0.6028368794326241,-0.8581560283687943
4,0.0,0.0,0.3263888888888889,-0.034722222222222224,0.5694444444444444,-0.09722222222222222,0.7430555555555556,-0.027777777777777776,0.9027777777777778,0.034722222222222224,0.4722222222222222,-0.625,0.5902777777777778,-0.9236111111111112,0.7708333333333334,-0.9166666666666666,0.8819444444444444,-0.7986111111111112,0.4097222222222222,-0.6527777777777778,0.5555555555555556,-1.0,0.7847222222222222,-0.9791666666666666,0.8819444444444444,-0.8194444444444444,0.3680555555555556,-0.6458333333333334,0.5277777777777778,-0.9791666666666666,0.7569444444444444,-0.9583333333333334,0.875,-0.8263888888888888,0.3541666666666667,-0.5972222222222222,0.5,-0.8402777777777778,0.6805555555555556,-0.8819444444444444,0.7986111111111112,-0.8333333333333334
4,0.0,0.0,0.32432432432432434,-0.02702702702702703,0.5540540540540541,-0.0945945945945946,0.722972972972973,-0.02027027027027027,0.8581081081081081,0.06756756756756757,0.42567567567567566,-0.6486486486486487,0.5878378378378378,-0.9256756756756757,0.7837837837837838,-0.8986486486486487,0.8986486486486487,-0.777027027027027,0.36486486486486486,-0.668918918918919,0.5743243243243243,-1.0,0.8040540540540541,-0.9662162162162162,0.9121621621621622,-0.8108108108108109,0.34459459459459457,-0.6486486486486487,0.5540540540540541,-0.972972972972973,0.7972972972972973,-0.9391891891891891,0.9121621621621622,-0.8108108108108109,0.3716216216216216,-0.5743243243243243,0.5540540540540541,-0.8175675675675675,0.7364864864864865,-0.8513513513513513,0.8648648648648649,-0.8040540540540541
4,0.0,0.0,0.34868421052631576,0.006578947368421052,0.5789473684210527,-0.05263157894736842,0.743421052631579,0.019736842105263157,0.8486842105263158,0.11842105263157894,0.4934210526315789,-0.618421052631579,0.6710526315789473,-0.868421052631579,0.875,-0.8355263157894737,1.0,-0.7171052631578947,0.4407894736842105,-0.6447368421052632,0.6842105263157895,-0.9342105263157895,0.9078947368421053,-0.875,1.0,-0.7236842105263158,0.4276315789473684,-0.618421052631579,0.6776315789473685,-0.9144736842105263,0.9013157894736842,-0.8618421052631579,1.0,-0.7302631578947368,0.45394736842105265,-0.5394736842105263,0.6644736842105263,-0.756578947368421,0.8421052631578947,-0.7763157894736842,0.9473684210526315,-0.7171052631578947
4,0.0,0.0,0.35135135135135137,0.006756756756756757,0.581081081081081,-0.05405405405405406,0.7635135135135135,0.02027027027027027,0.8716216216216216,0.10135135135135136,0.4594594594594595,-0.6418918918918919,0.668918918918919,-0.918918918918919,0.8851351351351351,-0.8648648648648649,0.9797297297297297,-0.722972972972973,0.41216216216216217,-0.668918918918919,0.6891891891891891,-0.9797297297297297,0.9256756756756757,-0.8986486486486487,0.9864864864864865,-0.7297297297297297,0.40540540540540543,-0.6351351351351351,0.6959459459459459,-0.9527027027027027,0.9256756756756757,-0.8851351351351351,1.0,-0.7364864864864865,0.4594594594594595,-0.5472972972972973,0.7027027027027027,-0.7837837837837838,0.8986486486486487,-0.777027027027027,0.9932432432432432,-0.6891891891891891
4,0.0,0.0,0.3767123287671233,-0.00684931506849315,0.6095890410958904,-0.0684931506849315,0.7945205479452054,-0.00684931506849315,0.9246575342465754,0.0547945205479452,0.4520547945205479,-0.6438356164383562,0.6712328767123288,-0.9315068493150684,0.8767123287671232,-0.8904109589041096,0.9863013698630136,-0.7671232876712328,0.3972602739726027,-0.6712328767123288,0.6917808219178082,-0.9931506849315068,0.9178082191780822,-0.9246575342465754,0.9931506849315068,-0.773972602739726,0.4041095890410959,-0.636986301369863,0.684931506849315,-0.9726027397260274,0.910958904109589,-0.9041095890410958,1.0,-0.7671232876712328,0.4589041095890411,-0.541095890410959,0.684931506849315,-0.8013698630136986,0.8767123287671232,-0.815068493150685,0.9794520547945206,-0.7328767123287672
4,0.0,0.0,0.3576158940397351,-0.026490066225165563,0.5827814569536424,-0.0728476821192053,0.7549668874172185,-0.026490066225165563,0.8741721854304636,0.026490066225165563,0.44370860927152317,-0.6225165562913907,0.6622516556291391,-0.8940397350993378,0.8741721854304636,-0.847682119205298,0.9867549668874173,-0.7350993377483444,0.3973509933774834,-0.6490066225165563,0.695364238410596,-0.9602649006622517,0.9205298013245033,-0.8874172185430463,0.9933774834437086,-0.7483443708609272,0.40397350993377484,-0.6158940397350994,0.7019867549668874,-0.9403973509933775,0.9139072847682119,-0.8741721854304636,1.0,-0.7417218543046358,0.47019867549668876,-0.5231788079470199,0.695364238410596,-0.7748344370860927,0.8807947019867549,-0.7814569536423841,0.9735099337748344,-0.7019867549668874
4,0.0,0.0,0.3246753246753247,0.006493506493506494,0.5454545454545454,-0.025974025974025976,0.7077922077922078,0.032467532467532464,0.8051948051948052,0.09090909090909091,0.474025974025974,-0.5584415584415584,0.6948051948051948,-0.8116883116883117,0.8896103896103896,-0.7662337662337663,0.9805194805194806,-0.6493506493506493,0.43506493506493504,-0.6038961038961039,0.7142857142857143,-0.8961038961038961,0.9155844155844156,-0.8246753246753247,0.987012987012987,-0.6818181818181818,0.44155844155844154,-0.5844155844155844,0.7142857142857143,-0.8701298701298701,0.9155844155844156,-0.8116883116883117,1.0,-0.6818181818181818,0.4935064935064935,-0.512987012987013,0.7142857142857143,-0.7402597402597403,0.8831168831168831,-0.7337662337662337,0.9675324675324676,-0.6493506493506493
4,0.0,0.0,0.32075471698113206,0.0,0.5408805031446541,-0.018867924528301886,0.710691823899371,0.0440251572327044,0.8238993710691824,0.0880503144654088,0.4591194968553459,-0.5471698113207547,0.7044025157232704,-0.7735849056603774,0.8867924528301887,-0.7232704402515723,0.9811320754716981,-0.6163522012578616,0.4276729559748428,-0.5786163522012578,0.7295597484276729,-0.8553459119496856,0.9308176100628931,-0.7861635220125787,1.0,-0.6540880503144654,0.44025157232704404,-0.5471698113207547,0.7232704402515723,-0.8364779874213837,0.9182389937106918,-0.7672955974842768,1.0,-0.6415094339622641,0.49056603773584906,-0.4528301886792453,0.7169811320754716,-0.6792452830188679,0.8805031446540881,-0.6729559748427673,0.9685534591194969,-0.5911949685534591
4,0.0,0.0,0.2573099415204678,0.023391812865497075,0.45614035087719296,0.005847953216374269,0.5906432748538012,0.05263157894736842,0.6608187134502924,0.09941520467836257,0.4678362573099415,-0.4619883040935672,0.7192982456140351,-0.6198830409356725,0.8830409356725146,-0.5672514619883041,0.9532163742690059,-0.4678362573099415,0.45614035087719296,-0.49707602339181284,0.7719298245614035,-0.6900584795321637,0.9473684210526315,-0.6257309941520468,1.0,-0.5087719298245614,0.47368421052631576,-0.4619883040935672,0.7719298245614035,-0.6608187134502924,0.935672514619883,-0.5906432748538012,0.9941520467836257,-0.47953216374269003,0.5263157894736842,-0.3742690058479532,0.7543859649122807,-0.5321637426900585,0.8947368421052632,-0.52046783625731,0.9649122807017544,-0.45614035087719296
4,0.0,0.0,0.22674418604651161,0.0872093023255814,0.45348837209302323,0.09302325581395349,0.5872093023255814,0.1511627906976744,0.6337209302325582,0.19767441860465115,0.4941860465116279,-0.28488372093023256,0.7558139534883721,-0.47093023255813954,0.9244186046511628,-0.45348837209302323,1.0,-0.37209302325581395,0.45348837209302323,-0.38372093023255816,0.7790697674418605,-0.6046511627906976,0.9534883720930233,-0.5465116279069767,1.0,-0.43023255813953487,0.4476744186046512,-0.4186046511627907,0.7441860465116279,-0.6104651162790697,0.8953488372093024,-0.5523255813953488,0.9476744186046512,-0.45348837209302323,0.4476744186046512,-0.4011627906976744,0.6802325581395349,-0.5465116279069767,0.8197674418604651,-0.5232558139534884,0.8837209302325582,-0.45348837209302323
4,0.0,0.0,0.2391304347826087,0.03804347826086957,0.42391304347826086,0.03804347826086957,0.532608695652174,0.08695652173913043,0.5652173913043478,0.13043478260869565,0.483695652173913,-0.3641304347826087,0.7663043478260869,-0.46195652173913043,0.9130434782608695,-0.3967391304347826,0.9728260869565217,-0.29891304347826086,0.47282608695652173,-0.391304347826087,0.8260869565217391,-0.5271739130434783,0.9728260869565217,-0.42934782608695654,1.0,-0.30434782608695654,0.47282608695652173,-0.358695652173913,0.8152173913043478,-0.5054347826086957,0.9565217391304348,-0.4076086956521739,0.9891304347826086,-0.29891304347826086,0.5,-0.266304347826087,0.7554347826086957,-0.3967391304347826,0.8858695652173914,-0.3695652173913043,0.9402173913043478,-0.30978260869565216
4,0.0,0.0,0.17582417582417584,0.03296703296703297,0.3516483516483517,0.038461538461538464,0.45604395604395603,0.10989010989010989,0.5054945054945055,0.1813186813186813,0.4835164835164835,-0.33516483516483514,0.7857142857142857,-0.4010989010989011,0.9175824175824175,-0.3076923076923077,0.9615384615384616,-0.19230769230769232,0.489010989010989,-0.3516483516483517,0.8406593406593407,-0.44505494505494503,0.978021978021978,-0.32967032967032966,1.0,-0.2032967032967033,0.5,-0.3021978021978022,0.8296703296703297,-0.41208791208791207,0.9615384615384616,-0.3021978021978022,0.9945054945054945,-0.19230769230769232,0.510989010989011,-0.1978021978021978,0.7802197802197802,-0.3131868131868132,0.9065934065934066,-0.2692307692307692,0.9505494505494505,-0.1978021978021978
4,0.0,0.0,0.26506024096385544,0.12650602409638553,0.463855421686747,0.1746987951807229,0.5542168674698795,0.28313253012048195,0.5662650602409639,0.37349397590361444,0.6144578313253012,-0.25903614457831325,0.8674698795180723,-0.39156626506024095,0.9759036144578314,-0.2710843373493976,0.9759036144578314,-0.13253012048192772,0.5662650602409639,-0.2891566265060241,0.8674698795180723,-0.42771084337349397,1.0,-0.29518072289156627,0.963855421686747,-0.16265060240963855,0.5120481927710844,-0.2710843373493976,0.7951807228915663,-0.39156626506024095,0.9156626506024096,-0.27710843373493976,0.9156626506024096,-0.1686746987951807,0.463855421686747,-0.20481927710843373,0.6506024096385542,-0.28313253012048195,0.7831325301204819,-0.2891566265060241,0.8373493975903614,-0.27710843373493976
4,0.0,0.0,0.2545454545454545,0.12121212121212122,0.47878787878787876,0.15757575757575756,0.5818181818181818,0.26666666666666666,0.593939393939394,0.3696969696969697,0.6484848484848484,-0.23636363636363636,0.8666666666666667,-0.4,0.9818181818181818,-0.2909090909090909,0.9878787878787879,-0.15757575757575756,0.6,-0.2787878787878788,0.8606060606060606,-0.46060606060606063,1.0,-0.3333333333333333,0.9636363636363636,-0.18787878787878787,0.5393939393939394,-0.2909090909090909,0.8,-0.4484848484848485,0.9333333333333333,-0.32727272727272727,0.9272727272727272,-0.2,0.47878787878787876,-0.26666666666666666,0.6909090909090909,-0.37575757575757573,0.8242424242424242,-0.32727272727272727,0.8545454545454545,-0.24242424242424243
4,0.0,0.0,0.25766871165644173,0.1165644171779141,0.4785276073619632,0.15950920245398773,0.5705521472392638,0.26993865030674846,0.6012269938650306,0.38650306748466257,0.656441717791411,-0.2331288343558282,0.8711656441717791,-0.3803680981595092,0.9815950920245399,-0.2822085889570552,1.0,-0.1411042944785276,0.6073619631901841,-0.26993865030674846,0.8588957055214724,-0.44785276073619634,1.0,-0.31901840490797545,0.9815950920245399,-0.1656441717791411,0.5460122699386503,-0.2822085889570552,0.7914110429447853,-0.44171779141104295,0.9386503067484663,-0.32515337423312884,0.950920245398773,-0.17791411042944785,0.4723926380368098,-0.25766871165644173,0.6748466257668712,-0.36809815950920244,0.8159509202453987,-0.32515337423312884,0.8711656441717791,-0.2392638036809816
4,0.0,0.0,0.2484472049689441,0.11801242236024845,0.4658385093167702,0.16149068322981366,0.5590062111801242,0.2795031055900621,0.5838509316770186,0.39751552795031053,0.6583850931677019,-0.21739130434782608,0.8633540372670807,-0.37267080745341613,0.9813664596273292,-0.2795031055900621,1.0,-0.15527950310559005,0.6024844720496895,-0.2546583850931677,0.8509316770186336,-0.4409937888198758,0.9875776397515528,-0.32298136645962733,0.968944099378882,-0.17391304347826086,0.5279503105590062,-0.2670807453416149,0.7701863354037267,-0.4409937888198758,0.906832298136646,-0.33540372670807456,0.9192546583850931,-0.20496894409937888,0.4409937888198758,-0.2484472049689441,0.6273291925465838,-0.37267080745341613,0.7701863354037267,-0.3416149068322981,0.8260869565217391,-0.2795031055900621
4,0.0,0.0,0.22435897435897437,0.10897435897435898,0.4551282051282051,0.16666666666666666,0.5512820512820513,0.30128205128205127,0.5769230769230769,0.4230769230769231,0.6538461538461539,-0.1987179487179487,0.8782051282051282,-0.3717948717948718,0.9871794871794872,-0.26282051282051283,0.9935897435897436,-0.12179487179487179,0.6025641025641025,-0.24358974358974358,0.8589743589743589,-0.44871794871794873,1.0,-0.3269230769230769,0.967948717948718,-0.17307692307692307,0.5192307692307693,-0.2692307692307692,0.7628205128205128,-0.46153846153846156,0.9038461538461539,-0.3525641025641026,0.9038461538461539,-0.21153846153846154,0.4166666666666667,-0.27564102564102566,0.6089743589743589,-0.41025641025641024,0.75,-0.3782051282051282,0.8012820512820513,-0.2948717948717949
4,0.0,0.0,0.21656050955414013,0.12738853503184713,0.445859872611465,0.17834394904458598,0.5477707006369427,0.3057324840764331,0.5605095541401274,0.42038216560509556,0.6560509554140127,-0.18471337579617833,0.8789808917197452,-0.3375796178343949,0.9872611464968153,-0.22929936305732485,0.9745222929936306,-0.08917197452229299,0.6114649681528662,-0.2356687898089172,0.8662420382165605,-0.42038216560509556,1.0,-0.2929936305732484,0.9490445859872612,-0.15286624203821655,0.5414012738853503,-0.267515923566879,0.7834394904458599,-0.445859872611465,0.910828025477707,-0.33121019108280253,0.8853503184713376,-0.19745222929936307,0.45222929936305734,-0.27388535031847133,0.6369426751592356,-0.39490445859872614,0.7707006369426752,-0.35668789808917195,0.7961783439490446,-0.27388535031847133
4,0.0,0.0,0.23076923076923078,0.1282051282051282,0.44871794871794873,0.1858974358974359,0.5448717948717948,0.3141025641025641,0.5641025641025641,0.42948717948717946,0.6538461538461539,-0.17307692307692307,0.8846153846153846,-0.33974358974358976,0.9935897435897436,-0.21794871794871795,0.9807692307692307,-0.07692307692307693,0.6153846153846154,-0.21794871794871795,0.8782051282051282,-0.41025641025641024,1.0,-0.2692307692307692,0.9551282051282052,-0.1282051282051282,0.5448717948717948,-0.24358974358974358,0.7884615384615384,-0.4358974358974359,0.9102564102564102,-0.3076923076923077,0.8910256410256411,-0.1794871794871795,0.4551282051282051,-0.25,0.6346153846153846,-0.38461538461538464,0.7692307692307693,-0.3333333333333333,0.8012820512820513,-0.25
4,0.0,0.0,0.23717948717948717,0.12179487179487179,0.44871794871794873,0.1987179487179487,0.532051282051282,0.32051282051282054,0.5512820512820513,0.4423076923076923,0.6602564102564102,-0.15384615384615385,0.8974358974358975,-0.30128205128205127,0.9935897435897436,-0.17307692307692307,1.0,-0.019230769230769232,0.6089743589743589,-0.1987179487179487,0.8782051282051282,-0.3717948717948718,1.0,-0.21153846153846154,0.9743589743589743,-0.05128205128205128,0.532051282051282,-0.21794871794871795,0.782051282051282,-0.3782051282051282,0.9102564102564102,-0.23076923076923078,0.9038461538461539,-0.08333333333333333,0.4358974358974359,-0.21153846153846154,0.6346153846153846,-0.3269230769230769,0.7692307692307693,-0.25,0.8141025641025641,-0.15384615384615385
4,0.0,0.0,0.2469879518072289,0.13855421686746988,0.43373493975903615,0.24096385542168675,0.5,0.3674698795180723,0.5060240963855421,0.4759036144578313,0.6204819277108434,-0.12048192771084337,0.891566265060241,-0.16265060240963855,0.9759036144578314,-0.030120481927710843,0.9819277108433735,0.10843373493975904,0.5662650602409639,-0.1566265060240964,0.8975903614457831,-0.21084337349397592,1.0,-0.03614457831325301,0.9698795180722891,0.10240963855421686,0.5,-0.15060240963855423,0.8132530120481928,-0.20481927710843373,0.9216867469879518,-0.03614457831325301,0.927710843373494,0.10240963855421686,0.42771084337349397,-0.10240963855421686,0.6626506024096386,-0.14457831325301204,0.7831325301204819,-0.05421686746987952,0.8253012048192772,0.03614457831325301
4,0.0,0.0,0.2411764705882353,0.1588235294117647,0.4294117647058823,0.2529411764705882,0.5,0.37058823529411766,0.5176470588235295,0.4823529411764706,0.6058823529411764,-0.13529411764705881,0.8823529411764706,-0.1411764705882353,0.9647058823529412,0.011764705882352941,0.9705882352941176,0.14705882352941177,0.5705882352941176,-0.1588235294117647,0.9117647058823529,-0.16470588235294117,1.0,0.023529411764705882,0.9647058823529412,0.16470588235294117,0.5235294117647059,-0.1411764705882353,0.8352941176470589,-0.1411764705882353,0.9352941176470588,0.029411764705882353,0.9235294117647059,0.16470588235294117,0.4764705882352941,-0.06470588235294118,0.7,-0.07647058823529412,0.8235294117647058,0.01764705882352941,0.8529411764705882,0.10588235294117647
4,0.0,0.0,0.24705882352941178,0.16470588235294117,0.4294117647058823,0.25882352941176473,0.5117647058823529,0.37058823529411766,0.5176470588235295,0.47058823529411764,0.5941176470588235,-0.1411764705882353,0.8764705882352941,-0.11764705882352941,0.9588235294117647,0.03529411764705882,0.9588235294117647,0.17647058823529413,0.5470588235294118,-0.15294117647058825,0.9176470588235294,-0.11764705882352941,1.0,0.058823529411764705,0.9647058823529412,0.2,0.49411764705882355,-0.11764705882352941,0.8294117647058824,-0.09411764705882353,0.9235294117647059,0.07058823529411765,0.9235294117647059,0.2,0.4411764705882353,-0.03529411764705882,0.6647058823529411,-0.029411764705882353,0.7941176470588235,0.047058823529411764,0.8529411764705882,0.12352941176470589
4,0.0,0.0,0.2471264367816092,0.15517241379310345,0.4425287356321839,0.2471264367816092,0.5172413793103449,0.3505747126436782,0.5172413793103449,0.4425287356321839,0.5689655172413793,-0.14942528735632185,0.867816091954023,-0.10344827586206896,0.9597701149425287,0.05172413793103448,0.9712643678160919,0.19540229885057472,0.5287356321839081,-0.15517241379310345,0.9022988505747126,-0.08620689655172414,1.0,0.09770114942528736,0.9712643678160919,0.2413793103448276,0.4885057471264368,-0.10919540229885058,0.8218390804597702,-0.06321839080459771,0.9310344827586207,0.10919540229885058,0.9310344827586207,0.2471264367816092,0.4540229885057471,-0.017241379310344827,0.6896551724137931,0.011494252873563218,0.8103448275862069,0.10344827586206896,0.8620689655172413,0.20114942528735633
4,0.0,0.0,0.2261904761904762,0.16071428571428573,0.4166666666666667,0.2619047619047619,0.49404761904761907,0.38095238095238093,0.5059523809523809,0.47619047619047616,0.6130952380952381,-0.10714285714285714,0.9166666666666666,-0.02976190476190476,1.0,0.13095238095238096,0.9702380952380952,0.26785714285714285,0.5833333333333334,-0.11904761904761904,0.9404761904761905,0.011904761904761904,1.0,0.20238095238095238,0.9464285714285714,0.32142857142857145,0.5357142857142857,-0.07142857142857142,0.8690476190476191,0.03571428571428571,0.9464285714285714,0.22023809523809523,0.9166666666666666,0.35119047619047616,0.49404761904761907,0.02976190476190476,0.7380952380952381,0.09523809523809523,0.8452380952380952,0.20833333333333334,0.8809523809523809,0.30357142857142855
4,0.0,0.0,0.2275449101796407,0.17964071856287425,0.41317365269461076,0.2934131736526946,0.48502994011976047,0.40718562874251496,0.5149700598802395,0.5029940119760479,0.6107784431137725,-0.07784431137724551,0.9041916167664671,0.029940119760479042,0.9700598802395209,0.19760479041916168,0.9461077844311377,0.33532934131736525,0.5808383233532934,-0.08982035928143713,0.9341317365269461,0.04790419161676647,1.0,0.23952095808383234,0.9580838323353293,0.3712574850299401,0.5269461077844312,-0.04790419161676647,0.8622754491017964,0.059880239520958084,0.9401197604790419,0.23952095808383234,0.9281437125748503,0.3772455089820359,0.47305389221556887,0.041916167664670656,0.6946107784431138,0.11377245508982035,0.8143712574850299,0.2275449101796407,0.8562874251497006,0.32335329341317365
4,0.0,0.0,0.21518987341772153,0.22151898734177214,0.41139240506329117,0.34810126582278483,0.4873417721518987,0.47468354430379744,0.5443037974683544,0.5569620253164557,0.6455696202531646,-0.006329113924050633,0.9556962025316456,0.11392405063291139,1.0,0.310126582278481,0.9493670886075949,0.4430379746835443,0.6012658227848101,-0.03164556962025317,0.9683544303797469,0.1518987341772152,0.9936708860759493,0.37341772151898733,0.9240506329113924,0.4936708860759494,0.5253164556962026,0.0,0.8607594936708861,0.14556962025316456,0.9113924050632911,0.36075949367088606,0.8670886075949367,0.4936708860759494,0.4430379746835443,0.08860759493670886,0.6708860759493671,0.1962025316455696,0.7721518987341772,0.33544303797468356,0.8037974683544303,0.44936708860759494
4,0.0,0.0,0.2222222222222222,0.23529411764705882,0.41830065359477125,0.3790849673202614,0.5032679738562091,0.5032679738562091,0.5686274509803921,0.5816993464052288,0.673202614379085,0.013071895424836602,0.9738562091503268,0.16339869281045752,0.9869281045751634,0.37254901960784315,0.9281045751633987,0.5163398692810458,0.6274509803921569,-0.006535947712418301,1.0,0.1830065359477124,1.0,0.42483660130718953,0.9150326797385621,0.5555555555555556,0.5490196078431373,0.026143790849673203,0.8823529411764706,0.16993464052287582,0.9215686274509803,0.39869281045751637,0.869281045751634,0.5424836601307189,0.45098039215686275,0.1111111111111111,0.673202614379085,0.22875816993464052,0.7712418300653595,0.37254901960784315,0.7973856209150327,0.49019607843137253
4,0.0,0.0,0.2631578947368421,0.1118421052631579,0.4868421052631579,0.2631578947368421,0.5921052631578947,0.4144736842105263,0.6842105263157895,0.5657894736842105,0.6842105263157895,0.03289473684210526,0.9868421052631579,0.21052631578947367,1.0,0.42105263157894735,0.9342105263157895,0.5460526315789473,0.625,0.02631578947368421,0.9671052631578947,0.2631578947368421,0.9671052631578947,0.4934210526315789,0.881578947368421,0.5986842105263158,0.5263157894736842,0.06578947368421052,0.8421052631578947,0.2631578947368421,0.875,0.4868421052631579,0.8223684210526315,0.618421052631579,0.42105263157894735,0.1513157894736842,0.6447368421052632,0.29605263157894735,0.743421052631579,0.4407894736842105,0.7828947368421053,0.5526315789473685
4,0.0,0.0,0.30344827586206896,0.0,0.5586206896551724,0.10344827586206896,0.696551724137931,0.22758620689655173,0.7931034482758621,0.36551724137931035,0.6827586206896552,0.08275862068965517,0.993103448275862,0.32413793103448274,1.0,0.5517241379310345,0.9310344827586207,0.6758620689655173,0.6068965517241379,0.10344827586206896,0.9517241379310345,0.3931034482758621,0.9379310344827586,0.6344827586206897,0.8620689655172413,0.7448275862068966,0.4827586206896552,0.15862068965517243,0.8,0.4068965517241379,0.8275862068965517,0.6344827586206897,0.7862068965517242,0.7655172413793103,0.33793103448275863,0.2482758620689655,0.5793103448275863,0.43448275862068964,0.6896551724137931,0.593103448275862,0.7310344827586207,0.7103448275862069
4,0.0,0.0,0.3049645390070922,0.02127659574468085,0.5673758865248227,0.14184397163120568,0.7092198581560284,0.2765957446808511,0.8085106382978723,0.41843971631205673,0.7021276595744681,0.1347517730496454,1.0,0.40425531914893614,0.9858156028368794,0.6382978723404256,0.8936170212765957,0.7588652482269503,0.6382978723404256,0.15602836879432624,0.9574468085106383,0.44680851063829785,0.9148936170212766,0.6950354609929078,0.8156028368794326,0.7943262411347518,0.524822695035461,0.20567375886524822,0.8085106382978723,0.46808510638297873,0.7943262411347518,0.7021276595744681,0.723404255319149,0.8226950354609929,0.3829787234042553,0.2765957446808511,0.5886524822695035,0.48226950354609927,0.6453900709219859,0.6595744680851063,0.6312056737588653,0.7659574468085106
4,0.0,0.0,0.33587786259541985,0.07633587786259542,0.5954198473282443,0.26717557251908397,0.7175572519083969,0.4580152671755725,0.7786259541984732,0.6335877862595419,0.6946564885496184,0.26717557251908397,0.9923664122137404,0.5877862595419847,0.9847328244274809,0.8320610687022901,0.916030534351145,0.9541984732824428,0.5877862595419847,0.2748091603053435,0.9083969465648855,0.6335877862595419,0.8778625954198473,0.8931297709923665,0.7862595419847328,1.0,0.42748091603053434,0.31297709923664124,0.7175572519083969,0.6412213740458015,0.7099236641221374,0.8702290076335878,0.6412213740458015,0.9847328244274809,0.2366412213740458,0.366412213740458,0.42748091603053434,0.6259541984732825,0.4961832061068702,0.7938931297709924,0.5114503816793893,0.9083969465648855
4,0.0,0.0,0.3237410071942446,0.11510791366906475,0.5539568345323741,0.3381294964028777,0.6474820143884892,0.5323741007194245,0.6762589928057554,0.7122302158273381,0.6690647482014388,0.33093525179856115,0.8992805755395683,0.6402877697841727,0.8633093525179856,0.8633093525179856,0.7841726618705036,0.9784172661870504,0.5467625899280576,0.33093525179856115,0.7985611510791367,0.6762589928057554,0.7482014388489209,0.9064748201438849,0.6546762589928058,1.0,0.37410071942446044,0.35251798561151076,0.5827338129496403,0.6762589928057554,0.5611510791366906,0.8776978417266187,0.5035971223021583,0.9568345323741008,0.17266187050359713,0.381294964028777,0.3237410071942446,0.6402877697841727,0.381294964028777,0.8057553956834532,0.4028776978417266,0.8920863309352518
4,0.0,0.0,0.31724137931034485,0.10344827586206896,0.5241379310344828,0.32413793103448274,0.6,0.5310344827586206,0.593103448275862,0.7034482758620689,0.6551724137931034,0.38620689655172413,0.8068965517241379,0.6758620689655173,0.8137931034482758,0.8482758620689655,0.7862068965517242,0.9448275862068966,0.5241379310344828,0.4206896551724138,0.7034482758620689,0.7793103448275862,0.6896551724137931,0.9448275862068966,0.6275862068965518,1.0,0.35172413793103446,0.4482758620689655,0.4896551724137931,0.8068965517241379,0.4689655172413793,0.9310344827586207,0.42758620689655175,0.9448275862068966,0.15172413793103448,0.4689655172413793,0.2413793103448276,0.7517241379310344,0.2413793103448276,0.8620689655172413,0.22758620689655173,0.8827586206896552
4,0.0,0.0,0.2802547770700637,0.11464968152866242,0.4840764331210191,0.35668789808917195,0.5605095541401274,0.5859872611464968,0.5605095541401274,0.7707006369426752,0.5477707006369427,0.39490445859872614,0.6560509554140127,0.6942675159235668,0.6751592356687898,0.8853503184713376,0.6560509554140127,1.0,0.3885350318471338,0.42038216560509556,0.47770700636942676,0.7643312101910829,0.46496815286624205,0.89171974522293,0.4267515923566879,0.9171974522292994,0.20382165605095542,0.445859872611465,0.29936305732484075,0.7834394904458599,0.29936305732484075,0.8789808917197452,0.2802547770700637,0.8853503184713376,0.006369426751592357,0.4585987261146497,0.09554140127388536,0.7452229299363057,0.12101910828025478,0.8343949044585988,0.12738853503184713,0.8471337579617835
4,0.0,0.0,0.22988505747126436,0.11494252873563218,0.3620689655172414,0.3160919540229885,0.39655172413793105,0.5,0.39080459770114945,0.6609195402298851,0.43103448275862066,0.39655172413793105,0.5057471264367817,0.7183908045977011,0.47701149425287354,0.8735632183908046,0.4367816091954023,0.9540229885057471,0.28735632183908044,0.41954022988505746,0.3563218390804598,0.7701149425287356,0.3390804597701149,0.9252873563218391,0.3045977011494253,1.0,0.1206896551724138,0.4367816091954023,0.16091954022988506,0.7528735632183908,0.16091954022988506,0.896551724137931,0.15517241379310345,0.9712643678160919,-0.05747126436781609,0.4367816091954023,-0.017241379310344827,0.6896551724137931,0.005747126436781609,0.8160919540229885,0.022988505747126436,0.896551724137931
4,0.0,0.0,0.23668639053254437,0.13609467455621302,0.3668639053254438,0.33727810650887574,0.39644970414201186,0.5325443786982249,0.35502958579881655,0.6923076923076923,0.39644970414201186,0.4437869822485207,0.44970414201183434,0.7988165680473372,0.40828402366863903,0.9171597633136095,0.3727810650887574,0.9467455621301775,0.23668639053254437,0.46745562130177515,0.28994082840236685,0.8402366863905325,0.2603550295857988,0.9644970414201184,0.23076923076923078,1.0,0.05917159763313609,0.47337278106508873,0.08284023668639054,0.8106508875739645,0.08284023668639054,0.9408284023668639,0.09467455621301775,0.9940828402366864,-0.1242603550295858,0.44970414201183434,-0.08284023668639054,0.727810650887574,-0.0650887573964497,0.834319526627219,-0.05325443786982249,0.8816568047337278
4,0.0,0.0,0.24550898203592814,0.17365269461077845,0.3413173652694611,0.39520958083832336,0.32335329341317365,0.5748502994011976,0.23952095808383234,0.7125748502994012,0.3652694610778443,0.5029940119760479,0.3712574850299401,0.8502994011976048,0.2934131736526946,0.9401197604790419,0.23353293413173654,0.9281437125748503,0.19760479041916168,0.5329341317365269,0.17964071856287425,0.9161676646706587,0.10778443113772455,1.0,0.059880239520958084,0.9880239520958084,0.017964071856287425,0.5389221556886228,-0.017964071856287425,0.874251497005988,-0.041916167664670656,0.9401197604790419,-0.041916167664670656,0.9281437125748503,-0.1497005988023952,0.5089820359281437,-0.1497005988023952,0.7664670658682635,-0.1317365269461078,0.8083832335329342,-0.11976047904191617,0.7904191616766467
4,0.0,0.0,0.22404371584699453,0.15300546448087432,0.3114754098360656,0.366120218579235,0.3005464480874317,0.546448087431694,0.2459016393442623,0.6885245901639344,0.2896174863387978,0.453551912568306,0.2568306010928962,0.819672131147541,0.25136612021857924,0.9398907103825137,0.2568306010928962,0.912568306010929,0.11475409836065574,0.46994535519125685,0.09289617486338798,0.8743169398907104,0.11475409836065574,1.0,0.14207650273224043,0.9781420765027322,-0.04918032786885246,0.4644808743169399,-0.07650273224043716,0.8360655737704918,-0.04918032786885246,0.9508196721311475,-0.01092896174863388,0.9508196721311475,-0.18579234972677597,0.43169398907103823,-0.1912568306010929,0.7213114754098361,-0.16393442622950818,0.8415300546448088,-0.11475409836065574,0.8907103825136612
4,0.0,0.0,0.23157894736842105,0.14210526315789473,0.3105263157894737,0.3368421052631579,0.30526315789473685,0.5263157894736842,0.2631578947368421,0.6736842105263158,0.26842105263157895,0.46842105263157896,0.23157894736842105,0.8105263157894737,0.22631578947368422,0.9315789473684211,0.23157894736842105,0.9473684210526315,0.09473684210526316,0.4842105263157895,0.06315789473684211,0.8631578947368421,0.07894736842105263,0.9947368421052631,0.11052631578947368,1.0,-0.06315789473684211,0.46842105263157896,-0.10526315789473684,0.8105263157894737,-0.07368421052631578,0.9263157894736842,-0.02631578947368421,0.9315789473684211,-0.17894736842105263,0.4263157894736842,-0.18421052631578946,0.6842105263157895,-0.15789473684210525,0.7789473684210526,-0.11578947368421053,0.8105263157894737
4,0.0,0.0,0.2222222222222222,0.16111111111111112,0.3055555555555556,0.36666666666666664,0.3055555555555556,0.5555555555555556,0.2611111111111111,0.6944444444444444,0.22777777777777777,0.5222222222222223,0.17222222222222222,0.8777777777777778,0.15,0.9611111111111111,0.15,0.95,0.044444444444444446,0.5277777777777778,-0.011111111111111112,0.9,-0.027777777777777776,0.9888888888888889,-0.011111111111111112,1.0,-0.11666666666666667,0.5,-0.18333333333333332,0.8333333333333334,-0.17777777777777778,0.9277777777777778,-0.1388888888888889,0.95,-0.2388888888888889,0.4388888888888889,-0.25555555555555554,0.7,-0.2388888888888889,0.7777777777777778,-0.20555555555555555,0.8
4,0.0,0.0,0.10795454545454546,0.22727272727272727,0.09090909090909091,0.4715909090909091,0.05113636363636364,0.6477272727272727,0.10227272727272728,0.7613636363636364,-0.05113636363636364,0.6477272727272727,-0.24431818181818182,0.9147727272727273,-0.3465909090909091,0.9886363636363636,-0.39204545454545453,1.0,-0.19886363636363635,0.5909090909090909,-0.42613636363636365,0.875,-0.5170454545454546,0.9431818181818182,-0.5454545454545454,0.9488636363636364,-0.32954545454545453,0.5,-0.5454545454545454,0.7670454545454546,-0.6136363636363636,0.8409090909090909,-0.6193181818181818,0.8693181818181818,-0.4318181818181818,0.39204545454545453,-0.5852272727272727,0.6136363636363636,-0.6306818181818182,0.6988636363636364,-0.6363636363636364,0.7443181818181818
4,0.0,0.0,-0.047058823529411764,0.27058823529411763,-0.21176470588235294,0.49411764705882355,-0.3058823529411765,0.6411764705882353,-0.24705882352941178,0.7294117647058823,-0.38235294117647056,0.48823529411764705,-0.6647058823529411,0.6176470588235294,-0.788235294117647,0.6941176470588235,-0.8235294117647058,0.7411764705882353,-0.48823529411764705,0.32941176470588235,-0.8235294117647058,0.4823529411764706,-0.9470588235294117,0.5705882352941176,-0.9705882352941176,0.6294117647058823,-0.5588235294117647,0.18235294117647058,-0.888235294117647,0.3058823529411765,-0.9882352941176471,0.3941176470588235,-1.0,0.4588235294117647,-0.5882352941176471,0.058823529411764705,-0.8411764705882353,0.16470588235294117,-0.9294117647058824,0.2411764705882353,-0.9470588235294117,0.3
4,0.0,0.0,-0.06111111111111111,0.25555555555555554,-0.22777777777777777,0.45555555555555555,-0.3333333333333333,0.5888888888888889,-0.3111111111111111,0.6888888888888889,-0.4,0.45555555555555555,-0.7166666666666667,0.5611111111111111,-0.8388888888888889,0.6222222222222222,-0.8611111111111112,0.6611111111111111,-0.49444444444444446,0.29444444444444445,-0.8666666666666667,0.42777777777777776,-0.9777777777777777,0.49444444444444446,-0.9777777777777777,0.5444444444444444,-0.5555555555555556,0.15,-0.9055555555555556,0.25,-1.0,0.32222222222222224,-1.0,0.38333333333333336,-0.5666666666666667,0.022222222222222223,-0.8333333333333334,0.11666666666666667,-0.9111111111111111,0.17777777777777778,-0.9222222222222223,0.22777777777777777
4,0.0,0.0,-0.08064516129032258,0.24731182795698925,-0.25806451612903225,0.43548387096774194,-0.3548387096774194,0.5698924731182796,-0.3333333333333333,0.6612903225806451,-0.41397849462365593,0.41935483870967744,-0.7043010752688172,0.5053763440860215,-0.8279569892473119,0.5698924731182796,-0.8709677419354839,0.6182795698924731,-0.4946236559139785,0.25806451612903225,-0.8440860215053764,0.3709677419354839,-0.956989247311828,0.44623655913978494,-0.9731182795698925,0.5053763440860215,-0.5483870967741935,0.11827956989247312,-0.8763440860215054,0.20967741935483872,-0.978494623655914,0.2849462365591398,-1.0,0.34946236559139787,-0.5645161290322581,-0.005376344086021506,-0.8118279569892473,0.08602150537634409,-0.8978494623655914,0.14516129032258066,-0.9247311827956989,0.20430107526881722
4,0.0,0.0,-0.10382513661202186,0.23497267759562843,-0.29508196721311475,0.3989071038251366,-0.40437158469945356,0.5245901639344263,-0.3989071038251366,0.6284153005464481,-0.5027322404371585,0.33879781420765026,-0.7923497267759563,0.40437158469945356,-0.9016393442622951,0.45901639344262296,-0.9234972677595629,0.5081967213114754,-0.5573770491803278,0.17486338797814208,-0.8907103825136612,0.2459016393442623,-0.9890710382513661,0.3114754098360656,-1.0,0.3770491803278688,-0.5846994535519126,0.03825136612021858,-0.8907103825136612,0.09289617486338798,-0.9836065573770492,0.16393442622950818,-1.0,0.22404371584699453,-0.5737704918032787,-0.060109289617486336,-0.8087431693989071,-0.01639344262295082,-0.8961748633879781,0.03278688524590164,-0.9180327868852459,0.08196721311475409
4,0.0,0.0,-0.11827956989247312,0.21505376344086022,-0.3118279569892473,0.3602150537634409,-0.41397849462365593,0.478494623655914,-0.3978494623655914,0.5752688172043011,-0.478494623655914,0.2903225806451613,-0.7849462365591398,0.3387096774193548,-0.9032258064516129,0.3978494623655914,-0.9193548387096774,0.44623655913978494,-0.5376344086021505,0.11827956989247312,-0.8763440860215054,0.1827956989247312,-0.989247311827957,0.25268817204301075,-0.989247311827957,0.3225806451612903,-0.553763440860215,-0.026881720430107527,-0.8763440860215054,0.021505376344086023,-0.9838709677419355,0.0913978494623656,-1.0,0.16666666666666666,-0.5376344086021505,-0.12903225806451613,-0.7795698924731183,-0.06989247311827956,-0.8655913978494624,-0.016129032258064516,-0.8870967741935484,0.03763440860215054
4,0.0,0.0,-0.15591397849462366,0.16129032258064516,-0.3655913978494624,0.27419354838709675,-0.478494623655914,0.3870967741935484,-0.4838709677419355,0.5,-0.4946236559139785,0.12903225806451613,-0.7956989247311828,0.14516129032258066,-0.9139784946236559,0.1989247311827957,-0.9408602150537635,0.25806451612903225,-0.5161290322580645,-0.03763440860215054,-0.8548387096774194,-0.026881720430107527,-0.9731182795698925,0.03763440860215054,-1.0,0.11827956989247312,-0.510752688172043,-0.16129032258064516,-0.8225806451612904,-0.16666666666666666,-0.9408602150537635,-0.10215053763440861,-0.9731182795698925,-0.021505376344086023,-0.478494623655914,-0.24193548387096775,-0.7150537634408602,-0.24193548387096775,-0.8118279569892473,-0.1881720430107527,-0.8387096774193549,-0.11827956989247312
4,0.0,0.0,-0.15135135135135136,0.16756756756756758,-0.3567567567567568,0.2810810810810811,-0.4756756756756757,0.40540540540540543,-0.4918918918918919,0.5135135135135135,-0.4756756756756757,0.12972972972972974,-0.8,0.12972972972972974,-0.9243243243243243,0.1945945945945946,-0.9243243243243243,0.2594594594594595,-0.4972972972972973,-0.043243243243243246,-0.8756756756756757,-0.03783783783783784,-1.0,0.03783783783783784,-0.9945945945945946,0.12432432432432433,-0.4918918918918919,-0.17297297297297298,-0.8324324324324325,-0.1783783783783784,-0.9513513513513514,-0.10810810810810811,-0.9621621621621622,-0.02702702702702703,-0.4594594594594595,-0.24324324324324326,-0.7135135135135136,-0.24324324324324326,-0.8162162162162162,-0.1837837837837838,-0.8324324324324325,-0.11351351351351352
4,0.0,0.0,-0.19672131147540983,0.09836065573770492,-0.4262295081967213,0.15300546448087432,-0.5519125683060109,0.2568306010928962,-0.5792349726775956,0.3825136612021858,-0.4918032786885246,-0.0273224043715847,-0.7868852459016393,-0.10382513661202186,-0.9234972677595629,-0.07103825136612021,-0.9836065573770492,0.00546448087431694,-0.4644808743169399,-0.15300546448087432,-0.7868852459016393,-0.25136612021857924,-0.9344262295081968,-0.21311475409836064,-1.0,-0.12021857923497267,-0.4262295081967213,-0.2459016393442623,-0.7103825136612022,-0.32786885245901637,-0.8633879781420765,-0.29508196721311475,-0.9453551912568307,-0.22950819672131148,-0.3770491803278688,-0.3005464480874317,-0.6065573770491803,-0.36065573770491804,-0.726775956284153,-0.34972677595628415,-0.7868852459016393,-0.3005464480874317
4,0.0,0.0,-0.16568047337278108,0.14201183431952663,-0.40828402366863903,0.21893491124260356,-0.5562130177514792,0.31952662721893493,-0.591715976331361,0.44970414201183434,-0.4970414201183432,-0.011834319526627219,-0.8047337278106509,-0.10650887573964497,-0.9467455621301775,-0.05917159763313609,-0.9881656804733728,0.01775147928994083,-0.46745562130177515,-0.17751479289940827,-0.8224852071005917,-0.28994082840236685,-0.9585798816568047,-0.21893491124260356,-1.0,-0.11834319526627218,-0.4319526627218935,-0.28402366863905326,-0.7455621301775148,-0.378698224852071,-0.8757396449704142,-0.31952662721893493,-0.9289940828402367,-0.23668639053254437,-0.39644970414201186,-0.33727810650887574,-0.6390532544378699,-0.39644970414201186,-0.7514792899408284,-0.3609467455621302,-0.7988165680473372,-0.30177514792899407
4,0.0,0.0,-0.16666666666666666,0.1488095238095238,-0.4166666666666667,0.22023809523809523,-0.5892857142857143,0.30952380952380953,-0.6428571428571429,0.44047619047619047,-0.5,-0.02976190476190476,-0.7678571428571429,-0.1488095238095238,-0.9107142857142857,-0.13095238095238096,-0.9821428571428571,-0.05952380952380952,-0.47023809523809523,-0.17857142857142858,-0.7619047619047619,-0.30952380952380953,-0.9226190476190477,-0.2619047619047619,-1.0,-0.16666666666666666,-0.42857142857142855,-0.27380952380952384,-0.6964285714285714,-0.38095238095238093,-0.8511904761904762,-0.3392857142857143,-0.9464285714285714,-0.2619047619047619,-0.39285714285714285,-0.31547619047619047,-0.5952380952380952,-0.39285714285714285,-0.7202380952380952,-0.3869047619047619,-0.8035714285714286,-0.3392857142857143
4,0.0,0.0,-0.16265060240963855,0.1746987951807229,-0.42771084337349397,0.2469879518072289,-0.608433734939759,0.3313253012048193,-0.6626506024096386,0.46987951807228917,-0.463855421686747,-0.030120481927710843,-0.7710843373493976,-0.1746987951807229,-0.9156626506024096,-0.13253012048192772,-0.9819277108433735,-0.04819277108433735,-0.43373493975903615,-0.19879518072289157,-0.7831325301204819,-0.35542168674698793,-0.9457831325301205,-0.28313253012048195,-1.0,-0.1746987951807229,-0.40963855421686746,-0.30120481927710846,-0.7289156626506024,-0.42168674698795183,-0.8855421686746988,-0.3493975903614458,-0.9518072289156626,-0.2469879518072289,-0.4036144578313253,-0.3313253012048193,-0.6566265060240963,-0.41566265060240964,-0.7891566265060241,-0.37349397590361444,-0.8433734939759037,-0.2891566265060241
4,0.0,0.0,-0.1858974358974359,0.16025641025641027,-0.44871794871794873,0.22435897435897437,-0.6282051282051282,0.3076923076923077,-0.6923076923076923,0.4423076923076923,-0.5,-0.08974358974358974,-0.782051282051282,-0.25,-0.9294871794871795,-0.20512820512820512,-0.9871794871794872,-0.11538461538461539,-0.4551282051282051,-0.25,-0.7884615384615384,-0.4358974358974359,-0.9487179487179487,-0.358974358974359,-1.0,-0.24358974358974358,-0.4230769230769231,-0.3333333333333333,-0.7243589743589743,-0.4807692307692308,-0.8717948717948718,-0.41025641025641024,-0.9230769230769231,-0.3141025641025641,-0.391025641025641,-0.36538461538461536,-0.6346153846153846,-0.46794871794871795,-0.7692307692307693,-0.42948717948717946,-0.8269230769230769,-0.3525641025641026
4,0.0,0.0,-0.19718309859154928,0.09859154929577464,-0.4788732394366197,0.14084507042253522,-0.6619718309859155,0.23943661971830985,-0.7394366197183099,0.36619718309859156,-0.5352112676056338,-0.20422535211267606,-0.7816901408450704,-0.3873239436619718,-0.9225352112676056,-0.3732394366197183,-1.0,-0.29577464788732394,-0.4859154929577465,-0.323943661971831,-0.7464788732394366,-0.5422535211267606,-0.9084507042253521,-0.5,-1.0,-0.4014084507042254,-0.43661971830985913,-0.4014084507042254,-0.676056338028169,-0.5915492957746479,-0.8380281690140845,-0.5633802816901409,-0.9366197183098591,-0.4788732394366197,-0.4014084507042254,-0.4295774647887324,-0.5915492957746479,-0.5704225352112676,-0.7183098591549296,-0.5774647887323944,-0.8028169014084507,-0.528169014084507
4,0.0,0.0,-0.2,0.14285714285714285,-0.4785714285714286,0.17142857142857143,-0.6785714285714286,0.25,-0.7642857142857142,0.39285714285714285,-0.5,-0.18571428571428572,-0.7785714285714286,-0.40714285714285714,-0.9357142857142857,-0.35,-1.0,-0.2571428571428571,-0.42857142857142855,-0.3357142857142857,-0.7571428571428571,-0.5785714285714286,-0.9285714285714286,-0.4928571428571429,-0.9857142857142858,-0.37857142857142856,-0.38571428571428573,-0.4142857142857143,-0.6785714285714286,-0.6142857142857143,-0.8285714285714286,-0.5357142857142857,-0.8928571428571429,-0.4357142857142857,-0.36428571428571427,-0.42857142857142855,-0.6,-0.5642857142857143,-0.7214285714285714,-0.5214285714285715,-0.7642857142857142,-0.42857142857142855
4,0.0,0.0,-0.21428571428571427,0.12142857142857143,-0.4785714285714286,0.16428571428571428,-0.6785714285714286,0.24285714285714285,-0.7642857142857142,0.37142857142857144,-0.5357142857142857,-0.2,-0.8,-0.39285714285714285,-0.9428571428571428,-0.35714285714285715,-1.0,-0.2785714285714286,-0.4714285714285714,-0.35,-0.7714285714285715,-0.5642857142857143,-0.9357142857142857,-0.4928571428571429,-0.9928571428571429,-0.37857142857142856,-0.42142857142857143,-0.42142857142857143,-0.7071428571428572,-0.6071428571428571,-0.85,-0.5357142857142857,-0.9142857142857143,-0.4357142857142857,-0.39285714285714285,-0.4357142857142857,-0.6214285714285714,-0.5785714285714286,-0.75,-0.5357142857142857,-0.8142857142857143,-0.4642857142857143
4,0.0,0.0,-0.21014492753623187,0.11594202898550725,-0.4855072463768116,0.15942028985507245,-0.6956521739130435,0.2318840579710145,-0.782608695652174,0.3695652173913043,-0.5144927536231884,-0.18840579710144928,-0.7971014492753623,-0.41304347826086957,-0.9492753623188406,-0.37681159420289856,-1.0,-0.2826086956521739,-0.4492753623188406,-0.3333333333333333,-0.782608695652174,-0.5942028985507246,-0.9420289855072463,-0.5144927536231884,-0.9855072463768116,-0.391304347826087,-0.4057971014492754,-0.41304347826086957,-0.7101449275362319,-0.6159420289855072,-0.8478260869565217,-0.5289855072463768,-0.8913043478260869,-0.42028985507246375,-0.37681159420289856,-0.4420289855072464,-0.6159420289855072,-0.5869565217391305,-0.7391304347826086,-0.5434782608695652,-0.7753623188405797,-0.45652173913043476
4,0.0,0.0,-0.2601626016260163,0.04065040650406504,-0.5772357723577236,-0.008130081300813009,-0.8048780487804879,0.032520325203252036,-0.9186991869918699,0.13821138211382114,-0.5528455284552846,-0.3902439024390244,-0.7317073170731707,-0.7235772357723578,-0.9024390243902439,-0.7154471544715447,-1.0,-0.6178861788617886,-0.4634146341463415,-0.4878048780487805,-0.6585365853658537,-0.8048780487804879,-0.8455284552845529,-0.7642276422764228,-0.943089430894309,-0.6585365853658537,-0.3983739837398374,-0.5365853658536586,-0.5934959349593496,-0.7967479674796748,-0.7723577235772358,-0.7723577235772358,-0.8780487804878049,-0.6910569105691057,-0.34959349593495936,-0.5609756097560976,-0.5365853658536586,-0.7642276422764228,-0.6829268292682927,-0.7804878048780488,-0.7804878048780488,-0.7317073170731707
4,0.0,0.0,-0.2831858407079646,-0.017699115044247787,-0.5752212389380531,-0.10619469026548672,-0.8230088495575221,-0.09734513274336283,-0.9823008849557522,0.008849557522123894,-0.4690265486725664,-0.504424778761062,-0.6194690265486725,-0.8849557522123894,-0.8053097345132744,-0.9026548672566371,-0.8938053097345132,-0.8141592920353983,-0.3185840707964602,-0.6017699115044248,-0.5132743362831859,-1.0,-0.7256637168141593,-0.9734513274336283,-0.8141592920353983,-0.8584070796460177,-0.23008849557522124,-0.6283185840707964,-0.415929203539823,-0.9734513274336283,-0.6106194690265486,-0.9646017699115044,-0.6991150442477876,-0.8761061946902655,-0.18584070796460178,-0.6194690265486725,-0.36283185840707965,-0.8672566371681416,-0.5221238938053098,-0.9026548672566371,-0.6194690265486725,-0.8584070796460177
4,0.0,0.0,-0.30357142857142855,-0.026785714285714284,-0.5982142857142857,-0.125,-0.8392857142857143,-0.125,-1.0,-0.026785714285714284,-0.45535714285714285,-0.5178571428571429,-0.5714285714285714,-0.9017857142857143,-0.75,-0.9107142857142857,-0.8303571428571429,-0.8214285714285714,-0.3125,-0.5892857142857143,-0.48214285714285715,-0.9910714285714286,-0.6964285714285714,-0.9553571428571429,-0.7767857142857143,-0.8482142857142857,-0.23214285714285715,-0.6071428571428571,-0.39285714285714285,-0.9375,-0.5892857142857143,-0.9285714285714286,-0.6875,-0.8482142857142857,-0.19642857142857142,-0.5982142857142857,-0.3392857142857143,-0.8392857142857143,-0.5,-0.875,-0.5892857142857143,-0.8214285714285714
4,0.0,0.0,-0.2871287128712871,0.1485148514851485,-0.594059405940594,0.12871287128712872,-0.8217821782178217,0.1188118811881188,-1.0,0.16831683168316833,-0.42574257425742573,-0.297029702970297,-0.4752475247524752,-0.6039603960396039,-0.6336633663366337,-0.7029702970297029,-0.7722772277227723,-0.7128712871287128,-0.31683168316831684,-0.4158415841584158,-0.43564356435643564,-0.7524752475247525,-0.6534653465346535,-0.8118811881188119,-0.801980198019802,-0.7623762376237624,-0.26732673267326734,-0.48514851485148514,-0.44554455445544555,-0.7722772277227723,-0.6633663366336634,-0.8217821782178217,-0.8118811881188119,-0.7821782178217822,-0.26732673267326734,-0.49504950495049505,-0.46534653465346537,-0.7128712871287128,-0.6534653465346535,-0.7722772277227723,-0.7821782178217822,-0.7524752475247525
4,0.0,0.0,-0.28440366972477066,-0.009174311926605505,-0.5871559633027523,-0.09174311926605505,-0.8348623853211009,-0.08256880733944955,-1.0,0.027522935779816515,-0.44954128440366975,-0.5321100917431193,-0.6055045871559633,-0.8899082568807339,-0.7981651376146789,-0.8807339449541285,-0.8899082568807339,-0.7798165137614679,-0.3211009174311927,-0.6146788990825688,-0.5229357798165137,-0.981651376146789,-0.7339449541284404,-0.944954128440367,-0.8256880733944955,-0.8256880733944955,-0.25688073394495414,-0.6238532110091743,-0.44954128440366975,-0.9174311926605505,-0.6422018348623854,-0.908256880733945,-0.7522935779816514,-0.8256880733944955,-0.23853211009174313,-0.6055045871559633,-0.4036697247706422,-0.8256880733944955,-0.5688073394495413,-0.8532110091743119,-0.6697247706422018,-0.8073394495412844
4,0.0,0.0,-0.27884615384615385,-0.009615384615384616,-0.5865384615384616,-0.09615384615384616,-0.8461538461538461,-0.07692307692307693,-1.0,0.038461538461538464,-0.4326923076923077,-0.5576923076923077,-0.6153846153846154,-0.9230769230769231,-0.8269230769230769,-0.9230769230769231,-0.9519230769230769,-0.8269230769230769,-0.33653846153846156,-0.6346153846153846,-0.5576923076923077,-1.0,-0.7788461538461539,-0.9615384615384616,-0.8942307692307693,-0.8461538461538461,-0.2980769230769231,-0.6538461538461539,-0.5192307692307693,-0.9326923076923077,-0.7115384615384616,-0.9038461538461539,-0.8173076923076923,-0.8173076923076923,-0.28846153846153844,-0.6442307692307693,-0.47115384615384615,-0.8653846153846154,-0.6346153846153846,-0.875,-0.7307692307692307,-0.8269230769230769
4,0.0,0.0,-0.2692307692307692,0.009615384615384616,-0.5769230769230769,-0.057692307692307696,-0.8269230769230769,-0.028846153846153848,-1.0,0.07692307692307693,-0.4326923076923077,-0.5384615384615384,-0.6057692307692307,-0.9038461538461539,-0.8173076923076923,-0.8942307692307693,-0.9423076923076923,-0.7980769230769231,-0.33653846153846156,-0.5961538461538461,-0.5576923076923077,-0.9519230769230769,-0.7788461538461539,-0.9134615384615384,-0.8846153846153846,-0.7980769230769231,-0.2980769230769231,-0.6057692307692307,-0.5192307692307693,-0.875,-0.7115384615384616,-0.8461538461538461,-0.8173076923076923,-0.7692307692307693,-0.2980769230769231,-0.5961538461538461,-0.49038461538461536,-0.7980769230769231,-0.6442307692307693,-0.7980769230769231,-0.7403846153846154,-0.7403846153846154
4,0.0,0.0,-0.26666666666666666,-0.009523809523809525,-0.5714285714285714,-0.0761904761904762,-0.8285714285714286,-0.0380952380952381,-1.0,0.06666666666666667,-0.4380952380952381,-0.5619047619047619,-0.6095238095238096,-0.9047619047619048,-0.8095238095238095,-0.9238095238095239,-0.9428571428571428,-0.8476190476190476,-0.3619047619047619,-0.6,-0.5904761904761905,-0.9333333333333333,-0.8095238095238095,-0.9142857142857143,-0.9428571428571428,-0.819047619047619,-0.3238095238095238,-0.580952380952381,-0.5714285714285714,-0.8380952380952381,-0.7714285714285715,-0.8380952380952381,-0.8952380952380953,-0.780952380952381,-0.3333333333333333,-0.5238095238095238,-0.5428571428571428,-0.7047619047619048,-0.7047619047619048,-0.7428571428571429,-0.8,-0.7142857142857143
4,0.0,0.0,-0.19469026548672566,0.04424778761061947,-0.4690265486725664,0.02654867256637168,-0.6902654867256637,0.11504424778761062,-0.8141592920353983,0.24778761061946902,-0.4247787610619469,-0.4336283185840708,-0.6283185840707964,-0.7699115044247787,-0.8407079646017699,-0.7433628318584071,-0.9734513274336283,-0.6194690265486725,-0.3805309734513274,-0.504424778761062,-0.6460176991150443,-0.8584070796460177,-0.8849557522123894,-0.8053097345132744,-1.0,-0.672566371681416,-0.37168141592920356,-0.5309734513274337,-0.6194690265486725,-0.8053097345132744,-0.8407079646017699,-0.7610619469026548,-0.9646017699115044,-0.672566371681416,-0.3805309734513274,-0.5309734513274337,-0.6017699115044248,-0.7079646017699115,-0.7699115044247787,-0.7079646017699115,-0.8672566371681416,-0.6548672566371682
4,0.0,0.0,-0.2808219178082192,-0.0136986301369863,-0.5342465753424658,-0.0547945205479452,-0.7191780821917808,0.03424657534246575,-0.8561643835616438,0.15753424657534246,-0.6301369863013698,-0.4726027397260274,-0.7945205479452054,-0.7191780821917808,-0.9246575342465754,-0.678082191780822,-1.0,-0.5753424657534246,-0.541095890410959,-0.5273972602739726,-0.7191780821917808,-0.821917808219178,-0.8698630136986302,-0.7397260273972602,-0.9315068493150684,-0.5958904109589042,-0.4315068493150685,-0.5547945205479452,-0.5753424657534246,-0.8424657534246576,-0.7465753424657534,-0.773972602739726,-0.8356164383561644,-0.6438356164383562,-0.3082191780821918,-0.547945205479452,-0.4520547945205479,-0.7191780821917808,-0.6164383561643836,-0.6986301369863014,-0.7328767123287672,-0.6232876712328768
4,0.0,0.0,-0.23931623931623933,0.042735042735042736,-0.5042735042735043,-0.017094017094017096,-0.6923076923076923,0.05982905982905983,-0.8461538461538461,0.1623931623931624,-0.5811965811965812,-0.5128205128205128,-0.7094017094017094,-0.7777777777777778,-0.8803418803418803,-0.8034188034188035,-1.0,-0.7435897435897436,-0.47863247863247865,-0.5726495726495726,-0.6324786324786325,-0.8974358974358975,-0.8290598290598291,-0.8888888888888888,-0.9401709401709402,-0.7777777777777778,-0.3504273504273504,-0.6153846153846154,-0.5042735042735043,-0.9401709401709402,-0.7094017094017094,-0.9145299145299145,-0.8376068376068376,-0.811965811965812,-0.21367521367521367,-0.6068376068376068,-0.39316239316239315,-0.8205128205128205,-0.5897435897435898,-0.8290598290598291,-0.7350427350427351,-0.7606837606837606
4,0.0,0.0,-0.2702702702702703,-0.02027027027027027,-0.5202702702702703,-0.06756756756756757,-0.7027027027027027,0.013513513513513514,-0.8378378378378378,0.14189189189189189,-0.6216216216216216,-0.4797297297297297,-0.7905405405405406,-0.7297297297297297,-0.9324324324324325,-0.6824324324324325,-1.0,-0.581081081081081,-0.5202702702702703,-0.527027027027027,-0.6959459459459459,-0.8445945945945946,-0.8581081081081081,-0.7635135135135135,-0.9324324324324325,-0.6216216216216216,-0.39864864864864863,-0.5405405405405406,-0.5405405405405406,-0.8513513513513513,-0.722972972972973,-0.7837837837837838,-0.8175675675675675,-0.6554054054054054,-0.2635135135135135,-0.527027027027027,-0.41216216216216217,-0.7162162162162162,-0.5743243243243243,-0.7027027027027027,-0.6891891891891891,-0.6351351351351351
4,0.0,0.0,-0.2283464566929134,0.07874015748031496,-0.4409448818897638,0.031496062992125984,-0.5826771653543307,0.05511811023622047,-0.7086614173228346,0.10236220472440945,-0.5433070866141733,-0.41732283464566927,-0.7007874015748031,-0.6220472440944882,-0.8818897637795275,-0.6377952755905512,-1.0,-0.5905511811023622,-0.44881889763779526,-0.4881889763779528,-0.6377952755905512,-0.7401574803149606,-0.8267716535433071,-0.7165354330708661,-0.937007874015748,-0.6220472440944882,-0.33858267716535434,-0.5196850393700787,-0.5118110236220472,-0.7952755905511811,-0.7165354330708661,-0.7637795275590551,-0.84251968503937,-0.6692913385826772,-0.2204724409448819,-0.5039370078740157,-0.3937007874015748,-0.6850393700787402,-0.5905511811023622,-0.7007874015748031,-0.7322834645669292,-0.6456692913385826
4,0.0,0.0,-0.26666666666666666,-0.02,-0.52,-0.06,-0.7133333333333334,0.02666666666666667,-0.8466666666666667,0.14666666666666667,-0.6266666666666667,-0.47333333333333333,-0.8,-0.7266666666666667,-0.9333333333333333,-0.6666666666666666,-1.0,-0.56,-0.5333333333333333,-0.52,-0.7133333333333334,-0.8266666666666667,-0.8666666666666667,-0.74,-0.9333333333333333,-0.5933333333333334,-0.41333333333333333,-0.54,-0.56,-0.8333333333333334,-0.7333333333333333,-0.76,-0.82,-0.6266666666666667,-0.2866666666666667,-0.5266666666666666,-0.44,-0.7066666666666667,-0.6,-0.68,-0.7066666666666667,-0.6066666666666667
4,0.0,0.0,-0.23577235772357724,0.04065040650406504,-0.4796747967479675,-0.016260162601626018,-0.6585365853658537,0.07317073170731707,-0.8048780487804879,0.17886178861788618,-0.5691056910569106,-0.5040650406504065,-0.7235772357723578,-0.7642276422764228,-0.8943089430894309,-0.7479674796747967,-1.0,-0.6585365853658537,-0.4715447154471545,-0.5609756097560976,-0.6504065040650406,-0.8943089430894309,-0.8373983739837398,-0.8292682926829268,-0.926829268292683,-0.6910569105691057,-0.34146341463414637,-0.5934959349593496,-0.5040650406504065,-0.9186991869918699,-0.7073170731707317,-0.8536585365853658,-0.8130081300813008,-0.7317073170731707,-0.2032520325203252,-0.5772357723577236,-0.37398373983739835,-0.7723577235772358,-0.5772357723577236,-0.7723577235772358,-0.7154471544715447,-0.7073170731707317
4,0.0,0.0,-0.2679738562091503,-0.0196078431372549,-0.5098039215686274,-0.058823529411764705,-0.6862745098039216,0.0196078431372549,-0.8235294117647058,0.13071895424836602,-0.6209150326797386,-0.46405228758169936,-0.8169934640522876,-0.7058823529411765,-0.9411764705882353,-0.6470588235294118,-1.0,-0.5424836601307189,-0.5228758169934641,-0.5098039215686274,-0.7124183006535948,-0.8104575163398693,-0.8562091503267973,-0.7189542483660131,-0.9150326797385621,-0.5751633986928104,-0.40522875816993464,-0.5294117647058824,-0.5555555555555556,-0.8169934640522876,-0.7254901960784313,-0.738562091503268,-0.8104575163398693,-0.6078431372549019,-0.2679738562091503,-0.5098039215686274,-0.42483660130718953,-0.6797385620915033,-0.5816993464052288,-0.6535947712418301,-0.6862745098039216,-0.5882352941176471
4,0.0,0.0,-0.2689655172413793,0.0,-0.5241379310344828,-0.027586206896551724,-0.7103448275862069,0.06896551724137931,-0.8482758620689655,0.2,-0.6482758620689655,-0.4689655172413793,-0.8206896551724138,-0.7379310344827587,-0.9379310344827586,-0.6827586206896552,-1.0,-0.5724137931034483,-0.5517241379310345,-0.5172413793103449,-0.7241379310344828,-0.8413793103448276,-0.8689655172413793,-0.7448275862068966,-0.9241379310344827,-0.593103448275862,-0.43448275862068964,-0.5379310344827586,-0.5655172413793104,-0.8482758620689655,-0.7448275862068966,-0.7655172413793103,-0.8275862068965517,-0.6206896551724138,-0.30344827586206896,-0.5310344827586206,-0.4482758620689655,-0.7103448275862069,-0.6068965517241379,-0.6827586206896552,-0.7172413793103448,-0.6
4,0.0,0.0,-0.2679738562091503,0.026143790849673203,-0.5228758169934641,-0.006535947712418301,-0.6993464052287581,0.0784313725490196,-0.8169934640522876,0.20261437908496732,-0.6470588235294118,-0.43137254901960786,-0.8366013071895425,-0.673202614379085,-0.954248366013072,-0.6078431372549019,-1.0,-0.49673202614379086,-0.5555555555555556,-0.48366013071895425,-0.738562091503268,-0.7712418300653595,-0.8823529411764706,-0.673202614379085,-0.9215686274509803,-0.5228758169934641,-0.4444444444444444,-0.5098039215686274,-0.5882352941176471,-0.7843137254901961,-0.7516339869281046,-0.6928104575163399,-0.8235294117647058,-0.5555555555555556,-0.3202614379084967,-0.49673202614379086,-0.46405228758169936,-0.6666666666666666,-0.6209150326797386,-0.6274509803921569,-0.7189542483660131,-0.5490196078431373
4,0.0,0.0,-0.2792207792207792,0.01948051948051948,-0.525974025974026,0.0,-0.7142857142857143,0.09090909090909091,-0.8311688311688312,0.2077922077922078,-0.6493506493506493,-0.42207792207792205,-0.8181818181818182,-0.6623376623376623,-0.9415584415584416,-0.6038961038961039,-1.0,-0.5,-0.564935064935065,-0.474025974025974,-0.7467532467532467,-0.7597402597402597,-0.8831168831168831,-0.6623376623376623,-0.9285714285714286,-0.5194805194805194,-0.45454545454545453,-0.5,-0.6038961038961039,-0.7727272727272727,-0.7662337662337663,-0.6818181818181818,-0.8441558441558441,-0.5454545454545454,-0.34415584415584416,-0.487012987012987,-0.4935064935064935,-0.6558441558441559,-0.6428571428571429,-0.6168831168831169,-0.7402597402597403,-0.5324675324675324
4,0.0,0.0,-0.2727272727272727,0.025974025974025976,-0.525974025974026,0.0,-0.7077922077922078,0.09090909090909091,-0.8246753246753247,0.2077922077922078,-0.6493506493506493,-0.42857142857142855,-0.8246753246753247,-0.6493506493506493,-0.948051948051948,-0.5909090909090909,-1.0,-0.4935064935064935,-0.5714285714285714,-0.4805194805194805,-0.7532467532467533,-0.7597402597402597,-0.8896103896103896,-0.6623376623376623,-0.9415584415584416,-0.5194805194805194,-0.461038961038961,-0.5064935064935064,-0.6103896103896104,-0.7662337662337663,-0.7727272727272727,-0.6753246753246753,-0.8506493506493507,-0.5454545454545454,-0.35064935064935066,-0.5,-0.5,-0.6623376623376623,-0.6493506493506493,-0.6233766233766234,-0.7532467532467533,-0.5454545454545454
4,0.0,0.0,-0.21428571428571427,0.08928571428571429,-0.4642857142857143,0.044642857142857144,-0.6160714285714286,0.08035714285714286,-0.7589285714285714,0.15178571428571427,-0.5714285714285714,-0.42857142857142855,-0.7142857142857143,-0.6607142857142857,-0.8839285714285714,-0.6875,-1.0,-0.6428571428571429,-0.4732142857142857,-0.5089285714285714,-0.6428571428571429,-0.7857142857142857,-0.8392857142857143,-0.7767857142857143,-0.9642857142857143,-0.6785714285714286,-0.35714285714285715,-0.5625,-0.5357142857142857,-0.8571428571428571,-0.7410714285714286,-0.8392857142857143,-0.9017857142857143,-0.7410714285714286,-0.22321428571428573,-0.5714285714285714,-0.41964285714285715,-0.7589285714285714,-0.6071428571428571,-0.7767857142857143,-0.7678571428571429,-0.7321428571428571
4,0.0,0.0,-0.2565789473684211,0.019736842105263157,-0.5131578947368421,0.0,-0.6907894736842105,0.09210526315789473,-0.8092105263157895,0.21710526315789475,-0.631578947368421,-0.4342105263157895,-0.8223684210526315,-0.6578947368421053,-0.9407894736842105,-0.5855263157894737,-1.0,-0.48026315789473684,-0.5460526315789473,-0.4868421052631579,-0.743421052631579,-0.756578947368421,-0.881578947368421,-0.6447368421052632,-0.9342105263157895,-0.4934210526315789,-0.4342105263157895,-0.5131578947368421,-0.5986842105263158,-0.756578947368421,-0.7631578947368421,-0.6644736842105263,-0.8355263157894737,-0.5394736842105263,-0.3092105263157895,-0.5,-0.47368421052631576,-0.6381578947368421,-0.625,-0.618421052631579,-0.7368421052631579,-0.5592105263157895
4,0.0,0.0,-0.20388349514563106,0.07766990291262135,-0.39805825242718446,0.0,-0.5048543689320388,-0.0970873786407767,-0.5922330097087378,-0.17475728155339806,-0.47572815533980584,-0.4368932038834951,-0.6504854368932039,-0.6699029126213593,-0.8446601941747572,-0.6796116504854369,-1.0,-0.6213592233009708,-0.3883495145631068,-0.5339805825242718,-0.5922330097087378,-0.8252427184466019,-0.8155339805825242,-0.7864077669902912,-0.9611650485436893,-0.6699029126213593,-0.2912621359223301,-0.5728155339805825,-0.4854368932038835,-0.8543689320388349,-0.7475728155339806,-0.8155339805825242,-0.9029126213592233,-0.7087378640776699,-0.18446601941747573,-0.5728155339805825,-0.3883495145631068,-0.7669902912621359,-0.6310679611650486,-0.7766990291262136,-0.8058252427184466,-0.6990291262135923
4,0.0,0.0,-0.2534246575342466,0.0273972602739726,-0.5068493150684932,0.00684931506849315,-0.6917808219178082,0.10273972602739725,-0.815068493150685,0.2328767123287671,-0.636986301369863,-0.4452054794520548,-0.815068493150685,-0.678082191780822,-0.9383561643835616,-0.6095890410958904,-1.0,-0.5,-0.5342465753424658,-0.5068493150684932,-0.7465753424657534,-0.7808219178082192,-0.8972602739726028,-0.678082191780822,-0.9452054794520548,-0.5273972602739726,-0.4178082191780822,-0.5342465753424658,-0.6027397260273972,-0.7808219178082192,-0.773972602739726,-0.6917808219178082,-0.8493150684931506,-0.5616438356164384,-0.2945205479452055,-0.5273972602739726,-0.4794520547945205,-0.6712328767123288,-0.636986301369863,-0.6301369863013698,-0.7397260273972602,-0.5616438356164384
4,0.0,0.0,-0.2482758620689655,0.027586206896551724,-0.5103448275862069,0.013793103448275862,-0.6896551724137931,0.11724137931034483,-0.8137931034482758,0.2620689655172414,-0.6206896551724138,-0.45517241379310347,-0.8068965517241379,-0.6827586206896552,-0.9379310344827586,-0.6137931034482759,-1.0,-0.496551724137931,-0.5241379310344828,-0.5103448275862069,-0.7448275862068966,-0.7793103448275862,-0.896551724137931,-0.6689655172413793,-0.9586206896551724,-0.5241379310344828,-0.4068965517241379,-0.5379310344827586,-0.6068965517241379,-0.7793103448275862,-0.7793103448275862,-0.6827586206896552,-0.8620689655172413,-0.5517241379310345,-0.2827586206896552,-0.5241379310344828,-0.47586206896551725,-0.6689655172413793,-0.6344827586206897,-0.6275862068965518,-0.7448275862068966,-0.5517241379310345
4,0.0,0.0,-0.2018348623853211,0.08256880733944955,-0.45871559633027525,0.045871559633027525,-0.6146788990825688,0.11009174311926606,-0.7522935779816514,0.22018348623853212,-0.5871559633027523,-0.47706422018348627,-0.7247706422018348,-0.7155963302752294,-0.8899082568807339,-0.7247706422018348,-1.0,-0.6513761467889908,-0.48623853211009177,-0.5688073394495413,-0.6788990825688074,-0.8623853211009175,-0.8532110091743119,-0.8256880733944955,-0.9541284403669725,-0.7064220183486238,-0.3669724770642202,-0.6238532110091743,-0.5688073394495413,-0.9357798165137615,-0.7706422018348624,-0.8899082568807339,-0.8990825688073395,-0.7614678899082569,-0.23853211009174313,-0.6330275229357798,-0.44036697247706424,-0.8256880733944955,-0.6513761467889908,-0.8165137614678899,-0.8073394495412844,-0.7247706422018348
4,0.0,0.0,-0.24305555555555555,0.027777777777777776,-0.5069444444444444,0.013888888888888888,-0.6944444444444444,0.1111111111111111,-0.8194444444444444,0.2569444444444444,-0.6388888888888888,-0.4583333333333333,-0.8125,-0.6805555555555556,-0.9305555555555556,-0.6180555555555556,-1.0,-0.5069444444444444,-0.5416666666666666,-0.5208333333333334,-0.7361111111111112,-0.7847222222222222,-0.8888888888888888,-0.6805555555555556,-0.9513888888888888,-0.5347222222222222,-0.4166666666666667,-0.5416666666666666,-0.5972222222222222,-0.7847222222222222,-0.7569444444444444,-0.6875,-0.8402777777777778,-0.5555555555555556,-0.2847222222222222,-0.5347222222222222,-0.4583333333333333,-0.6736111111111112,-0.6111111111111112,-0.6319444444444444,-0.7222222222222222,-0.5555555555555556
4,0.0,0.0,-0.2585034013605442,0.027210884353741496,-0.5102040816326531,0.006802721088435374,-0.6938775510204082,0.11564625850340136,-0.8163265306122449,0.2585034013605442,-0.6326530612244898,-0.43537414965986393,-0.8231292517006803,-0.6666666666666666,-0.9387755102040817,-0.5918367346938775,-1.0,-0.46938775510204084,-0.5374149659863946,-0.5034013605442177,-0.7482993197278912,-0.7482993197278912,-0.891156462585034,-0.6462585034013606,-0.9455782312925171,-0.5034013605442177,-0.40816326530612246,-0.5238095238095238,-0.5986394557823129,-0.7551020408163265,-0.7619047619047619,-0.6666666666666666,-0.8435374149659864,-0.5374149659863946,-0.272108843537415,-0.5170068027210885,-0.4557823129251701,-0.6462585034013606,-0.6122448979591837,-0.6190476190476191,-0.7346938775510204,-0.5510204081632653
4,0.0,0.0,-0.24,0.03333333333333333,-0.49333333333333335,0.013333333333333334,-0.6733333333333333,0.11333333333333333,-0.7933333333333333,0.25333333333333335,-0.6266666666666667,-0.43333333333333335,-0.8133333333333334,-0.6533333333333333,-0.9333333333333333,-0.58,-1.0,-0.46,-0.5333333333333333,-0.49333333333333335,-0.7466666666666667,-0.7333333333333333,-0.8933333333333333,-0.6266666666666667,-0.9466666666666667,-0.48,-0.41333333333333333,-0.5133333333333333,-0.6066666666666667,-0.7333333333333333,-0.7733333333333333,-0.64,-0.8533333333333334,-0.5066666666666667,-0.28,-0.5,-0.4666666666666667,-0.6333333333333333,-0.6266666666666667,-0.5866666666666667,-0.74,-0.5133333333333333
4,0.0,0.0,-0.23809523809523808,0.04081632653061224,-0.4897959183673469,0.04081632653061224,-0.6666666666666666,0.14965986394557823,-0.7891156462585034,0.2857142857142857,-0.6598639455782312,-0.3945578231292517,-0.8367346938775511,-0.6258503401360545,-0.9455782312925171,-0.5510204081632653,-1.0,-0.43537414965986393,-0.564625850340136,-0.4489795918367347,-0.7687074829931972,-0.7142857142857143,-0.8979591836734694,-0.6054421768707483,-0.9455782312925171,-0.4557823129251701,-0.4421768707482993,-0.48299319727891155,-0.6054421768707483,-0.7414965986394558,-0.7619047619047619,-0.6530612244897959,-0.8435374149659864,-0.5170068027210885,-0.29931972789115646,-0.48299319727891155,-0.4489795918367347,-0.6394557823129252,-0.6054421768707483,-0.6054421768707483,-0.7210884353741497,-0.5374149659863946
4,0.0,0.0,-0.23972602739726026,0.0410958904109589,-0.4931506849315068,0.0410958904109589,-0.6643835616438356,0.1506849315068493,-0.7876712328767124,0.2876712328767123,-0.6506849315068494,-0.3904109589041096,-0.8287671232876712,-0.6095890410958904,-0.9452054794520548,-0.541095890410959,-1.0,-0.4246575342465753,-0.5616438356164384,-0.4520547945205479,-0.7602739726027398,-0.7054794520547946,-0.8972602739726028,-0.6027397260273972,-0.9452054794520548,-0.4520547945205479,-0.4452054794520548,-0.4863013698630137,-0.6095890410958904,-0.7397260273972602,-0.7602739726027398,-0.6506849315068494,-0.8356164383561644,-0.5205479452054794,-0.3082191780821918,-0.4931506849315068,-0.4589041095890411,-0.6438356164383562,-0.6095890410958904,-0.6164383561643836,-0.726027397260274,-0.541095890410959
4,0.0,0.0,-0.23026315789473684,0.03289473684210526,-0.4605263157894737,0.03289473684210526,-0.631578947368421,0.14473684210526316,-0.743421052631579,0.27631578947368424,-0.625,-0.375,-0.8157894736842105,-0.5986842105263158,-0.9342105263157895,-0.5460526315789473,-1.0,-0.4407894736842105,-0.5263157894736842,-0.4342105263157895,-0.7302631578947368,-0.6907894736842105,-0.8552631578947368,-0.5855263157894737,-0.9013157894736842,-0.4342105263157895,-0.40789473684210525,-0.46710526315789475,-0.5723684210526315,-0.7302631578947368,-0.7236842105263158,-0.6381578947368421,-0.7894736842105263,-0.5,-0.2631578947368421,-0.47368421052631576,-0.40789473684210525,-0.618421052631579,-0.5592105263157895,-0.5921052631578947,-0.6710526315789473,-0.5197368421052632
4,0.0,0.0,-0.22916666666666666,0.041666666666666664,-0.4722222222222222,0.05555555555555555,-0.6319444444444444,0.1736111111111111,-0.7430555555555556,0.3194444444444444,-0.6527777777777778,-0.3819444444444444,-0.8333333333333334,-0.6111111111111112,-0.9375,-0.5555555555555556,-1.0,-0.4444444444444444,-0.5555555555555556,-0.4513888888888889,-0.75,-0.7083333333333334,-0.875,-0.6041666666666666,-0.9236111111111112,-0.4444444444444444,-0.4305555555555556,-0.4861111111111111,-0.5972222222222222,-0.75,-0.7361111111111112,-0.6597222222222222,-0.8055555555555556,-0.5208333333333334,-0.2777777777777778,-0.4930555555555556,-0.4305555555555556,-0.6388888888888888,-0.5763888888888888,-0.6041666666666666,-0.6736111111111112,-0.5347222222222222
4,0.0,0.0,-0.22972972972972974,0.04054054054054054,-0.47297297297297297,0.05405405405405406,-0.6351351351351351,0.16216216216216217,-0.75,0.30405405405405406,-0.6486486486486487,-0.3783783783783784,-0.831081081081081,-0.6013513513513513,-0.9459459459459459,-0.5405405405405406,-1.0,-0.42567567567567566,-0.5608108108108109,-0.4391891891891892,-0.7567567567567568,-0.7094594594594594,-0.8918918918918919,-0.6013513513513513,-0.9391891891891891,-0.44594594594594594,-0.43243243243243246,-0.46621621621621623,-0.6148648648648649,-0.7297297297297297,-0.7635135135135135,-0.6351351351351351,-0.8243243243243243,-0.49324324324324326,-0.2905405405405405,-0.46621621621621623,-0.4594594594594595,-0.6148648648648649,-0.6081081081081081,-0.581081081081081,-0.7094594594594594,-0.5135135135135135
4,0.0,0.0,-0.22666666666666666,0.04,-0.4666666666666667,0.04666666666666667,-0.6266666666666667,0.15333333333333332,-0.74,0.3,-0.6466666666666666,-0.37333333333333335,-0.8266666666666667,-0.6,-0.94,-0.54,-1.0,-0.42,-0.5466666666666666,-0.43333333333333335,-0.7466666666666667,-0.6933333333333334,-0.88,-0.5866666666666667,-0.92,-0.4266666666666667,-0.42,-0.46,-0.5933333333333334,-0.7133333333333334,-0.74,-0.6266666666666667,-0.8,-0.4866666666666667,-0.26666666666666666,-0.46,-0.4266666666666667,-0.6,-0.5733333333333334,-0.58,-0.68,-0.52
4,0.0,0.0,-0.22818791946308725,0.040268456375838924,-0.46308724832214765,0.04697986577181208,-0.6241610738255033,0.1610738255033557,-0.7181208053691275,0.31543624161073824,-0.6442953020134228,-0.3691275167785235,-0.825503355704698,-0.5973154362416108,-0.9328859060402684,-0.5436241610738255,-1.0,-0.436241610738255,-0.5436241610738255,-0.42953020134228187,-0.7449664429530202,-0.6912751677852349,-0.8657718120805369,-0.5906040268456376,-0.912751677852349,-0.436241610738255,-0.4161073825503356,-0.4563758389261745,-0.5906040268456376,-0.7181208053691275,-0.7248322147651006,-0.6241610738255033,-0.7785234899328859,-0.4899328859060403,-0.26174496644295303,-0.46308724832214765,-0.4228187919463087,-0.6040268456375839,-0.5570469798657718,-0.5838926174496645,-0.6577181208053692,-0.5234899328859061
4,0.0,0.0,-0.2222222222222222,0.041666666666666664,-0.4583333333333333,0.0625,-0.6111111111111112,0.16666666666666666,-0.7222222222222222,0.3194444444444444,-0.6875,-0.3680555555555556,-0.8819444444444444,-0.6041666666666666,-0.9722222222222222,-0.5277777777777778,-1.0,-0.3958333333333333,-0.5763888888888888,-0.4375,-0.7777777777777778,-0.7222222222222222,-0.875,-0.6180555555555556,-0.8888888888888888,-0.4652777777777778,-0.4444444444444444,-0.4722222222222222,-0.6111111111111112,-0.75,-0.7222222222222222,-0.6736111111111112,-0.7638888888888888,-0.5416666666666666,-0.2777777777777778,-0.4861111111111111,-0.4305555555555556,-0.6527777777777778,-0.5625,-0.6319444444444444,-0.6597222222222222,-0.5694444444444444
4,0.0,0.0,-0.203125,0.0078125,-0.40625,0.0,-0.515625,0.1015625,-0.578125,0.2734375,-0.7734375,-0.4296875,-0.9453125,-0.7421875,-1.0,-0.6953125,-0.9765625,-0.5546875,-0.625,-0.5390625,-0.828125,-0.875,-0.890625,-0.8125,-0.8515625,-0.6484375,-0.453125,-0.6015625,-0.625,-0.90625,-0.6875,-0.875,-0.6796875,-0.7421875,-0.2265625,-0.6171875,-0.34375,-0.84375,-0.421875,-0.859375,-0.46875,-0.7890625
4,0.0,0.0,-0.1864406779661017,0.025423728813559324,-0.3983050847457627,0.025423728813559324,-0.4830508474576271,0.1271186440677966,-0.5169491525423728,0.3135593220338983,-0.7627118644067796,-0.4491525423728814,-0.9491525423728814,-0.788135593220339,-0.9830508474576272,-0.7627118644067796,-0.9322033898305084,-0.5932203389830508,-0.6016949152542372,-0.576271186440678,-0.7966101694915254,-0.9745762711864406,-0.8305084745762712,-0.9491525423728814,-0.7542372881355932,-0.7627118644067796,-0.4067796610169492,-0.6440677966101694,-0.576271186440678,-1.0,-0.6016949152542372,-0.9830508474576272,-0.5423728813559322,-0.8220338983050848,-0.1864406779661017,-0.6610169491525424,-0.3050847457627119,-0.9152542372881356,-0.3474576271186441,-0.940677966101695,-0.3305084745762712,-0.8389830508474576
4,0.0,0.0,-0.16806722689075632,0.05042016806722689,-0.35294117647058826,0.058823529411764705,-0.42857142857142855,0.13445378151260504,-0.48739495798319327,0.29411764705882354,-0.7478991596638656,-0.42857142857142855,-0.9243697478991597,-0.7226890756302521,-0.957983193277311,-0.6974789915966386,-0.8991596638655462,-0.5546218487394958,-0.5966386554621849,-0.5798319327731093,-0.7983193277310925,-0.9411764705882353,-0.8235294117647058,-0.8991596638655462,-0.7394957983193278,-0.7142857142857143,-0.4117647058823529,-0.6554621848739496,-0.5882352941176471,-1.0,-0.6134453781512605,-0.9831932773109243,-0.5462184873949579,-0.8235294117647058,-0.19327731092436976,-0.6722689075630253,-0.31092436974789917,-0.907563025210084,-0.36134453781512604,-0.9243697478991597,-0.3445378151260504,-0.8319327731092437
4,0.0,0.0,-0.17073170731707318,0.04065040650406504,-0.3252032520325203,0.04878048780487805,-0.35772357723577236,0.0975609756097561,-0.3821138211382114,0.22764227642276422,-0.7154471544715447,-0.4796747967479675,-0.8780487804878049,-0.7804878048780488,-0.9105691056910569,-0.7642276422764228,-0.8536585365853658,-0.6178861788617886,-0.5528455284552846,-0.6016260162601627,-0.7235772357723578,-0.959349593495935,-0.7398373983739838,-0.9349593495934959,-0.6829268292682927,-0.7723577235772358,-0.36585365853658536,-0.6585365853658537,-0.5040650406504065,-1.0,-0.5284552845528455,-0.983739837398374,-0.4715447154471545,-0.8211382113821138,-0.14634146341463414,-0.6666666666666666,-0.2601626016260163,-0.9105691056910569,-0.3008130081300813,-0.9349593495934959,-0.2926829268292683,-0.8455284552845529
4,0.0,0.0,-0.1640625,0.046875,-0.3046875,0.0390625,-0.3203125,0.0546875,-0.34375,0.171875,-0.6875,-0.4609375,-0.875,-0.71875,-0.890625,-0.734375,-0.828125,-0.640625,-0.546875,-0.6015625,-0.75,-0.9140625,-0.7421875,-0.9375,-0.6484375,-0.8125,-0.3828125,-0.671875,-0.5390625,-0.984375,-0.5390625,-1.0,-0.46875,-0.8828125,-0.1875,-0.6875,-0.2890625,-0.9140625,-0.328125,-0.96875,-0.3203125,-0.921875
4,0.0,0.0,-0.16279069767441862,0.05426356589147287,-0.29457364341085274,0.06976744186046512,-0.31007751937984496,0.05426356589147287,-0.3023255813953488,0.07751937984496124,-0.7054263565891473,-0.46511627906976744,-0.8837209302325582,-0.7131782945736435,-0.8914728682170543,-0.7209302325581395,-0.7984496124031008,-0.627906976744186,-0.5658914728682171,-0.6046511627906976,-0.7751937984496124,-0.8992248062015504,-0.7674418604651163,-0.8914728682170543,-0.6666666666666666,-0.7674418604651163,-0.3953488372093023,-0.6744186046511628,-0.5658914728682171,-0.9922480620155039,-0.5736434108527132,-1.0,-0.5116279069767442,-0.875968992248062,-0.18604651162790697,-0.6976744186046512,-0.27906976744186046,-0.9147286821705426,-0.3178294573643411,-0.9534883720930233,-0.32558139534883723,-0.9147286821705426
4,0.0,0.0,-0.11363636363636363,0.015151515151515152,-0.20454545454545456,0.0,-0.18181818181818182,-0.007575757575757576,-0.1590909090909091,0.03787878787878788,-0.6212121212121212,-0.4772727272727273,-0.803030303030303,-0.7348484848484849,-0.7954545454545454,-0.7575757575757576,-0.696969696969697,-0.6666666666666666,-0.48484848484848486,-0.6136363636363636,-0.6590909090909091,-0.9090909090909091,-0.6363636363636364,-0.946969696969697,-0.5303030303030303,-0.8409090909090909,-0.32575757575757575,-0.6818181818181818,-0.4696969696969697,-0.9772727272727273,-0.44696969696969696,-1.0,-0.3560606060606061,-0.8939393939393939,-0.15151515151515152,-0.696969696969697,-0.23484848484848486,-0.9166666666666666,-0.24242424242424243,-0.9772727272727273,-0.20454545454545456,-0.9393939393939394
4,0.0,0.0,-0.11428571428571428,0.007142857142857143,-0.2,-0.02142857142857143,-0.12142857142857143,-0.05714285714285714,-0.04285714285714286,-0.08571428571428572,-0.5571428571428572,-0.4642857142857143,-0.7357142857142858,-0.7,-0.7214285714285714,-0.7785714285714286,-0.6071428571428571,-0.7428571428571429,-0.44285714285714284,-0.5928571428571429,-0.6071428571428571,-0.8642857142857143,-0.5571428571428572,-0.9571428571428572,-0.42857142857142855,-0.9142857142857143,-0.30714285714285716,-0.6642857142857143,-0.44285714285714284,-0.9214285714285714,-0.4,-1.0,-0.3,-0.9642857142857143,-0.16428571428571428,-0.6857142857142857,-0.2357142857142857,-0.8857142857142857,-0.22142857142857142,-0.9714285714285714,-0.17142857142857143,-0.9857142857142858
4,0.0,0.0,-0.10071942446043165,0.02877697841726619,-0.17266187050359713,-0.02877697841726619,-0.02877697841726619,-0.14388489208633093,0.17266187050359713,-0.2302158273381295,-0.4676258992805755,-0.4676258992805755,-0.60431654676259,-0.7194244604316546,-0.5251798561151079,-0.8129496402877698,-0.39568345323741005,-0.8057553956834532,-0.3669064748201439,-0.5971223021582733,-0.5035971223021583,-0.8633093525179856,-0.4316546762589928,-0.9640287769784173,-0.28776978417266186,-0.9280575539568345,-0.2446043165467626,-0.6618705035971223,-0.381294964028777,-0.9064748201438849,-0.31654676258992803,-1.0,-0.2014388489208633,-0.9856115107913669,-0.11510791366906475,-0.6762589928057554,-0.18705035971223022,-0.8633093525179856,-0.15827338129496402,-0.935251798561151,-0.08633093525179857,-0.9424460431654677
4,0.0,0.0,0.0,0.007751937984496124,0.015503875968992248,-0.05426356589147287,0.16279069767441862,-0.13953488372093023,0.34108527131782945,-0.20155038759689922,-0.32558139534883723,-0.5038759689922481,-0.4186046511627907,-0.7829457364341085,-0.31007751937984496,-0.875968992248062,-0.17054263565891473,-0.8837209302325582,-0.24806201550387597,-0.6124031007751938,-0.3488372093023256,-0.8992248062015504,-0.21705426356589147,-0.9922480620155039,-0.07751937984496124,-0.9689922480620154,-0.13953488372093023,-0.6589147286821705,-0.23255813953488372,-0.9147286821705426,-0.13178294573643412,-1.0,-0.015503875968992248,-1.0,-0.023255813953488372,-0.6589147286821705,-0.07751937984496124,-0.8527131782945736,-0.023255813953488372,-0.9302325581395349,0.05426356589147287,-0.9302325581395349
4,0.0,0.0,0.18461538461538463,-0.038461538461538464,0.3769230769230769,-0.13846153846153847,0.5769230769230769,-0.2,0.7153846153846154,-0.2230769230769231,0.06153846153846154,-0.6230769230769231,0.06153846153846154,-0.8384615384615385,0.17692307692307693,-0.9384615384615385,0.3,-0.9769230769230769,-0.015384615384615385,-0.6615384615384615,-0.007692307692307693,-0.9,0.14615384615384616,-1.0,0.2923076923076923,-0.9923076923076923,-0.08461538461538462,-0.6846153846153846,-0.06153846153846154,-0.9,0.09230769230769231,-0.9769230769230769,0.23846153846153847,-0.9692307692307692,-0.14615384615384616,-0.6615384615384615,-0.07692307692307693,-0.8384615384615385,0.038461538461538464,-0.9,0.15384615384615385,-0.8923076923076924
4,0.0,0.0,0.21311475409836064,-0.00819672131147541,0.4180327868852459,-0.09836065573770492,0.6721311475409836,-0.16393442622950818,0.860655737704918,-0.22131147540983606,-0.01639344262295082,-0.5983606557377049,0.0,-0.8114754098360656,0.1557377049180328,-0.9262295081967213,0.30327868852459017,-0.9508196721311475,-0.07377049180327869,-0.6721311475409836,0.01639344262295082,-0.9098360655737705,0.21311475409836064,-1.0,0.38524590163934425,-0.9754098360655737,-0.08196721311475409,-0.7049180327868853,0.040983606557377046,-0.9180327868852459,0.22131147540983606,-0.9836065573770492,0.3770491803278688,-0.9590163934426229,-0.06557377049180328,-0.6967213114754098,0.05737704918032787,-0.8770491803278688,0.19672131147540983,-0.9344262295081968,0.319672131147541,-0.9262295081967213
4,0.0,0.0,0.1864406779661017,-0.09322033898305085,0.3305084745762712,-0.2457627118644068,0.4406779661016949,-0.3898305084745763,0.5,-0.5338983050847458,0.025423728813559324,-0.7796610169491526,0.15254237288135594,-0.9661016949152542,0.3050847457627119,-0.9745762711864406,0.4067796610169492,-0.9152542372881356,-0.025423728813559324,-0.8389830508474576,0.1864406779661017,-1.0,0.3559322033898305,-0.9576271186440678,0.4491525423728814,-0.864406779661017,-0.03389830508474576,-0.864406779661017,0.1864406779661017,-0.9915254237288136,0.3474576271186441,-0.940677966101695,0.4322033898305085,-0.8389830508474576,-0.01694915254237288,-0.8559322033898306,0.1864406779661017,-0.9576271186440678,0.3220338983050847,-0.940677966101695,0.4067796610169492,-0.8728813559322034
4,0.0,0.0,0.21100917431192662,-0.14678899082568808,0.3302752293577982,-0.3577981651376147,0.3944954128440367,-0.5412844036697247,0.42201834862385323,-0.6972477064220184,0.03669724770642202,-0.7522935779816514,0.27522935779816515,-0.9357798165137615,0.44954128440366975,-0.926605504587156,0.5412844036697247,-0.8623853211009175,-0.009174311926605505,-0.7981651376146789,0.25688073394495414,-1.0,0.42201834862385323,-0.981651376146789,0.5137614678899083,-0.908256880733945,-0.01834862385321101,-0.8073394495412844,0.23853211009174313,-0.9908256880733946,0.4036697247706422,-0.9724770642201835,0.4954128440366973,-0.8899082568807339,0.0,-0.7889908256880734,0.21100917431192662,-0.944954128440367,0.3577981651376147,-0.9541284403669725,0.45871559633027525,-0.908256880733945
4,0.0,0.0,0.18493150684931506,-0.02054794520547945,0.4383561643835616,-0.1506849315068493,0.684931506849315,-0.23972602739726026,0.8904109589041096,-0.2671232876712329,0.1780821917808219,-0.5068493150684932,0.2191780821917808,-0.8972602739726028,0.3972602739726027,-0.9726027397260274,0.5205479452054794,-0.9383561643835616,0.13013698630136986,-0.5684931506849316,0.2054794520547945,-0.9383561643835616,0.3835616438356164,-1.0,0.4863013698630137,-0.9452054794520548,0.11643835616438356,-0.6027397260273972,0.1917808219178082,-0.910958904109589,0.3356164383561644,-0.9726027397260274,0.4315068493150685,-0.9452054794520548,0.136986301369863,-0.6232876712328768,0.2191780821917808,-0.8561643835616438,0.3219178082191781,-0.9178082191780822,0.4041095890410959,-0.9178082191780822
4,0.0,0.0,0.1885245901639344,-0.02459016393442623,0.3770491803278688,-0.11475409836065574,0.6311475409836066,-0.16393442622950818,0.819672131147541,-0.19672131147540983,0.05737704918032787,-0.6229508196721312,0.06557377049180328,-0.8524590163934426,0.22950819672131148,-0.9262295081967213,0.3770491803278688,-0.9098360655737705,-0.00819672131147541,-0.7049180327868853,0.040983606557377046,-0.9426229508196722,0.22131147540983606,-0.9836065573770492,0.3770491803278688,-0.9426229508196722,-0.03278688524590164,-0.7622950819672131,0.040983606557377046,-0.9672131147540983,0.22131147540983606,-1.0,0.36885245901639346,-0.9508196721311475,-0.02459016393442623,-0.7868852459016393,0.07377049180327869,-0.9426229508196722,0.21311475409836064,-0.9754098360655737,0.3360655737704918,-0.9426229508196722
4,0.0,0.0,0.09803921568627451,-0.058823529411764705,0.2679738562091503,-0.20915032679738563,0.5098039215686274,-0.2549019607843137,0.6993464052287581,-0.26143790849673204,0.08496732026143791,-0.5882352941176471,0.12418300653594772,-0.9150326797385621,0.3006535947712418,-1.0,0.4444444444444444,-0.954248366013072,0.1111111111111111,-0.5882352941176471,0.20261437908496732,-0.8888888888888888,0.35947712418300654,-0.9411764705882353,0.46405228758169936,-0.869281045751634,0.1568627450980392,-0.5816993464052288,0.22875816993464052,-0.8104575163398693,0.33986928104575165,-0.8496732026143791,0.41830065359477125,-0.803921568627451,0.21568627450980393,-0.5686274509803921,0.28104575163398693,-0.738562091503268,0.35294117647058826,-0.7777777777777778,0.39869281045751637,-0.7516339869281046
4,0.0,0.0,0.08163265306122448,-0.04081632653061224,0.272108843537415,-0.17687074829931973,0.5170068027210885,-0.20408163265306123,0.6938775510204082,-0.19727891156462585,0.06802721088435375,-0.5782312925170068,0.10884353741496598,-0.9183673469387755,0.29931972789115646,-1.0,0.42857142857142855,-0.9251700680272109,0.1360544217687075,-0.5782312925170068,0.272108843537415,-0.8299319727891157,0.42857142857142855,-0.8435374149659864,0.5034013605442177,-0.7414965986394558,0.2108843537414966,-0.5510204081632653,0.35374149659863946,-0.6938775510204082,0.4557823129251701,-0.6598639455782312,0.4965986394557823,-0.5714285714285714,0.29931972789115646,-0.5102040816326531,0.4217687074829932,-0.5918367346938775,0.4965986394557823,-0.5510204081632653,0.5238095238095238,-0.46258503401360546
4,0.0,0.0,0.02142857142857143,-0.06428571428571428,0.15714285714285714,-0.17857142857142858,0.4,-0.17142857142857143,0.6,-0.15714285714285714,0.05714285714285714,-0.65,0.12142857142857143,-0.95,0.3142857142857143,-1.0,0.42857142857142855,-0.9,0.17857142857142858,-0.6357142857142857,0.35,-0.8571428571428571,0.4857142857142857,-0.7785714285714286,0.5071428571428571,-0.6357142857142857,0.2785714285714286,-0.5857142857142857,0.45714285714285713,-0.6714285714285714,0.5357142857142857,-0.5642857142857143,0.5428571428571428,-0.4357142857142857,0.37857142857142856,-0.5,0.5071428571428571,-0.5214285714285715,0.5642857142857143,-0.44285714285714284,0.55,-0.3357142857142857
4,0.0,0.0,-0.005813953488372093,0.0755813953488372,0.011627906976744186,0.05232558139534884,0.1744186046511628,0.08139534883720931,0.3546511627906977,0.13953488372093023,-0.19767441860465115,-0.5290697674418605,-0.18023255813953487,-0.8372093023255814,-0.023255813953488372,-0.9127906976744186,0.13372093023255813,-0.8837209302325582,-0.09883720930232558,-0.6162790697674418,-0.11046511627906977,-0.9302325581395349,0.06395348837209303,-1.0,0.22674418604651161,-0.9302325581395349,0.005813953488372093,-0.6511627906976745,-0.011627906976744186,-0.9302325581395349,0.13953488372093023,-0.9883720930232558,0.28488372093023256,-0.9244186046511628,0.10465116279069768,-0.6453488372093024,0.11046511627906977,-0.8488372093023255,0.20930232558139536,-0.8953488372093024,0.3081395348837209,-0.8488372093023255
4,0.0,0.0,-0.011428571428571429,0.06857142857142857,0.017142857142857144,0.03428571428571429,0.2057142857142857,0.05714285714285714,0.41714285714285715,0.12571428571428572,-0.16,-0.5314285714285715,-0.14857142857142858,-0.8228571428571428,-0.02857142857142857,-0.9314285714285714,0.10285714285714286,-0.9371428571428572,-0.045714285714285714,-0.6171428571428571,-0.05142857142857143,-0.9142857142857143,0.09714285714285714,-1.0,0.25142857142857145,-0.9485714285714286,0.06285714285714286,-0.64,0.05714285714285714,-0.9085714285714286,0.19428571428571428,-0.9771428571428571,0.3314285714285714,-0.9371428571428572,0.1657142857142857,-0.6228571428571429,0.18857142857142858,-0.8342857142857143,0.2742857142857143,-0.9028571428571428,0.37142857142857144,-0.8914285714285715
4,0.0,0.0,-0.005747126436781609,0.07471264367816093,0.034482758620689655,0.040229885057471264,0.22988505747126436,0.06896551724137931,0.4540229885057471,0.13218390804597702,-0.10919540229885058,-0.5344827586206896,-0.09770114942528736,-0.8333333333333334,0.040229885057471264,-0.9310344827586207,0.1896551724137931,-0.9252873563218391,0.0,-0.6149425287356322,-0.011494252873563218,-0.9137931034482759,0.14367816091954022,-1.0,0.2988505747126437,-0.9482758620689655,0.10919540229885058,-0.632183908045977,0.10344827586206896,-0.9022988505747126,0.23563218390804597,-0.9712643678160919,0.3793103448275862,-0.9310344827586207,0.20689655172413793,-0.6091954022988506,0.25287356321839083,-0.8103448275862069,0.3448275862068966,-0.8735632183908046,0.4482758620689655,-0.8563218390804598
4,0.0,0.0,0.011049723756906077,0.0718232044198895,0.027624309392265192,0.04419889502762431,0.13812154696132597,0.011049723756906077,0.292817679558011,-0.027624309392265192,-0.19889502762430938,-0.5303867403314917,-0.19337016574585636,-0.8176795580110497,-0.06077348066298342,-0.9171270718232044,0.07734806629834254,-0.9392265193370166,-0.10497237569060773,-0.6077348066298343,-0.11602209944751381,-0.9005524861878453,0.027624309392265192,-1.0,0.1878453038674033,-0.988950276243094,0.0,-0.6298342541436464,-0.0055248618784530384,-0.8895027624309392,0.13259668508287292,-0.9613259668508287,0.287292817679558,-0.9447513812154696,0.09944751381215469,-0.6243093922651933,0.13259668508287292,-0.8011049723756906,0.23204419889502761,-0.8674033149171271,0.34806629834254144,-0.8784530386740331
4,0.0,0.0,-0.010869565217391304,0.03804347826086957,0.021739130434782608,-0.021739130434782608,0.22826086956521738,-0.021739130434782608,0.43478260869565216,0.005434782608695652,-0.08695652173913043,-0.5543478260869565,-0.059782608695652176,-0.8532608695652174,0.07065217391304347,-0.9402173913043478,0.20108695652173914,-0.9293478260869565,-0.005434782608695652,-0.625,0.0,-0.9293478260869565,0.15217391304347827,-1.0,0.28804347826086957,-0.9510869565217391,0.07608695652173914,-0.6467391304347826,0.07608695652173914,-0.9130434782608695,0.20652173913043478,-0.9728260869565217,0.33152173913043476,-0.9347826086956522,0.14673913043478262,-0.625,0.16304347826086957,-0.8260869565217391,0.23369565217391305,-0.8858695652173914,0.32065217391304346,-0.875
4,0.0,0.0,0.028901734104046242,0.04046242774566474,0.11560693641618497,-0.005780346820809248,0.3352601156069364,0.04046242774566474,0.5491329479768786,0.10982658959537572,0.017341040462427744,-0.5491329479768786,0.07514450867052024,-0.861271676300578,0.2254335260115607,-0.9653179190751445,0.36416184971098264,-0.9710982658959537,0.09248554913294797,-0.6069364161849711,0.13872832369942195,-0.9075144508670521,0.3063583815028902,-1.0,0.45664739884393063,-0.9595375722543352,0.17341040462427745,-0.6184971098265896,0.21965317919075145,-0.8728323699421965,0.36416184971098264,-0.9479768786127167,0.5028901734104047,-0.9248554913294798,0.24277456647398843,-0.5953757225433526,0.3063583815028902,-0.7687861271676301,0.3988439306358382,-0.838150289017341,0.49710982658959535,-0.8323699421965318
4,0.0,0.0,0.08928571428571429,0.03571428571428571,0.24404761904761904,0.011904761904761904,0.48214285714285715,0.05952380952380952,0.6607142857142857,0.11904761904761904,0.05952380952380952,-0.5357142857142857,0.09523809523809523,-0.8154761904761905,0.25595238095238093,-0.9404761904761905,0.4107142857142857,-0.9761904761904762,0.09523809523809523,-0.5952380952380952,0.14285714285714285,-0.8928571428571429,0.32142857142857145,-1.0,0.48214285714285715,-0.9702380952380952,0.14285714285714285,-0.6190476190476191,0.19642857142857142,-0.8928571428571429,0.3630952380952381,-0.9642857142857143,0.5178571428571429,-0.9464285714285714,0.18452380952380953,-0.6130952380952381,0.25595238095238093,-0.8035714285714286,0.36904761904761907,-0.8630952380952381,0.48214285714285715,-0.8571428571428571
4,0.0,0.0,0.18292682926829268,0.0975609756097561,0.4024390243902439,0.09146341463414634,0.6402439024390244,0.15853658536585366,0.8292682926829268,0.23170731707317074,0.17682926829268292,-0.4695121951219512,0.2682926829268293,-0.7987804878048781,0.47560975609756095,-0.9329268292682927,0.6463414634146342,-0.9573170731707317,0.18292682926829268,-0.573170731707317,0.3231707317073171,-0.9085365853658537,0.5609756097560976,-1.0,0.7439024390243902,-0.9329268292682927,0.22560975609756098,-0.6219512195121951,0.3719512195121951,-0.9024390243902439,0.5914634146341463,-0.9634146341463414,0.7682926829268293,-0.9207317073170732,0.2804878048780488,-0.6341463414634146,0.4146341463414634,-0.8292682926829268,0.573170731707317,-0.8963414634146342,0.7073170731707317,-0.8780487804878049
4,0.0,0.0,0.06097560975609756,0.04878048780487805,0.27439024390243905,0.0,0.5609756097560976,0.06097560975609756,0.75,0.1524390243902439,0.18292682926829268,-0.5,0.3475609756097561,-0.8292682926829268,0.5487804878048781,-0.926829268292683,0.7073170731707317,-0.9085365853658537,0.22560975609756098,-0.6097560975609756,0.4329268292682927,-0.9634146341463414,0.6646341463414634,-1.0,0.8109756097560976,-0.8902439024390244,0.2865853658536585,-0.6524390243902439,0.47560975609756095,-0.9573170731707317,0.676829268292683,-0.9634146341463414,0.8048780487804879,-0.8597560975609756,0.34146341463414637,-0.6463414634146342,0.49390243902439024,-0.8414634146341463,0.6280487804878049,-0.8658536585365854,0.7195121951219512,-0.8048780487804879
4,0.0,0.0,0.13664596273291926,0.062111801242236024,0.391304347826087,0.018633540372670808,0.6645962732919255,0.10559006211180125,0.8322981366459627,0.2360248447204969,0.22981366459627328,-0.4782608695652174,0.42857142857142855,-0.8260869565217391,0.6583850931677019,-0.9254658385093167,0.8385093167701864,-0.8881987577639752,0.2360248447204969,-0.6024844720496895,0.4782608695652174,-0.968944099378882,0.7453416149068323,-1.0,0.906832298136646,-0.8633540372670807,0.2857142857142857,-0.6521739130434783,0.5031055900621118,-0.9751552795031055,0.7267080745341615,-0.9875776397515528,0.8757763975155279,-0.8819875776397516,0.32919254658385094,-0.6521739130434783,0.5093167701863354,-0.8757763975155279,0.6832298136645962,-0.906832298136646,0.8074534161490683,-0.8509316770186336
4,0.0,0.0,0.14838709677419354,0.07741935483870968,0.3935483870967742,0.04516129032258064,0.6516129032258065,0.15483870967741936,0.8,0.2903225806451613,0.23870967741935484,-0.5032258064516129,0.4645161290322581,-0.8580645161290322,0.7032258064516129,-0.9290322580645162,0.8580645161290322,-0.8516129032258064,0.23225806451612904,-0.6193548387096774,0.5032258064516129,-0.9935483870967742,0.7677419354838709,-1.0,0.9032258064516129,-0.832258064516129,0.2645161290322581,-0.6645161290322581,0.5032258064516129,-1.0,0.7354838709677419,-0.9806451612903225,0.8580645161290322,-0.8451612903225807,0.3096774193548387,-0.6709677419354839,0.5032258064516129,-0.896774193548387,0.6774193548387096,-0.9096774193548387,0.7806451612903226,-0.8258064516129032
4,0.0,0.0,0.1375,0.06875,0.38125,0.03125,0.6375,0.125,0.775,0.26875,0.23125,-0.50625,0.4375,-0.84375,0.66875,-0.91875,0.83125,-0.8625,0.21875,-0.625,0.475,-0.9875,0.7375,-1.0,0.875,-0.8375,0.24375,-0.66875,0.48125,-0.98125,0.70625,-0.96875,0.83125,-0.84375,0.2875,-0.675,0.48125,-0.8875,0.65,-0.90625,0.7625,-0.84375
4,0.0,0.0,0.08024691358024691,0.05555555555555555,0.30864197530864196,-0.006172839506172839,0.5925925925925926,0.07407407407407407,0.7716049382716049,0.19753086419753085,0.19135802469135801,-0.4876543209876543,0.3888888888888889,-0.845679012345679,0.6234567901234568,-0.9444444444444444,0.7839506172839507,-0.9074074074074074,0.21604938271604937,-0.6049382716049383,0.4567901234567901,-0.9814814814814815,0.7222222222222222,-1.0,0.8703703703703703,-0.8580246913580247,0.2839506172839506,-0.6481481481481481,0.5,-0.9691358024691358,0.7222222222222222,-0.9629629629629629,0.845679012345679,-0.845679012345679,0.3395061728395062,-0.654320987654321,0.5246913580246914,-0.8641975308641975,0.6728395061728395,-0.8765432098765432,0.7654320987654321,-0.808641975308642
4,0.0,0.0,0.1858974358974359,0.07051282051282051,0.44871794871794873,0.03205128205128205,0.7051282051282052,0.14102564102564102,0.8397435897435898,0.3141025641025641,0.24358974358974358,-0.47435897435897434,0.4358974358974359,-0.8205128205128205,0.6794871794871795,-0.9358974358974359,0.8589743589743589,-0.9166666666666666,0.23076923076923078,-0.6025641025641025,0.5,-0.9743589743589743,0.782051282051282,-1.0,0.9423076923076923,-0.8589743589743589,0.2692307692307692,-0.6666666666666666,0.5128205128205128,-0.9807692307692307,0.7564102564102564,-0.9871794871794872,0.9038461538461539,-0.8782051282051282,0.3076923076923077,-0.6794871794871795,0.5064102564102564,-0.8910256410256411,0.6858974358974359,-0.9166666666666666,0.8076923076923077,-0.8589743589743589
4,0.0,0.0,0.16666666666666666,0.07692307692307693,0.4166666666666667,0.04487179487179487,0.6794871794871795,0.15384615384615385,0.8269230769230769,0.30128205128205127,0.23076923076923078,-0.48717948717948717,0.4423076923076923,-0.8525641025641025,0.6987179487179487,-0.9423076923076923,0.8717948717948718,-0.8910256410256411,0.21794871794871795,-0.6025641025641025,0.4935897435897436,-0.9807692307692307,0.7756410256410257,-1.0,0.9230769230769231,-0.8525641025641025,0.2564102564102564,-0.6538461538461539,0.5128205128205128,-0.9615384615384616,0.75,-0.9551282051282052,0.8846153846153846,-0.8397435897435898,0.30128205128205127,-0.6602564102564102,0.5128205128205128,-0.8589743589743589,0.6987179487179487,-0.8717948717948718,0.8141025641025641,-0.8076923076923077
4,0.0,0.0,0.1568627450980392,0.08496732026143791,0.4117647058823529,0.05228758169934641,0.6797385620915033,0.16339869281045752,0.8366013071895425,0.30718954248366015,0.2549019607843137,-0.49673202614379086,0.477124183006536,-0.8431372549019608,0.7254901960784313,-0.9215686274509803,0.9084967320261438,-0.8823529411764706,0.23529411764705882,-0.6209150326797386,0.5163398692810458,-0.9934640522875817,0.7973856209150327,-1.0,0.954248366013072,-0.8496732026143791,0.2679738562091503,-0.673202614379085,0.5294117647058824,-0.9869281045751634,0.7712418300653595,-0.9738562091503268,0.9150326797385621,-0.8562091503267973,0.30718954248366015,-0.673202614379085,0.5228758169934641,-0.8888888888888888,0.7058823529411765,-0.9084967320261438,0.8300653594771242,-0.8496732026143791
4,0.0,0.0,0.17647058823529413,0.08496732026143791,0.45098039215686275,0.05228758169934641,0.7189542483660131,0.1503267973856209,0.8627450980392157,0.30718954248366015,0.2549019607843137,-0.45098039215686275,0.45751633986928103,-0.7908496732026143,0.6993464052287581,-0.8954248366013072,0.8758169934640523,-0.869281045751634,0.21568627450980393,-0.5947712418300654,0.5032679738562091,-0.9803921568627451,0.7908496732026143,-1.0,0.9477124183006536,-0.8496732026143791,0.23529411764705882,-0.6601307189542484,0.5163398692810458,-0.9869281045751634,0.7647058823529411,-0.9803921568627451,0.9150326797385621,-0.8562091503267973,0.27450980392156865,-0.6797385620915033,0.5032679738562091,-0.8888888888888888,0.6993464052287581,-0.9019607843137255,0.8235294117647058,-0.8431372549019608
4,0.0,0.0,0.16666666666666666,0.07051282051282051,0.4166666666666667,0.03205128205128205,0.6602564102564102,0.14102564102564102,0.7948717948717948,0.2948717948717949,0.2564102564102564,-0.48717948717948717,0.46153846153846156,-0.8397435897435898,0.7051282051282052,-0.9230769230769231,0.8782051282051282,-0.8717948717948718,0.23076923076923078,-0.6089743589743589,0.4807692307692308,-0.9807692307692307,0.7564102564102564,-1.0,0.8974358974358975,-0.8461538461538461,0.24358974358974358,-0.6602564102564102,0.4807692307692308,-0.9871794871794872,0.717948717948718,-0.9871794871794872,0.8525641025641025,-0.8653846153846154,0.27564102564102566,-0.6666666666666666,0.47435897435897434,-0.8974358974358975,0.6538461538461539,-0.9166666666666666,0.7756410256410257,-0.8525641025641025
4,0.0,0.0,0.15384615384615385,0.07692307692307693,0.40384615384615385,0.04487179487179487,0.6666666666666666,0.14743589743589744,0.8141025641025641,0.2948717948717949,0.23717948717948717,-0.47435897435897434,0.44871794871794873,-0.8205128205128205,0.6987179487179487,-0.9102564102564102,0.8782051282051282,-0.8653846153846154,0.21153846153846154,-0.5961538461538461,0.4807692307692308,-0.9871794871794872,0.7628205128205128,-1.0,0.9102564102564102,-0.8461538461538461,0.23717948717948717,-0.6474358974358975,0.48717948717948717,-0.9807692307692307,0.7307692307692307,-0.9743589743589743,0.8653846153846154,-0.8525641025641025,0.27564102564102566,-0.6602564102564102,0.48717948717948717,-0.8846153846153846,0.6794871794871795,-0.8974358974358975,0.7948717948717948,-0.8397435897435898
4,0.0,0.0,0.1513157894736842,0.07236842105263158,0.40789473684210525,0.05263157894736842,0.6644736842105263,0.15789473684210525,0.7960526315789473,0.2894736842105263,0.1513157894736842,-0.40789473684210525,0.3026315789473684,-0.743421052631579,0.5197368421052632,-0.868421052631579,0.7039473684210527,-0.8881578947368421,0.16447368421052633,-0.5526315789473685,0.375,-0.9407894736842105,0.6447368421052632,-1.0,0.8421052631578947,-0.8947368421052632,0.21710526315789475,-0.625,0.4276315789473684,-0.9605263157894737,0.6710526315789473,-0.9736842105263158,0.8552631578947368,-0.8881578947368421,0.28289473684210525,-0.6381578947368421,0.4473684210526316,-0.8486842105263158,0.6118421052631579,-0.881578947368421,0.75,-0.8421052631578947
4,0.0,0.0,0.08333333333333333,0.08333333333333333,0.20833333333333334,0.06547619047619048,0.38095238095238093,0.13690476190476192,0.5,0.24404761904761904,0.08928571428571429,-0.5119047619047619,0.15476190476190477,-0.7857142857142857,0.32142857142857145,-0.875,0.47619047619047616,-0.8630952380952381,0.10119047619047619,-0.5892857142857143,0.11904761904761904,-0.9226190476190477,0.2916666666666667,-1.0,0.44047619047619047,-0.9226190476190477,0.13095238095238096,-0.6071428571428571,0.1488095238095238,-0.9226190476190477,0.30357142857142855,-0.9821428571428571,0.4523809523809524,-0.9166666666666666,0.15476190476190477,-0.5952380952380952,0.21428571428571427,-0.8154761904761905,0.3273809523809524,-0.8928571428571429,0.44047619047619047,-0.875
4,0.0,0.0,-0.28780487804878047,-0.004878048780487805,-0.5658536585365853,-0.03902439024390244,-0.7707317073170732,0.05365853658536585,-0.9170731707317074,0.18536585365853658,-0.6390243902439025,-0.4926829268292683,-0.8146341463414634,-0.7121951219512195,-0.9317073170731708,-0.7219512195121951,-1.0,-0.6487804878048781,-0.5365853658536586,-0.5658536585365853,-0.7073170731707317,-0.8195121951219512,-0.8195121951219512,-0.8146341463414634,-0.8829268292682927,-0.7024390243902439,-0.40487804878048783,-0.6097560975609756,-0.5658536585365853,-0.8634146341463415,-0.697560975609756,-0.8682926829268293,-0.7902439024390244,-0.7804878048780488,-0.23414634146341465,-0.6292682926829268,-0.3804878048780488,-0.8195121951219512,-0.526829268292683,-0.8634146341463415,-0.6585365853658537,-0.8390243902439024
4,0.0,0.0,-0.29,0.005,-0.57,-0.035,-0.79,0.03,-0.93,0.17,-0.645,-0.515,-0.805,-0.725,-0.92,-0.765,-1.0,-0.72,-0.54,-0.59,-0.705,-0.85,-0.825,-0.87,-0.9,-0.77,-0.4,-0.63,-0.56,-0.89,-0.69,-0.925,-0.785,-0.845,-0.23,-0.64,-0.37,-0.84,-0.505,-0.91,-0.625,-0.9
4,0.0,0.0,-0.2857142857142857,0.009523809523809525,-0.5761904761904761,-0.03333333333333333,-0.7952380952380952,0.0380952380952381,-0.9380952380952381,0.18095238095238095,-0.6523809523809524,-0.5047619047619047,-0.819047619047619,-0.7047619047619048,-0.9285714285714286,-0.7285714285714285,-1.0,-0.6714285714285714,-0.5476190476190477,-0.5857142857142857,-0.7238095238095238,-0.8476190476190476,-0.8380952380952381,-0.8476190476190476,-0.9047619047619048,-0.7333333333333333,-0.4095238095238095,-0.6333333333333333,-0.5666666666666667,-0.9,-0.7,-0.919047619047619,-0.7904761904761904,-0.8238095238095238,-0.23809523809523808,-0.6428571428571429,-0.3761904761904762,-0.8428571428571429,-0.5142857142857142,-0.9047619047619048,-0.638095238095238,-0.8857142857142857
4,0.0,0.0,-0.2897196261682243,0.004672897196261682,-0.5700934579439252,-0.03271028037383177,-0.7850467289719626,0.04205607476635514,-0.9205607476635514,0.18691588785046728,-0.6448598130841121,-0.49065420560747663,-0.8084112149532711,-0.6915887850467289,-0.9252336448598131,-0.719626168224299,-1.0,-0.6635514018691588,-0.5420560747663551,-0.5654205607476636,-0.7149532710280374,-0.822429906542056,-0.8364485981308412,-0.8271028037383178,-0.9112149532710281,-0.719626168224299,-0.411214953271028,-0.6121495327102804,-0.5700934579439252,-0.8738317757009346,-0.7149532710280374,-0.8925233644859814,-0.8177570093457944,-0.8037383177570093,-0.2383177570093458,-0.6261682242990654,-0.38317757009345793,-0.822429906542056,-0.5280373831775701,-0.883177570093458,-0.6635514018691588,-0.8691588785046729
4,0.0,0.0,-0.28773584905660377,0.0047169811320754715,-0.5518867924528302,-0.07075471698113207,-0.7594339622641509,-0.0047169811320754715,-0.8962264150943396,0.14150943396226415,-0.5943396226415094,-0.5330188679245284,-0.7405660377358491,-0.7547169811320755,-0.8915094339622641,-0.75,-0.9811320754716981,-0.6839622641509434,-0.5424528301886793,-0.5801886792452831,-0.7216981132075472,-0.8773584905660378,-0.9056603773584906,-0.8254716981132075,-1.0,-0.6981132075471698,-0.47641509433962265,-0.5849056603773585,-0.6792452830188679,-0.8726415094339622,-0.8867924528301887,-0.8113207547169812,-0.9952830188679245,-0.6839622641509434,-0.4386792452830189,-0.5471698113207547,-0.6556603773584906,-0.7216981132075472,-0.8349056603773585,-0.7075471698113207,-0.9481132075471698,-0.6367924528301887
4,0.0,0.0,-0.29130434782608694,-0.008695652173913044,-0.5695652173913044,-0.09565217391304348,-0.7739130434782608,-0.034782608695652174,-0.8956521739130435,0.11739130434782609,-0.5565217391304348,-0.5434782608695652,-0.7347826086956522,-0.7478260869565218,-0.8913043478260869,-0.7304347826086957,-0.9782608695652174,-0.6608695652173913,-0.5043478260869565,-0.5826086956521739,-0.7217391304347827,-0.8565217391304348,-0.908695652173913,-0.8043478260869565,-1.0,-0.6782608695652174,-0.4434782608695652,-0.5826086956521739,-0.6826086956521739,-0.8478260869565217,-0.8913043478260869,-0.7869565217391304,-1.0,-0.6652173913043479,-0.41739130434782606,-0.5304347826086957,-0.6565217391304348,-0.6826086956521739,-0.8347826086956521,-0.6608695652173913,-0.9521739130434783,-0.591304347826087
4,0.0,0.0,-0.3034188034188034,-0.01282051282051282,-0.5641025641025641,-0.08974358974358974,-0.7649572649572649,-0.03418803418803419,-0.8974358974358975,0.10683760683760683,-0.5427350427350427,-0.5427350427350427,-0.7307692307692307,-0.7393162393162394,-0.8888888888888888,-0.7222222222222222,-0.9786324786324786,-0.6452991452991453,-0.49145299145299143,-0.5811965811965812,-0.7222222222222222,-0.8461538461538461,-0.905982905982906,-0.7905982905982906,-1.0,-0.6581196581196581,-0.4444444444444444,-0.5769230769230769,-0.6837606837606838,-0.8376068376068376,-0.8931623931623932,-0.7777777777777778,-1.0,-0.6495726495726496,-0.43162393162393164,-0.5128205128205128,-0.6666666666666666,-0.6709401709401709,-0.8418803418803419,-0.6538461538461539,-0.9572649572649573,-0.5854700854700855
4,0.0,0.0,-0.3146551724137931,-0.021551724137931036,-0.5689655172413793,-0.1206896551724138,-0.771551724137931,-0.07327586206896551,-0.896551724137931,0.05603448275862069,-0.5387931034482759,-0.5905172413793104,-0.728448275862069,-0.8103448275862069,-0.9008620689655172,-0.7672413793103449,-0.978448275862069,-0.6508620689655172,-0.49137931034482757,-0.6293103448275862,-0.7241379310344828,-0.9008620689655172,-0.9181034482758621,-0.8232758620689655,-0.9870689655172413,-0.6681034482758621,-0.44396551724137934,-0.6206896551724138,-0.6896551724137931,-0.8879310344827587,-0.9051724137931034,-0.8017241379310345,-1.0,-0.6508620689655172,-0.4353448275862069,-0.5603448275862069,-0.6681034482758621,-0.728448275862069,-0.853448275862069,-0.6939655172413793,-0.9655172413793104,-0.5991379310344828
4,0.0,0.0,-0.3192488262910798,0.0,-0.5915492957746479,-0.06572769953051644,-0.784037558685446,0.018779342723004695,-0.892018779342723,0.18309859154929578,-0.6150234741784038,-0.5023474178403756,-0.7793427230046949,-0.7370892018779343,-0.9342723004694836,-0.6948356807511737,-1.0,-0.6009389671361502,-0.568075117370892,-0.5539906103286385,-0.7652582159624414,-0.8497652582159625,-0.9389671361502347,-0.7652582159624414,-0.9953051643192489,-0.6150234741784038,-0.5164319248826291,-0.5774647887323944,-0.7136150234741784,-0.863849765258216,-0.9107981220657277,-0.7699530516431925,-0.9906103286384976,-0.6244131455399061,-0.4835680751173709,-0.5633802816901409,-0.6807511737089202,-0.7699530516431925,-0.8497652582159625,-0.7323943661971831,-0.9436619718309859,-0.6338028169014085
4,0.0,0.0,-0.29577464788732394,0.023474178403755867,-0.5586854460093896,-0.04225352112676056,-0.755868544600939,0.028169014084507043,-0.8732394366197183,0.1784037558685446,-0.6103286384976526,-0.4835680751173709,-0.7652582159624414,-0.6948356807511737,-0.92018779342723,-0.6666666666666666,-1.0,-0.5915492957746479,-0.5586854460093896,-0.5446009389671361,-0.755868544600939,-0.8309859154929577,-0.9342723004694836,-0.755868544600939,-1.0,-0.6197183098591549,-0.49765258215962443,-0.5633802816901409,-0.6901408450704225,-0.8497652582159625,-0.8967136150234741,-0.7746478873239436,-0.9906103286384976,-0.6525821596244131,-0.4507042253521127,-0.5352112676056338,-0.647887323943662,-0.7417840375586855,-0.8309859154929577,-0.7323943661971831,-0.9436619718309859,-0.6713615023474179
4,0.0,0.0,-0.291866028708134,0.0430622009569378,-0.5454545454545454,-0.004784688995215311,-0.7464114832535885,0.06698564593301436,-0.9043062200956937,0.18660287081339713,-0.5645933014354066,-0.48325358851674644,-0.7320574162679426,-0.7081339712918661,-0.9043062200956937,-0.6794258373205742,-0.9856459330143541,-0.5933014354066986,-0.5119617224880383,-0.5358851674641149,-0.7320574162679426,-0.8181818181818182,-0.9234449760765551,-0.7320574162679426,-1.0,-0.5980861244019139,-0.4688995215311005,-0.5406698564593302,-0.6889952153110048,-0.8038277511961722,-0.8947368421052632,-0.722488038277512,-0.9904306220095693,-0.5885167464114832,-0.45454545454545453,-0.5023923444976076,-0.6698564593301436,-0.6555023923444976,-0.8421052631578947,-0.631578947368421,-0.9425837320574163,-0.5598086124401914
4,0.0,0.0,-0.2822966507177033,0.03827751196172249,-0.5311004784688995,0.004784688995215311,-0.7368421052631579,0.07177033492822966,-0.9138755980861244,0.17703349282296652,-0.5598086124401914,-0.4688995215311005,-0.7177033492822966,-0.69377990430622,-0.8851674641148325,-0.6602870813397129,-0.9760765550239234,-0.5645933014354066,-0.5215311004784688,-0.5167464114832536,-0.7320574162679426,-0.7942583732057417,-0.9186602870813397,-0.7129186602870813,-1.0,-0.5789473684210527,-0.4880382775119617,-0.5215311004784688,-0.6985645933014354,-0.7751196172248804,-0.8947368421052632,-0.6889952153110048,-0.9904306220095693,-0.5598086124401914,-0.4784688995215311,-0.48325358851674644,-0.6794258373205742,-0.645933014354067,-0.8421052631578947,-0.6124401913875598,-0.937799043062201,-0.5311004784688995
4,0.0,0.0,-0.27884615384615385,0.04326923076923077,-0.5480769230769231,-0.009615384615384616,-0.7692307692307693,0.057692307692307696,-0.9567307692307693,0.14903846153846154,-0.5721153846153846,-0.46153846153846156,-0.7403846153846154,-0.6875,-0.9038461538461539,-0.6490384615384616,-0.9807692307692307,-0.5673076923076923,-0.5240384615384616,-0.5048076923076923,-0.7355769230769231,-0.7932692307692307,-0.9278846153846154,-0.7067307692307693,-1.0,-0.5721153846153846,-0.47115384615384615,-0.5192307692307693,-0.6875,-0.7932692307692307,-0.8942307692307693,-0.7067307692307693,-0.9855769230769231,-0.5817307692307693,-0.4375,-0.49038461538461536,-0.6538461538461539,-0.6634615384615384,-0.8317307692307693,-0.6346153846153846,-0.9423076923076923,-0.5576923076923077
4,0.0,0.0,-0.291866028708134,0.03827751196172249,-0.5550239234449761,-0.009569377990430622,-0.7703349282296651,0.05263157894736842,-0.9521531100478469,0.14832535885167464,-0.5933014354066986,-0.45933014354066987,-0.7464114832535885,-0.6889952153110048,-0.9043062200956937,-0.6555023923444976,-0.9808612440191388,-0.5741626794258373,-0.5358851674641149,-0.5119617224880383,-0.7416267942583732,-0.8038277511961722,-0.9234449760765551,-0.7177033492822966,-1.0,-0.583732057416268,-0.4784688995215311,-0.5311004784688995,-0.6746411483253588,-0.8133971291866029,-0.8803827751196173,-0.722488038277512,-0.9760765550239234,-0.5933014354066986,-0.4354066985645933,-0.507177033492823,-0.6363636363636364,-0.69377990430622,-0.8133971291866029,-0.6602870813397129,-0.9234449760765551,-0.583732057416268
4,0.0,0.0,-0.2961165048543689,0.024271844660194174,-0.558252427184466,-0.02912621359223301,-0.7669902912621359,0.03398058252427184,-0.9466019417475728,0.13592233009708737,-0.5679611650485437,-0.49029126213592233,-0.7233009708737864,-0.7233009708737864,-0.8883495145631068,-0.7038834951456311,-0.9757281553398058,-0.6262135922330098,-0.5097087378640777,-0.5388349514563107,-0.7135922330097088,-0.8300970873786407,-0.9029126213592233,-0.7669902912621359,-1.0,-0.6359223300970874,-0.45145631067961167,-0.5533980582524272,-0.6601941747572816,-0.8300970873786407,-0.8689320388349514,-0.7621359223300971,-0.9805825242718447,-0.6359223300970874,-0.4174757281553398,-0.5194174757281553,-0.6262135922330098,-0.6893203883495146,-0.8058252427184466,-0.6747572815533981,-0.9271844660194175,-0.6067961165048543
4,0.0,0.0,-0.2946859903381642,0.024154589371980676,-0.5555555555555556,-0.033816425120772944,-0.7681159420289855,0.05314009661835749,-0.9420289855072463,0.1642512077294686,-0.5845410628019324,-0.4927536231884058,-0.7391304347826086,-0.7246376811594203,-0.9033816425120773,-0.6956521739130435,-0.9806763285024155,-0.6183574879227053,-0.5265700483091788,-0.5410628019323671,-0.7294685990338164,-0.8357487922705314,-0.9227053140096618,-0.7536231884057971,-1.0,-0.6183574879227053,-0.463768115942029,-0.5507246376811594,-0.6666666666666666,-0.8260869565217391,-0.8792270531400966,-0.7391304347826086,-0.9806763285024155,-0.6086956521739131,-0.42028985507246375,-0.5169082125603864,-0.6328502415458938,-0.6956521739130435,-0.8164251207729468,-0.6666666666666666,-0.9323671497584541,-0.5893719806763285
4,0.0,0.0,-0.2898550724637681,0.028985507246376812,-0.5603864734299517,-0.024154589371980676,-0.7681159420289855,0.04830917874396135,-0.9033816425120773,0.17391304347826086,-0.6183574879227053,-0.45893719806763283,-0.7729468599033816,-0.6714975845410628,-0.9082125603864735,-0.6570048309178744,-0.9855072463768116,-0.5893719806763285,-0.5555555555555556,-0.5120772946859904,-0.748792270531401,-0.7922705314009661,-0.9178743961352657,-0.7342995169082126,-1.0,-0.6038647342995169,-0.4830917874396135,-0.5314009661835749,-0.6811594202898551,-0.7971014492753623,-0.8695652173913043,-0.7342995169082126,-0.9710144927536232,-0.6086956521739131,-0.4251207729468599,-0.5120772946859904,-0.6280193236714976,-0.6859903381642513,-0.7971014492753623,-0.6666666666666666,-0.9082125603864735,-0.5990338164251208
4,0.0,0.0,-0.28502415458937197,0.028985507246376812,-0.5410628019323671,-0.028985507246376812,-0.7439613526570048,0.033816425120772944,-0.8888888888888888,0.15458937198067632,-0.5893719806763285,-0.463768115942029,-0.7439613526570048,-0.6763285024154589,-0.8888888888888888,-0.6570048309178744,-0.9710144927536232,-0.5942028985507246,-0.5314009661835749,-0.5217391304347826,-0.7294685990338164,-0.8019323671497585,-0.9130434782608695,-0.7342995169082126,-1.0,-0.5990338164251208,-0.47342995169082125,-0.5410628019323671,-0.6714975845410628,-0.8115942028985508,-0.8695652173913043,-0.7391304347826086,-0.9758454106280193,-0.6086956521739131,-0.4251207729468599,-0.5217391304347826,-0.6280193236714976,-0.6956521739130435,-0.8019323671497585,-0.6666666666666666,-0.9178743961352657,-0.5942028985507246
4,0.0,0.0,-0.29207920792079206,0.0297029702970297,-0.5594059405940595,-0.0297029702970297,-0.7623762376237624,0.039603960396039604,-0.900990099009901,0.16831683168316833,-0.6089108910891089,-0.47029702970297027,-0.7574257425742574,-0.6831683168316832,-0.900990099009901,-0.6584158415841584,-0.9752475247524752,-0.5891089108910891,-0.5495049504950495,-0.5247524752475248,-0.7376237623762376,-0.806930693069307,-0.9158415841584159,-0.7376237623762376,-1.0,-0.6039603960396039,-0.4801980198019802,-0.5495049504950495,-0.6683168316831684,-0.8267326732673267,-0.8712871287128713,-0.7524752475247525,-0.9752475247524752,-0.6237623762376238,-0.4306930693069307,-0.5346534653465347,-0.6287128712871287,-0.7128712871287128,-0.806930693069307,-0.6881188118811881,-0.9257425742574258,-0.6138613861386139
4,0.0,0.0,-0.2935323383084577,0.03482587064676617,-0.5472636815920398,-0.029850746268656716,-0.7512437810945274,0.03980099502487562,-0.8955223880597015,0.15920398009950248,-0.6019900497512438,-0.48258706467661694,-0.7611940298507462,-0.6965174129353234,-0.9104477611940298,-0.6616915422885572,-0.9850746268656716,-0.572139303482587,-0.5422885572139303,-0.5323383084577115,-0.7412935323383084,-0.8208955223880597,-0.9203980099502488,-0.7313432835820896,-1.0,-0.5870646766169154,-0.472636815920398,-0.5522388059701493,-0.6716417910447762,-0.8308457711442786,-0.8756218905472637,-0.7412935323383084,-0.9751243781094527,-0.6069651741293532,-0.4129353233830846,-0.5373134328358209,-0.6218905472636815,-0.7213930348258707,-0.8059701492537313,-0.6915422885572139,-0.9203980099502488,-0.6069651741293532
4,0.0,0.0,-0.27941176470588236,0.029411764705882353,-0.553921568627451,-0.03431372549019608,-0.7598039215686274,0.029411764705882353,-0.8970588235294118,0.1568627450980392,-0.6127450980392157,-0.47549019607843135,-0.7647058823529411,-0.7009803921568627,-0.9117647058823529,-0.6715686274509803,-0.9901960784313726,-0.5931372549019608,-0.5490196078431373,-0.5245098039215687,-0.7401960784313726,-0.8186274509803921,-0.9215686274509803,-0.7401960784313726,-1.0,-0.6029411764705882,-0.47549019607843135,-0.5490196078431373,-0.6715686274509803,-0.8235294117647058,-0.8725490196078431,-0.7401960784313726,-0.9754901960784313,-0.6078431372549019,-0.4068627450980392,-0.5294117647058824,-0.6127450980392157,-0.7058823529411765,-0.7941176470588235,-0.6764705882352942,-0.9117647058823529,-0.5980392156862745
4,0.0,0.0,-0.28292682926829266,0.03414634146341464,-0.5365853658536586,-0.01951219512195122,-0.7268292682926829,0.05853658536585366,-0.8585365853658536,0.1951219512195122,-0.6,-0.47804878048780486,-0.7463414634146341,-0.7024390243902439,-0.8975609756097561,-0.6780487804878049,-0.9853658536585366,-0.6,-0.5414634146341464,-0.526829268292683,-0.7414634146341463,-0.8195121951219512,-0.9170731707317074,-0.7414634146341463,-1.0,-0.6097560975609756,-0.47317073170731705,-0.5365853658536586,-0.6780487804878049,-0.8146341463414634,-0.8780487804878049,-0.7365853658536585,-0.9804878048780488,-0.6097560975609756,-0.424390243902439,-0.5121951219512195,-0.6292682926829268,-0.6878048780487804,-0.8048780487804879,-0.6634146341463415,-0.9219512195121952,-0.5902439024390244
4,0.0,0.0,-0.2815533980582524,0.03398058252427184,-0.5097087378640777,-0.014563106796116505,-0.6893203883495146,0.06796116504854369,-0.8106796116504854,0.2087378640776699,-0.5388349514563107,-0.49514563106796117,-0.6990291262135923,-0.7184466019417476,-0.8689320388349514,-0.7281553398058253,-0.9805825242718447,-0.6893203883495146,-0.5,-0.5388349514563107,-0.7135922330097088,-0.8300970873786407,-0.9029126213592233,-0.7961165048543689,-1.0,-0.6941747572815534,-0.4563106796116505,-0.5388349514563107,-0.6796116504854369,-0.8058252427184466,-0.8883495145631068,-0.7766990291262136,-1.0,-0.6844660194174758,-0.44660194174757284,-0.4854368932038835,-0.6650485436893204,-0.6601941747572816,-0.8349514563106796,-0.6796116504854369,-0.9611650485436893,-0.6407766990291263
4,0.0,0.0,-0.2871287128712871,0.039603960396039604,-0.504950495049505,0.0049504950495049506,-0.6881188118811881,0.06435643564356436,-0.8217821782178217,0.18316831683168316,-0.504950495049505,-0.5346534653465347,-0.698019801980198,-0.7524752475247525,-0.8762376237623762,-0.7425742574257426,-0.9702970297029703,-0.6732673267326733,-0.46534653465346537,-0.5742574257425742,-0.7128712871287128,-0.8514851485148515,-0.9108910891089109,-0.7871287128712872,-1.0,-0.6782178217821783,-0.43564356435643564,-0.5594059405940595,-0.693069306930693,-0.8118811881188119,-0.900990099009901,-0.7574257425742574,-1.0,-0.6485148514851485,-0.4504950495049505,-0.48514851485148514,-0.6831683168316832,-0.6386138613861386,-0.8564356435643564,-0.6435643564356436,-0.9702970297029703,-0.6039603960396039
4,0.0,0.0,-0.2843601895734597,0.04265402843601896,-0.5071090047393365,-0.009478672985781991,-0.6872037914691943,0.04739336492890995,-0.8199052132701422,0.17061611374407584,-0.5118483412322274,-0.5260663507109005,-0.7156398104265402,-0.7440758293838863,-0.8957345971563981,-0.6966824644549763,-0.981042654028436,-0.6113744075829384,-0.46919431279620855,-0.5639810426540285,-0.7345971563981043,-0.8246445497630331,-0.919431279620853,-0.7298578199052133,-0.990521327014218,-0.5971563981042654,-0.43601895734597157,-0.5497630331753555,-0.7061611374407583,-0.8056872037914692,-0.909952606635071,-0.7156398104265402,-1.0,-0.5876777251184834,-0.44075829383886256,-0.4834123222748815,-0.6824644549763034,-0.6398104265402843,-0.8530805687203792,-0.6255924170616114,-0.9620853080568721,-0.5687203791469194
4,0.0,0.0,-0.2837209302325581,0.027906976744186046,-0.5069767441860465,-0.018604651162790697,-0.6930232558139535,0.03255813953488372,-0.8325581395348837,0.14883720930232558,-0.5023255813953489,-0.5302325581395348,-0.7302325581395349,-0.7441860465116279,-0.9069767441860465,-0.6883720930232559,-0.9906976744186047,-0.5953488372093023,-0.4604651162790698,-0.5674418604651162,-0.7488372093023256,-0.8186046511627907,-0.9348837209302325,-0.7116279069767442,-1.0,-0.5767441860465117,-0.4232558139534884,-0.5488372093023256,-0.7162790697674418,-0.7906976744186046,-0.9116279069767442,-0.6883720930232559,-0.9953488372093023,-0.5581395348837209,-0.4232558139534884,-0.4790697674418605,-0.6697674418604651,-0.627906976744186,-0.8465116279069768,-0.6093023255813953,-0.9534883720930233,-0.5581395348837209
4,0.0,0.0,-0.2897196261682243,0.028037383177570093,-0.5233644859813084,-0.02336448598130841,-0.7149532710280374,0.037383177570093455,-0.8457943925233645,0.16822429906542055,-0.514018691588785,-0.5327102803738317,-0.719626168224299,-0.7383177570093458,-0.8925233644859814,-0.7009345794392523,-0.985981308411215,-0.616822429906542,-0.4719626168224299,-0.5747663551401869,-0.7336448598130841,-0.8271028037383178,-0.9205607476635514,-0.7383177570093458,-0.9953271028037384,-0.6074766355140186,-0.43457943925233644,-0.5607476635514018,-0.7009345794392523,-0.8037383177570093,-0.9065420560747663,-0.719626168224299,-1.0,-0.5934579439252337,-0.4392523364485981,-0.4953271028037383,-0.6728971962616822,-0.6542056074766355,-0.8504672897196262,-0.6401869158878505,-0.9626168224299065,-0.5841121495327103
4,0.0,0.0,-0.2744186046511628,0.023255813953488372,-0.5023255813953489,-0.027906976744186046,-0.6976744186046512,0.023255813953488372,-0.8372093023255814,0.15348837209302327,-0.5116279069767442,-0.5209302325581395,-0.7116279069767442,-0.7348837209302326,-0.8883720930232558,-0.7162790697674418,-0.986046511627907,-0.6558139534883721,-0.4697674418604651,-0.5627906976744186,-0.7302325581395349,-0.8232558139534883,-0.9162790697674419,-0.7581395348837209,-1.0,-0.641860465116279,-0.4325581395348837,-0.5441860465116279,-0.6930232558139535,-0.786046511627907,-0.8976744186046511,-0.7255813953488373,-1.0,-0.6186046511627907,-0.4325581395348837,-0.4790697674418605,-0.6604651162790698,-0.627906976744186,-0.8325581395348837,-0.6325581395348837,-0.958139534883721,-0.6
4,0.0,0.0,-0.27906976744186046,0.023255813953488372,-0.5162790697674419,-0.03255813953488372,-0.7023255813953488,0.023255813953488372,-0.8372093023255814,0.14883720930232558,-0.5209302325581395,-0.5162790697674419,-0.7069767441860465,-0.7348837209302326,-0.8837209302325582,-0.7255813953488373,-0.986046511627907,-0.6651162790697674,-0.4744186046511628,-0.5581395348837209,-0.7209302325581395,-0.8232558139534883,-0.9069767441860465,-0.772093023255814,-1.0,-0.6604651162790698,-0.4325581395348837,-0.5488372093023256,-0.6837209302325581,-0.7906976744186046,-0.8837209302325582,-0.7395348837209302,-1.0,-0.6372093023255814,-0.4186046511627907,-0.48372093023255813,-0.6511627906976745,-0.6232558139534884,-0.8186046511627907,-0.6372093023255814,-0.9441860465116279,-0.6139534883720931
4,0.0,0.0,-0.2864321608040201,-0.02512562814070352,-0.542713567839196,-0.07537688442211055,-0.7336683417085427,0.005025125628140704,-0.8391959798994975,0.1457286432160804,-0.5628140703517588,-0.5125628140703518,-0.7587939698492462,-0.678391959798995,-0.9296482412060302,-0.6130653266331658,-1.0,-0.5175879396984925,-0.4824120603015075,-0.6030150753768844,-0.6130653266331658,-0.9597989949748744,-0.7839195979899497,-0.8693467336683417,-0.8241206030150754,-0.7185929648241206,-0.3768844221105528,-0.6432160804020101,-0.48743718592964824,-0.9798994974874372,-0.6381909547738693,-0.8442211055276382,-0.6482412060301508,-0.6884422110552764,-0.2562814070351759,-0.6432160804020101,-0.36683417085427134,-0.8743718592964824,-0.507537688442211,-0.7839195979899497,-0.5527638190954773,-0.6532663316582915
4,0.0,0.0,-0.2871287128712871,-0.019801980198019802,-0.5346534653465347,-0.0594059405940594,-0.7128712871287128,0.01485148514851485,-0.8118811881188119,0.16336633663366337,-0.5841584158415841,-0.5,-0.7673267326732673,-0.6633663366336634,-0.9207920792079208,-0.6039603960396039,-1.0,-0.5099009900990099,-0.49504950495049505,-0.594059405940594,-0.6188118811881188,-0.9356435643564357,-0.801980198019802,-0.8663366336633663,-0.8712871287128713,-0.7227722772277227,-0.3811881188118812,-0.6336633663366337,-0.45544554455445546,-0.9801980198019802,-0.6435643564356436,-0.905940594059406,-0.7029702970297029,-0.7673267326732673,-0.24752475247524752,-0.6237623762376238,-0.3217821782178218,-0.8712871287128713,-0.4900990099009901,-0.8267326732673267,-0.5841584158415841,-0.7128712871287128
4,0.0,0.0,-0.28431372549019607,-0.00980392156862745,-0.5392156862745098,-0.05392156862745098,-0.7205882352941176,0.029411764705882353,-0.8137254901960784,0.18627450980392157,-0.5931372549019608,-0.4950980392156863,-0.7794117647058824,-0.6274509803921569,-0.9313725490196079,-0.5588235294117647,-1.0,-0.45588235294117646,-0.5049019607843137,-0.5980392156862745,-0.6274509803921569,-0.9215686274509803,-0.8088235294117647,-0.8480392156862745,-0.8774509803921569,-0.6911764705882353,-0.3872549019607843,-0.6323529411764706,-0.46078431372549017,-0.9705882352941176,-0.6421568627450981,-0.8823529411764706,-0.7009803921568627,-0.7450980392156863,-0.2549019607843137,-0.6127450980392157,-0.3235294117647059,-0.8578431372549019,-0.49019607843137253,-0.8088235294117647,-0.5784313725490197,-0.696078431372549
4,0.0,0.0,-0.2777777777777778,-0.004629629629629629,-0.5231481481481481,-0.032407407407407406,-0.6759259259259259,0.06481481481481481,-0.7685185185185185,0.2037037037037037,-0.6157407407407407,-0.4675925925925926,-0.8101851851851852,-0.5787037037037037,-0.9351851851851852,-0.5370370370370371,-1.0,-0.42592592592592593,-0.5416666666666666,-0.5648148148148148,-0.6527777777777778,-0.8379629629629629,-0.8148148148148148,-0.8472222222222222,-0.9120370370370371,-0.7361111111111112,-0.4212962962962963,-0.5879629629629629,-0.4861111111111111,-0.8888888888888888,-0.6481481481481481,-0.8981481481481481,-0.75,-0.8055555555555556,-0.2962962962962963,-0.5509259259259259,-0.3425925925925926,-0.7731481481481481,-0.4861111111111111,-0.8009259259259259,-0.5972222222222222,-0.7453703703703703
4,0.0,0.0,-0.2857142857142857,-0.004608294930875576,-0.5299539170506913,-0.03686635944700461,-0.6866359447004609,0.05069124423963134,-0.7695852534562212,0.19815668202764977,-0.6129032258064516,-0.4700460829493088,-0.7972350230414746,-0.5806451612903226,-0.9262672811059908,-0.5483870967741935,-1.0,-0.4470046082949309,-0.5345622119815668,-0.5576036866359447,-0.6405529953917051,-0.847926267281106,-0.8018433179723502,-0.8525345622119815,-0.9032258064516129,-0.7419354838709677,-0.41935483870967744,-0.5852534562211982,-0.47465437788018433,-0.8940092165898618,-0.6405529953917051,-0.8894009216589862,-0.7373271889400922,-0.7880184331797235,-0.29493087557603687,-0.5483870967741935,-0.35023041474654376,-0.7695852534562212,-0.4976958525345622,-0.7880184331797235,-0.6036866359447005,-0.728110599078341
4,0.0,0.0,-0.2757009345794392,0.004672897196261682,-0.514018691588785,-0.014018691588785047,-0.6588785046728972,0.102803738317757,-0.7476635514018691,0.2523364485981308,-0.6401869158878505,-0.4766355140186916,-0.8317757009345794,-0.6214953271028038,-0.9158878504672897,-0.5420560747663551,-0.9626168224299065,-0.397196261682243,-0.5607476635514018,-0.5560747663551402,-0.7149532710280374,-0.8130841121495327,-0.8644859813084113,-0.8738317757009346,-1.0,-0.8598130841121495,-0.42990654205607476,-0.5654205607476636,-0.5560747663551402,-0.8364485981308412,-0.6869158878504673,-0.9299065420560748,-0.822429906542056,-0.9579439252336449,-0.2897196261682243,-0.5093457943925234,-0.3411214953271028,-0.7149532710280374,-0.4252336448598131,-0.8364485981308412,-0.5280373831775701,-0.9205607476635514
4,0.0,0.0,-0.2608695652173913,0.004347826086956522,-0.4782608695652174,-0.004347826086956522,-0.6043478260869565,0.10434782608695652,-0.6782608695652174,0.24347826086956523,-0.591304347826087,-0.43478260869565216,-0.7782608695652173,-0.5652173913043478,-0.8565217391304348,-0.4826086956521739,-0.8956521739130435,-0.34782608695652173,-0.5217391304347826,-0.508695652173913,-0.6739130434782609,-0.7521739130434782,-0.8043478260869565,-0.8347826086956521,-0.9130434782608695,-0.8695652173913043,-0.4043478260869565,-0.5217391304347826,-0.5130434782608696,-0.782608695652174,-0.6086956521739131,-0.9130434782608695,-0.7043478260869566,-1.0,-0.27391304347826084,-0.4782608695652174,-0.3217391304347826,-0.6782608695652174,-0.3869565217391304,-0.7956521739130434,-0.46956521739130436,-0.8869565217391304
4,0.0,0.0,-0.2532188841201717,0.004291845493562232,-0.4678111587982833,-0.004291845493562232,-0.592274678111588,0.1072961373390558,-0.6738197424892703,0.2446351931330472,-0.575107296137339,-0.4334763948497854,-0.759656652360515,-0.5665236051502146,-0.8369098712446352,-0.48497854077253216,-0.8755364806866953,-0.3562231759656652,-0.5064377682403434,-0.5107296137339056,-0.6566523605150214,-0.7467811158798283,-0.7896995708154506,-0.8369098712446352,-0.9055793991416309,-0.871244635193133,-0.3905579399141631,-0.51931330472103,-0.4892703862660944,-0.776824034334764,-0.5879828326180258,-0.9098712446351931,-0.6866952789699571,-1.0,-0.26180257510729615,-0.4721030042918455,-0.3133047210300429,-0.6652360515021459,-0.38197424892703863,-0.7811158798283262,-0.463519313304721,-0.8755364806866953
4,0.0,0.0,-0.23868312757201646,0.012345679012345678,-0.4444444444444444,0.00411522633744856,-0.5720164609053497,0.10699588477366255,-0.654320987654321,0.23868312757201646,-0.5637860082304527,-0.3950617283950617,-0.7489711934156379,-0.51440329218107,-0.8189300411522634,-0.43209876543209874,-0.8518518518518519,-0.30864197530864196,-0.49794238683127573,-0.4773662551440329,-0.6460905349794238,-0.7078189300411523,-0.7654320987654321,-0.8065843621399177,-0.8600823045267489,-0.8641975308641975,-0.38271604938271603,-0.4897119341563786,-0.4773662551440329,-0.7366255144032922,-0.5596707818930041,-0.8888888888888888,-0.6378600823045267,-1.0,-0.2551440329218107,-0.4444444444444444,-0.3045267489711934,-0.6255144032921811,-0.3662551440329218,-0.7366255144032922,-0.4403292181069959,-0.831275720164609
4,0.0,0.0,-0.23770491803278687,0.012295081967213115,-0.45081967213114754,0.004098360655737705,-0.5737704918032787,0.11065573770491803,-0.6557377049180327,0.24180327868852458,-0.5614754098360656,-0.3975409836065574,-0.7459016393442623,-0.5163934426229508,-0.8155737704918032,-0.4385245901639344,-0.8483606557377049,-0.3155737704918033,-0.4959016393442623,-0.47540983606557374,-0.6475409836065574,-0.7090163934426229,-0.7704918032786885,-0.8073770491803278,-0.8647540983606558,-0.8565573770491803,-0.38114754098360654,-0.4918032786885246,-0.47950819672131145,-0.7377049180327869,-0.569672131147541,-0.8852459016393442,-0.6475409836065574,-1.0,-0.25,-0.4426229508196721,-0.30327868852459017,-0.6229508196721312,-0.36885245901639346,-0.7377049180327869,-0.4385245901639344,-0.8319672131147541
4,0.0,0.0,-0.23694779116465864,0.012048192771084338,-0.4457831325301205,0.0,-0.5783132530120482,0.10441767068273092,-0.6506024096385542,0.24096385542168675,-0.5542168674698795,-0.3855421686746988,-0.7349397590361446,-0.4859437751004016,-0.8032128514056225,-0.39357429718875503,-0.8353413654618473,-0.26907630522088355,-0.4939759036144578,-0.46184738955823296,-0.6385542168674698,-0.6827309236947792,-0.751004016064257,-0.7951807228915663,-0.8433734939759037,-0.8634538152610441,-0.3815261044176707,-0.4738955823293173,-0.4738955823293173,-0.714859437751004,-0.5542168674698795,-0.8755020080321285,-0.6184738955823293,-1.0,-0.2570281124497992,-0.42971887550200805,-0.30120481927710846,-0.6104417670682731,-0.3654618473895582,-0.7269076305220884,-0.42971887550200805,-0.8273092369477911
4,0.0,0.0,-0.233201581027668,0.007905138339920948,-0.43873517786561267,-0.007905138339920948,-0.5652173913043478,0.09881422924901186,-0.6442687747035574,0.233201581027668,-0.549407114624506,-0.383399209486166,-0.7272727272727273,-0.4782608695652174,-0.7944664031620553,-0.383399209486166,-0.8221343873517787,-0.2608695652173913,-0.4901185770750988,-0.45454545454545453,-0.6284584980237155,-0.6758893280632411,-0.7391304347826086,-0.7865612648221344,-0.8221343873517787,-0.8616600790513834,-0.3794466403162055,-0.466403162055336,-0.47035573122529645,-0.7075098814229249,-0.5454545454545454,-0.8695652173913043,-0.6047430830039525,-1.0,-0.25296442687747034,-0.42292490118577075,-0.30039525691699603,-0.6007905138339921,-0.36363636363636365,-0.7193675889328063,-0.4268774703557312,-0.8181818181818182
4,0.0,0.0,-0.2140077821011673,0.019455252918287938,-0.4163424124513619,0.0,-0.5447470817120622,0.0933852140077821,-0.6108949416342413,0.2178988326848249,-0.5175097276264592,-0.36964980544747084,-0.688715953307393,-0.45136186770428016,-0.754863813229572,-0.35797665369649806,-0.7821011673151751,-0.245136186770428,-0.46303501945525294,-0.4474708171206226,-0.5797665369649806,-0.6770428015564203,-0.6770428015564203,-0.8015564202334631,-0.7509727626459144,-0.8871595330739299,-0.35797665369649806,-0.4669260700389105,-0.43190661478599224,-0.7003891050583657,-0.49416342412451364,-0.867704280155642,-0.5525291828793775,-1.0,-0.24124513618677043,-0.4280155642023346,-0.2918287937743191,-0.6070038910505836,-0.35019455252918286,-0.7198443579766537,-0.41245136186770426,-0.8171206225680934
4,0.0,0.0,-0.22178988326848248,0.019455252918287938,-0.4280155642023346,0.007782101167315175,-0.5680933852140078,0.10116731517509728,-0.6303501945525292,0.23735408560311283,-0.5175097276264592,-0.3657587548638132,-0.6964980544747081,-0.4474708171206226,-0.754863813229572,-0.3463035019455253,-0.7704280155642024,-0.22957198443579765,-0.46303501945525294,-0.45136186770428016,-0.5875486381322957,-0.6653696498054474,-0.6926070038910506,-0.7821011673151751,-0.7704280155642024,-0.867704280155642,-0.35797665369649806,-0.4708171206225681,-0.4280155642023346,-0.7042801556420234,-0.49416342412451364,-0.867704280155642,-0.5525291828793775,-1.0,-0.24124513618677043,-0.4280155642023346,-0.2723735408560311,-0.6108949416342413,-0.32684824902723736,-0.7276264591439688,-0.38910505836575876,-0.8287937743190662
4,0.0,0.0,-0.2178988326848249,0.019455252918287938,-0.42023346303501946,0.007782101167315175,-0.5603112840466926,0.10116731517509728,-0.6303501945525292,0.22957198443579765,-0.5214007782101168,-0.3657587548638132,-0.7003891050583657,-0.4474708171206226,-0.7626459143968871,-0.35019455252918286,-0.7782101167315175,-0.23346303501945526,-0.46303501945525294,-0.45136186770428016,-0.5875486381322957,-0.6653696498054474,-0.6926070038910506,-0.7821011673151751,-0.77431906614786,-0.8638132295719845,-0.35797665369649806,-0.4708171206225681,-0.4280155642023346,-0.7042801556420234,-0.4980544747081712,-0.867704280155642,-0.5525291828793775,-1.0,-0.24124513618677043,-0.4280155642023346,-0.27626459143968873,-0.6108949416342413,-0.33073929961089493,-0.7315175097276264,-0.39299610894941633,-0.8287937743190662
4,0.0,0.0,-0.210727969348659,0.019157088122605363,-0.41379310344827586,0.0038314176245210726,-0.5517241379310345,0.09961685823754789,-0.6168582375478927,0.2260536398467433,-0.5057471264367817,-0.367816091954023,-0.685823754789272,-0.4521072796934866,-0.7471264367816092,-0.3486590038314176,-0.7624521072796935,-0.23371647509578544,-0.4482758620689655,-0.4521072796934866,-0.5670498084291188,-0.6666666666666666,-0.6590038314176245,-0.789272030651341,-0.7318007662835249,-0.8812260536398467,-0.3448275862068966,-0.4674329501915709,-0.41762452107279696,-0.7011494252873564,-0.4789272030651341,-0.8659003831417624,-0.5325670498084292,-1.0,-0.22988505747126436,-0.42911877394636017,-0.2681992337164751,-0.6053639846743295,-0.3218390804597701,-0.7241379310344828,-0.3831417624521073,-0.8275862068965517
4,0.0,0.0,-0.21455938697318008,0.019157088122605363,-0.41379310344827586,0.007662835249042145,-0.5517241379310345,0.10344827586206896,-0.6168582375478927,0.2260536398467433,-0.5057471264367817,-0.36398467432950193,-0.6896551724137931,-0.4521072796934866,-0.7509578544061303,-0.3524904214559387,-0.7624521072796935,-0.23371647509578544,-0.4482758620689655,-0.4482758620689655,-0.5708812260536399,-0.6628352490421456,-0.6704980842911877,-0.7816091954022989,-0.7471264367816092,-0.8697318007662835,-0.3486590038314176,-0.4674329501915709,-0.41762452107279696,-0.7011494252873564,-0.4827586206896552,-0.8659003831417624,-0.5363984674329502,-1.0,-0.22988505747126436,-0.42528735632183906,-0.2681992337164751,-0.6053639846743295,-0.3218390804597701,-0.7203065134099617,-0.3793103448275862,-0.8237547892720306
4,0.0,0.0,-0.20973782771535582,0.018726591760299626,-0.41198501872659177,-0.003745318352059925,-0.550561797752809,0.0898876404494382,-0.6142322097378277,0.20973782771535582,-0.5056179775280899,-0.37453183520599254,-0.6816479400749064,-0.45692883895131087,-0.7453183520599251,-0.3595505617977528,-0.7640449438202247,-0.24344569288389514,-0.44569288389513106,-0.45318352059925093,-0.5543071161048689,-0.6741573033707865,-0.6479400749063671,-0.8014981273408239,-0.7153558052434457,-0.898876404494382,-0.3445692883895131,-0.4681647940074906,-0.41198501872659177,-0.704119850187266,-0.4756554307116105,-0.8651685393258427,-0.5280898876404494,-1.0,-0.22846441947565543,-0.4232209737827715,-0.26591760299625467,-0.599250936329588,-0.31835205992509363,-0.7191011235955056,-0.3782771535580524,-0.8202247191011236
4,0.0,0.0,-0.21052631578947367,0.015037593984962405,-0.40601503759398494,-0.007518796992481203,-0.5413533834586466,0.08270676691729323,-0.6127819548872181,0.19924812030075187,-0.5,-0.37593984962406013,-0.6766917293233082,-0.46616541353383456,-0.7443609022556391,-0.3684210526315789,-0.7631578947368421,-0.24812030075187969,-0.4398496240601504,-0.4548872180451128,-0.5526315789473685,-0.6766917293233082,-0.6428571428571429,-0.8045112781954887,-0.7142857142857143,-0.8984962406015038,-0.3383458646616541,-0.4699248120300752,-0.40601503759398494,-0.7030075187969925,-0.4699248120300752,-0.8646616541353384,-0.5225563909774437,-1.0,-0.22180451127819548,-0.424812030075188,-0.2593984962406015,-0.6015037593984962,-0.31203007518796994,-0.7180451127819549,-0.3684210526315789,-0.8157894736842105
4,0.0,0.0,-0.20817843866171004,0.007434944237918215,-0.40148698884758366,-0.007434944237918215,-0.5278810408921933,0.08550185873605948,-0.5985130111524164,0.20074349442379183,-0.48698884758364314,-0.3828996282527881,-0.6654275092936803,-0.4758364312267658,-0.7323420074349443,-0.379182156133829,-0.7546468401486989,-0.26022304832713755,-0.42379182156133827,-0.46096654275092935,-0.5390334572490706,-0.6802973977695167,-0.6319702602230484,-0.8066914498141264,-0.7026022304832714,-0.8996282527881041,-0.3159851301115242,-0.4721189591078067,-0.38661710037174724,-0.7026022304832714,-0.44609665427509293,-0.8661710037174721,-0.49814126394052044,-1.0,-0.1970260223048327,-0.42379182156133827,-0.2342007434944238,-0.5985130111524164,-0.2862453531598513,-0.7174721189591078,-0.3420074349442379,-0.8178438661710037
4,0.0,0.0,-0.2028985507246377,0.0,-0.39855072463768115,-0.03260869565217391,-0.5217391304347826,0.05434782608695652,-0.5978260869565217,0.17028985507246377,-0.4782608695652174,-0.391304347826087,-0.6376811594202898,-0.5072463768115942,-0.7137681159420289,-0.42028985507246375,-0.75,-0.3079710144927536,-0.40942028985507245,-0.463768115942029,-0.5217391304347826,-0.6920289855072463,-0.605072463768116,-0.8297101449275363,-0.6630434782608695,-0.9384057971014492,-0.3007246376811594,-0.47101449275362317,-0.38405797101449274,-0.7028985507246377,-0.44565217391304346,-0.8659420289855072,-0.5,-1.0,-0.18115942028985507,-0.4311594202898551,-0.23550724637681159,-0.6014492753623188,-0.2971014492753623,-0.717391304347826,-0.36231884057971014,-0.8115942028985508
4,0.0,0.0,-0.21611721611721613,-0.007326007326007326,-0.4139194139194139,-0.040293040293040296,-0.5421245421245421,0.04395604395604396,-0.6227106227106227,0.16483516483516483,-0.5018315018315018,-0.40293040293040294,-0.663003663003663,-0.5274725274725275,-0.73992673992674,-0.45054945054945056,-0.7802197802197802,-0.34065934065934067,-0.43223443223443225,-0.4725274725274725,-0.5531135531135531,-0.7032967032967034,-0.6410256410256411,-0.8388278388278388,-0.7032967032967034,-0.9377289377289377,-0.32234432234432236,-0.47619047619047616,-0.41025641025641024,-0.7106227106227107,-0.47619047619047616,-0.8681318681318682,-0.5347985347985348,-1.0,-0.1978021978021978,-0.43223443223443225,-0.2490842490842491,-0.608058608058608,-0.31135531135531136,-0.7216117216117216,-0.37362637362637363,-0.8168498168498168
4,0.0,0.0,-0.2109090909090909,-0.007272727272727273,-0.4072727272727273,-0.04,-0.5345454545454545,0.04,-0.6145454545454545,0.15636363636363637,-0.49454545454545457,-0.4,-0.6472727272727272,-0.5309090909090909,-0.72,-0.46545454545454545,-0.76,-0.36363636363636365,-0.4254545454545455,-0.4727272727272727,-0.5490909090909091,-0.7018181818181818,-0.6363636363636364,-0.8327272727272728,-0.7054545454545454,-0.9309090909090909,-0.31636363636363635,-0.48,-0.4072727272727273,-0.7090909090909091,-0.4727272727272727,-0.8690909090909091,-0.5272727272727272,-1.0,-0.19272727272727272,-0.44,-0.2509090909090909,-0.610909090909091,-0.3090909090909091,-0.7236363636363636,-0.3709090909090909,-0.8181818181818182
4,0.0,0.0,-0.20863309352517986,-0.0035971223021582736,-0.4028776978417266,-0.050359712230215826,-0.5359712230215827,0.02158273381294964,-0.6115107913669064,0.13309352517985612,-0.4784172661870504,-0.39928057553956836,-0.6294964028776978,-0.5071942446043165,-0.7158273381294964,-0.43884892086330934,-0.7589928057553957,-0.3381294964028777,-0.4172661870503597,-0.4676258992805755,-0.5251798561151079,-0.6942446043165468,-0.6079136690647482,-0.8309352517985612,-0.6690647482014388,-0.9280575539568345,-0.3129496402877698,-0.4748201438848921,-0.39568345323741005,-0.7014388489208633,-0.45323741007194246,-0.8669064748201439,-0.5035971223021583,-1.0,-0.19784172661870503,-0.42805755395683454,-0.25539568345323743,-0.6007194244604317,-0.3129496402877698,-0.7158273381294964,-0.37410071942446044,-0.8093525179856115
4,0.0,0.0,-0.20503597122302158,-0.007194244604316547,-0.3920863309352518,-0.046762589928057555,-0.5251798561151079,0.017985611510791366,-0.6007194244604317,0.12589928057553956,-0.4784172661870504,-0.39928057553956836,-0.6258992805755396,-0.5179856115107914,-0.7122302158273381,-0.45323741007194246,-0.7589928057553957,-0.35611510791366907,-0.4172661870503597,-0.4676258992805755,-0.5215827338129496,-0.6942446043165468,-0.60431654676259,-0.8345323741007195,-0.6654676258992805,-0.9388489208633094,-0.3129496402877698,-0.4712230215827338,-0.38848920863309355,-0.7014388489208633,-0.44964028776978415,-0.8669064748201439,-0.5035971223021583,-1.0,-0.19424460431654678,-0.4244604316546763,-0.2517985611510791,-0.6007194244604317,-0.3129496402877698,-0.7122302158273381,-0.3776978417266187,-0.802158273381295
4,0.0,0.0,-0.21223021582733814,-0.007194244604316547,-0.4064748201438849,-0.0539568345323741,-0.5431654676258992,0.007194244604316547,-0.6187050359712231,0.12589928057553956,-0.4784172661870504,-0.4064748201438849,-0.6258992805755396,-0.5143884892086331,-0.7158273381294964,-0.4568345323741007,-0.762589928057554,-0.36330935251798563,-0.420863309352518,-0.4748201438848921,-0.5287769784172662,-0.697841726618705,-0.6115107913669064,-0.8345323741007195,-0.6690647482014388,-0.935251798561151,-0.32014388489208634,-0.48201438848920863,-0.39928057553956836,-0.7086330935251799,-0.4568345323741007,-0.8705035971223022,-0.5071942446043165,-1.0,-0.20503597122302158,-0.43884892086330934,-0.25539568345323743,-0.6115107913669064,-0.3129496402877698,-0.7194244604316546,-0.3776978417266187,-0.8057553956834532
4,0.0,0.0,-0.20577617328519857,-0.010830324909747292,-0.3971119133574007,-0.05415162454873646,-0.5342960288808665,0.01444043321299639,-0.6173285198555957,0.11913357400722022,-0.48014440433212996,-0.40794223826714804,-0.631768953068592,-0.5306859205776173,-0.7111913357400722,-0.4657039711191336,-0.7581227436823105,-0.36823104693140796,-0.4187725631768953,-0.4729241877256318,-0.5306859205776173,-0.6967509025270758,-0.6209386281588448,-0.8267148014440433,-0.6895306859205776,-0.9205776173285198,-0.3176895306859206,-0.47653429602888087,-0.4007220216606498,-0.7075812274368231,-0.4657039711191336,-0.8700361010830325,-0.51985559566787,-1.0,-0.20216606498194944,-0.4332129963898917,-0.26353790613718414,-0.6064981949458483,-0.3249097472924188,-0.7148014440433214,-0.3935018050541516,-0.8050541516245487
4,0.0,0.0,-0.21532846715328466,-0.010948905109489052,-0.4124087591240876,-0.058394160583941604,-0.5474452554744526,0.010948905109489052,-0.6240875912408759,0.12043795620437957,-0.48905109489051096,-0.4124087591240876,-0.6423357664233577,-0.5401459854014599,-0.7226277372262774,-0.4708029197080292,-0.7664233576642335,-0.3686131386861314,-0.42700729927007297,-0.4744525547445255,-0.5437956204379562,-0.7007299270072993,-0.635036496350365,-0.8284671532846716,-0.7043795620437956,-0.9197080291970803,-0.32116788321167883,-0.4744525547445255,-0.41605839416058393,-0.7043795620437956,-0.4781021897810219,-0.8686131386861314,-0.5328467153284672,-1.0,-0.20437956204379562,-0.42700729927007297,-0.27007299270072993,-0.5985401459854015,-0.3357664233576642,-0.7153284671532847,-0.40145985401459855,-0.8102189781021898
4,0.0,0.0,-0.20714285714285716,-0.014285714285714285,-0.3964285714285714,-0.060714285714285714,-0.5285714285714286,0.0035714285714285713,-0.6142857142857143,0.11071428571428571,-0.475,-0.42142857142857143,-0.6285714285714286,-0.5428571428571428,-0.7107142857142857,-0.4785714285714286,-0.7535714285714286,-0.3821428571428571,-0.41785714285714287,-0.48214285714285715,-0.5392857142857143,-0.7035714285714286,-0.6285714285714286,-0.8285714285714286,-0.6928571428571428,-0.9214285714285714,-0.3142857142857143,-0.48214285714285715,-0.4035714285714286,-0.7107142857142857,-0.4642857142857143,-0.8678571428571429,-0.5142857142857142,-1.0,-0.19642857142857142,-0.4357142857142857,-0.2642857142857143,-0.6071428571428571,-0.32857142857142857,-0.7178571428571429,-0.3964285714285714,-0.8107142857142857
4,0.0,0.0,-0.20863309352517986,-0.01079136690647482,-0.4028776978417266,-0.05755395683453238,-0.5431654676258992,0.007194244604316547,-0.6258992805755396,0.11870503597122302,-0.48201438848920863,-0.4172661870503597,-0.6330935251798561,-0.5467625899280576,-0.7158273381294964,-0.48201438848920863,-0.7589928057553957,-0.381294964028777,-0.420863309352518,-0.4784172661870504,-0.5359712230215827,-0.7050359712230215,-0.6223021582733813,-0.8345323741007195,-0.6906474820143885,-0.9280575539568345,-0.32014388489208634,-0.4748201438848921,-0.4028776978417266,-0.7050359712230215,-0.46402877697841727,-0.8669064748201439,-0.5179856115107914,-1.0,-0.20503597122302158,-0.42805755395683454,-0.2697841726618705,-0.5971223021582733,-0.3345323741007194,-0.7086330935251799,-0.39928057553956836,-0.802158273381295
4,0.0,0.0,-0.21611721611721613,-0.007326007326007326,-0.4139194139194139,-0.054945054945054944,-0.5531135531135531,0.01098901098901099,-0.6410256410256411,0.12454212454212454,-0.4945054945054945,-0.4249084249084249,-0.6446886446886447,-0.5604395604395604,-0.7252747252747253,-0.5018315018315018,-0.7728937728937729,-0.40293040293040294,-0.42857142857142855,-0.4835164835164835,-0.5457875457875457,-0.7142857142857143,-0.6373626373626373,-0.8424908424908425,-0.7142857142857143,-0.9340659340659341,-0.31868131868131866,-0.47985347985347987,-0.40293040293040294,-0.7106227106227107,-0.4725274725274725,-0.8681318681318682,-0.5347985347985348,-1.0,-0.19413919413919414,-0.42857142857142855,-0.26373626373626374,-0.6043956043956044,-0.32967032967032966,-0.717948717948718,-0.3992673992673993,-0.8095238095238095
4,0.0,0.0,-0.21481481481481482,-0.014814814814814815,-0.4148148148148148,-0.04814814814814815,-0.5444444444444444,0.025925925925925925,-0.6259259259259259,0.14074074074074075,-0.4888888888888889,-0.42962962962962964,-0.6481481481481481,-0.5666666666666667,-0.7222222222222222,-0.5074074074074074,-0.7666666666666667,-0.4074074074074074,-0.4185185185185185,-0.4925925925925926,-0.5518518518518518,-0.7111111111111111,-0.6518518518518519,-0.8333333333333334,-0.737037037037037,-0.9222222222222223,-0.3074074074074074,-0.4888888888888889,-0.3962962962962963,-0.7185185185185186,-0.4666666666666667,-0.8740740740740741,-0.5333333333333333,-1.0,-0.17777777777777778,-0.43703703703703706,-0.24074074074074073,-0.6037037037037037,-0.3037037037037037,-0.7111111111111111,-0.37407407407407406,-0.8
4,0.0,0.0,-0.22426470588235295,-0.014705882352941176,-0.43014705882352944,-0.05514705882352941,-0.5625,0.01838235294117647,-0.6397058823529411,0.1323529411764706,-0.4889705882352941,-0.4338235294117647,-0.6433823529411765,-0.5808823529411765,-0.7279411764705882,-0.5257352941176471,-0.7757352941176471,-0.4264705882352941,-0.4227941176470588,-0.4889705882352941,-0.5588235294117647,-0.7242647058823529,-0.6691176470588235,-0.8455882352941176,-0.7610294117647058,-0.9301470588235294,-0.3161764705882353,-0.4852941176470588,-0.41544117647058826,-0.7205882352941176,-0.49264705882352944,-0.875,-0.5661764705882353,-1.0,-0.1948529411764706,-0.4375,-0.25735294117647056,-0.6029411764705882,-0.3235294117647059,-0.7132352941176471,-0.39705882352941174,-0.8014705882352942
4,0.0,0.0,-0.21978021978021978,-0.018315018315018316,-0.4175824175824176,-0.054945054945054944,-0.5457875457875457,0.01098901098901099,-0.6336996336996337,0.12454212454212454,-0.4908424908424908,-0.43223443223443225,-0.6483516483516484,-0.5824175824175825,-0.7216117216117216,-0.5164835164835165,-0.7655677655677655,-0.4139194139194139,-0.42124542124542125,-0.4945054945054945,-0.5531135531135531,-0.7289377289377289,-0.6556776556776557,-0.8534798534798534,-0.7435897435897436,-0.9413919413919414,-0.31135531135531136,-0.48717948717948717,-0.3992673992673993,-0.7216117216117216,-0.4725274725274725,-0.8754578754578755,-0.5421245421245421,-1.0,-0.18315018315018314,-0.4358974358974359,-0.2454212454212454,-0.608058608058608,-0.31135531135531136,-0.7142857142857143,-0.38461538461538464,-0.8058608058608059
4,0.0,0.0,-0.23381294964028776,-0.02158273381294964,-0.4352517985611511,-0.06474820143884892,-0.5719424460431655,0.01079136690647482,-0.658273381294964,0.1223021582733813,-0.49640287769784175,-0.4352517985611511,-0.6474820143884892,-0.5827338129496403,-0.7266187050359713,-0.5215827338129496,-0.7769784172661871,-0.4136690647482014,-0.42805755395683454,-0.4892086330935252,-0.5539568345323741,-0.7266187050359713,-0.658273381294964,-0.8489208633093526,-0.7517985611510791,-0.9388489208633094,-0.32014388489208634,-0.4856115107913669,-0.4064748201438849,-0.7158273381294964,-0.4784172661870504,-0.8705035971223022,-0.5467625899280576,-1.0,-0.2014388489208633,-0.4316546762589928,-0.2697841726618705,-0.6007194244604317,-0.3345323741007194,-0.7050359712230215,-0.41007194244604317,-0.7985611510791367
4,0.0,0.0,-0.22021660649819494,-0.018050541516245487,-0.4259927797833935,-0.06859205776173286,-0.5631768953068592,0.0036101083032490976,-0.6570397111913358,0.11913357400722022,-0.5018050541516246,-0.4368231046931408,-0.6534296028880866,-0.5848375451263538,-0.7328519855595668,-0.5234657039711191,-0.7833935018050542,-0.4187725631768953,-0.4332129963898917,-0.49458483754512633,-0.5595667870036101,-0.7328519855595668,-0.6642599277978339,-0.8592057761732852,-0.7545126353790613,-0.9494584837545126,-0.3212996389891697,-0.48736462093862815,-0.4151624548736462,-0.7256317689530686,-0.49097472924187724,-0.8772563176895307,-0.5667870036101083,-1.0,-0.19133574007220217,-0.4368231046931408,-0.259927797833935,-0.6028880866425993,-0.3249097472924188,-0.7111913357400722,-0.4007220216606498,-0.8014440433212996
4,0.0,0.0,-0.22627737226277372,-0.014598540145985401,-0.43795620437956206,-0.06204379562043796,-0.572992700729927,0.010948905109489052,-0.656934306569343,0.12773722627737227,-0.5036496350364964,-0.4306569343065693,-0.656934306569343,-0.5875912408759124,-0.7299270072992701,-0.5218978102189781,-0.7773722627737226,-0.4124087591240876,-0.4343065693430657,-0.48905109489051096,-0.5620437956204379,-0.7335766423357665,-0.6642335766423357,-0.8576642335766423,-0.7518248175182481,-0.948905109489051,-0.3175182481751825,-0.4854014598540146,-0.4197080291970803,-0.7226277372262774,-0.4927007299270073,-0.8722627737226277,-0.5656934306569343,-1.0,-0.1897810218978102,-0.4343065693430657,-0.2591240875912409,-0.6021897810218978,-0.32116788321167883,-0.7116788321167883,-0.39416058394160586,-0.8065693430656934
4,0.0,0.0,-0.2210144927536232,-0.025362318840579712,-0.42391304347826086,-0.06521739130434782,-0.5615942028985508,0.010869565217391304,-0.6521739130434783,0.12681159420289856,-0.4927536231884058,-0.4384057971014493,-0.6521739130434783,-0.5869565217391305,-0.7246376811594203,-0.5181159420289855,-0.7717391304347826,-0.40942028985507245,-0.42028985507246375,-0.5,-0.5471014492753623,-0.7355072463768116,-0.6485507246376812,-0.8586956521739131,-0.7391304347826086,-0.9528985507246377,-0.3007246376811594,-0.4927536231884058,-0.39855072463768115,-0.7246376811594203,-0.4782608695652174,-0.8731884057971014,-0.5543478260869565,-1.0,-0.16666666666666666,-0.4384057971014493,-0.23550724637681159,-0.6086956521739131,-0.3007246376811594,-0.7137681159420289,-0.37681159420289856,-0.8079710144927537
4,0.0,0.0,-0.22545454545454546,-0.01818181818181818,-0.43272727272727274,-0.06181818181818182,-0.5672727272727273,0.01090909090909091,-0.6472727272727272,0.12727272727272726,-0.5018181818181818,-0.43272727272727274,-0.6618181818181819,-0.5890909090909091,-0.730909090909091,-0.52,-0.7709090909090909,-0.4072727272727273,-0.4290909090909091,-0.4909090909090909,-0.56,-0.7345454545454545,-0.6618181818181819,-0.8581818181818182,-0.7490909090909091,-0.9490909090909091,-0.31272727272727274,-0.48727272727272725,-0.41454545454545455,-0.7236363636363636,-0.4909090909090909,-0.8727272727272727,-0.5636363636363636,-1.0,-0.18181818181818182,-0.43636363636363634,-0.2509090909090909,-0.6036363636363636,-0.32,-0.7127272727272728,-0.3927272727272727,-0.8072727272727273
4,0.0,0.0,-0.21942446043165467,-0.025179856115107913,-0.4172661870503597,-0.06474820143884892,-0.5539568345323741,0.01079136690647482,-0.6402877697841727,0.12589928057553956,-0.4892086330935252,-0.4316546762589928,-0.6402877697841727,-0.5863309352517986,-0.7158273381294964,-0.5215827338129496,-0.7661870503597122,-0.4172661870503597,-0.420863309352518,-0.4892086330935252,-0.5431654676258992,-0.7302158273381295,-0.6474820143884892,-0.8525179856115108,-0.7338129496402878,-0.9460431654676259,-0.3057553956834532,-0.4856115107913669,-0.39568345323741005,-0.7194244604316546,-0.4676258992805755,-0.8741007194244604,-0.5359712230215827,-1.0,-0.17625899280575538,-0.4316546762589928,-0.23741007194244604,-0.6007194244604317,-0.302158273381295,-0.7086330935251799,-0.37050359712230213,-0.802158273381295
4,0.0,0.0,-0.21660649819494585,-0.021660649819494584,-0.4187725631768953,-0.061371841155234655,-0.555956678700361,0.007220216606498195,-0.6498194945848376,0.11913357400722022,-0.48736462093862815,-0.4404332129963899,-0.6425992779783394,-0.5884476534296029,-0.7184115523465704,-0.5306859205776173,-0.7617328519855595,-0.4296028880866426,-0.4151624548736462,-0.4981949458483754,-0.5451263537906137,-0.7328519855595668,-0.6498194945848376,-0.8592057761732852,-0.7364620938628159,-0.9458483754512635,-0.2996389891696751,-0.49458483754512633,-0.3971119133574007,-0.7256317689530686,-0.48014440433212996,-0.8772563176895307,-0.5595667870036101,-1.0,-0.16967509025270758,-0.44404332129963897,-0.22743682310469315,-0.6101083032490975,-0.2924187725631769,-0.7184115523465704,-0.36462093862815886,-0.8086642599277978
4,0.0,0.0,-0.2158273381294964,-0.02877697841726619,-0.4136690647482014,-0.0683453237410072,-0.5431654676258992,0.0035971223021582736,-0.6294964028776978,0.11151079136690648,-0.4784172661870504,-0.4352517985611511,-0.6330935251798561,-0.5827338129496403,-0.7050359712230215,-0.5251798561151079,-0.7517985611510791,-0.4244604316546763,-0.4064748201438849,-0.49280575539568344,-0.539568345323741,-0.7302158273381295,-0.6366906474820144,-0.8561151079136691,-0.7194244604316546,-0.9460431654676259,-0.29136690647482016,-0.4856115107913669,-0.381294964028777,-0.7194244604316546,-0.44964028776978415,-0.8741007194244604,-0.5215827338129496,-1.0,-0.1618705035971223,-0.4316546762589928,-0.22302158273381295,-0.5971223021582733,-0.2805755395683453,-0.7050359712230215,-0.35251798561151076,-0.802158273381295
4,0.0,0.0,-0.21721311475409835,-0.028688524590163935,-0.4139344262295082,-0.06967213114754098,-0.5450819672131147,-0.01639344262295082,-0.639344262295082,0.09836065573770492,-0.48360655737704916,-0.44672131147540983,-0.6680327868852459,-0.4959016393442623,-0.7704918032786885,-0.4385245901639344,-0.8483606557377049,-0.3524590163934426,-0.4016393442622951,-0.5122950819672131,-0.5245901639344263,-0.7336065573770492,-0.6352459016393442,-0.8319672131147541,-0.7377049180327869,-0.8770491803278688,-0.2827868852459016,-0.5081967213114754,-0.3401639344262295,-0.7540983606557377,-0.4180327868852459,-0.9016393442622951,-0.4959016393442623,-1.0,-0.1598360655737705,-0.4385245901639344,-0.20901639344262296,-0.6229508196721312,-0.27459016393442626,-0.7377049180327869,-0.3524590163934426,-0.8278688524590164
4,0.0,0.0,-0.23008849557522124,-0.02654867256637168,-0.4336283185840708,-0.08849557522123894,-0.588495575221239,-0.030973451327433628,-0.6902654867256637,0.08849557522123894,-0.48672566371681414,-0.48672566371681414,-0.6902654867256637,-0.5575221238938053,-0.7831858407079646,-0.4911504424778761,-0.8407079646017699,-0.3805309734513274,-0.40707964601769914,-0.5619469026548672,-0.5088495575221239,-0.7920353982300885,-0.6371681415929203,-0.8672566371681416,-0.7522123893805309,-0.8539823008849557,-0.28761061946902655,-0.5530973451327433,-0.3230088495575221,-0.8141592920353983,-0.4247787610619469,-0.9424778761061947,-0.5221238938053098,-1.0,-0.17699115044247787,-0.4778761061946903,-0.19911504424778761,-0.6592920353982301,-0.2743362831858407,-0.7699115044247787,-0.3672566371681416,-0.8451327433628318
4,0.0,0.0,-0.23555555555555555,-0.02666666666666667,-0.44,-0.08444444444444445,-0.5911111111111111,-0.02666666666666667,-0.6977777777777778,0.09777777777777778,-0.48444444444444446,-0.4888888888888889,-0.6888888888888889,-0.56,-0.7911111111111111,-0.4888888888888889,-0.8577777777777778,-0.37777777777777777,-0.40444444444444444,-0.5644444444444444,-0.52,-0.7866666666666666,-0.6488888888888888,-0.8622222222222222,-0.7688888888888888,-0.8533333333333334,-0.29333333333333333,-0.5555555555555556,-0.3333333333333333,-0.8266666666666667,-0.44,-0.9511111111111111,-0.5466666666666666,-1.0,-0.18222222222222223,-0.48,-0.2088888888888889,-0.6622222222222223,-0.29777777777777775,-0.7688888888888888,-0.40444444444444444,-0.8311111111111111
4,0.0,0.0,-0.242152466367713,-0.026905829596412557,-0.4484304932735426,-0.07623318385650224,-0.6053811659192825,-0.008968609865470852,-0.7130044843049327,0.11210762331838565,-0.5067264573991032,-0.49327354260089684,-0.7219730941704036,-0.5695067264573991,-0.8251121076233184,-0.49327354260089684,-0.8878923766816144,-0.37668161434977576,-0.4170403587443946,-0.5650224215246636,-0.5291479820627802,-0.7892376681614349,-0.6636771300448431,-0.8609865470852018,-0.7892376681614349,-0.852017937219731,-0.2914798206278027,-0.5515695067264574,-0.3452914798206278,-0.820627802690583,-0.45739910313901344,-0.9461883408071748,-0.5650224215246636,-1.0,-0.17488789237668162,-0.4663677130044843,-0.21524663677130046,-0.6412556053811659,-0.3094170403587444,-0.7488789237668162,-0.42152466367713004,-0.8116591928251121
4,0.0,0.0,-0.23529411764705882,-0.02262443438914027,-0.4434389140271493,-0.07239819004524888,-0.5972850678733032,-0.013574660633484163,-0.7058823529411765,0.1085972850678733,-0.49321266968325794,-0.49321266968325794,-0.7104072398190046,-0.5701357466063348,-0.8099547511312217,-0.4841628959276018,-0.8687782805429864,-0.3665158371040724,-0.40271493212669685,-0.5656108597285068,-0.5248868778280543,-0.7963800904977375,-0.6561085972850679,-0.8642533936651584,-0.7782805429864253,-0.8506787330316742,-0.28054298642533937,-0.5565610859728507,-0.334841628959276,-0.8280542986425339,-0.45248868778280543,-0.9502262443438914,-0.5610859728506787,-1.0,-0.1583710407239819,-0.47058823529411764,-0.20361990950226244,-0.6515837104072398,-0.2986425339366516,-0.755656108597285,-0.40271493212669685,-0.8235294117647058
4,0.0,0.0,-0.22466960352422907,-0.02643171806167401,-0.43612334801762115,-0.08370044052863436,-0.5903083700440529,-0.013215859030837005,-0.6916299559471366,0.10572687224669604,-0.4845814977973568,-0.4889867841409692,-0.6916299559471366,-0.5770925110132159,-0.7841409691629956,-0.5022026431718062,-0.8414096916299559,-0.3876651982378855,-0.4052863436123348,-0.5638766519823789,-0.5198237885462555,-0.7973568281938326,-0.6519823788546255,-0.8678414096916299,-0.7709251101321586,-0.8502202643171806,-0.28634361233480177,-0.5594713656387665,-0.3392070484581498,-0.8281938325991189,-0.44933920704845814,-0.9515418502202643,-0.5594713656387665,-1.0,-0.16299559471365638,-0.4889867841409692,-0.2026431718061674,-0.6740088105726872,-0.28634361233480177,-0.775330396475771,-0.3920704845814978,-0.8370044052863436
4,0.0,0.0,-0.22033898305084745,-0.0211864406779661,-0.4279661016949153,-0.07627118644067797,-0.5847457627118644,-0.00847457627118644,-0.690677966101695,0.11016949152542373,-0.461864406779661,-0.4872881355932203,-0.6652542372881356,-0.5805084745762712,-0.7542372881355932,-0.5127118644067796,-0.809322033898305,-0.3983050847457627,-0.3771186440677966,-0.5635593220338984,-0.4915254237288136,-0.788135593220339,-0.6228813559322034,-0.8559322033898306,-0.7457627118644068,-0.847457627118644,-0.25,-0.559322033898305,-0.3093220338983051,-0.8135593220338984,-0.4194915254237288,-0.9364406779661016,-0.5254237288135594,-1.0,-0.1228813559322034,-0.4872881355932203,-0.1694915254237288,-0.6610169491525424,-0.25,-0.7627118644067796,-0.3474576271186441,-0.8347457627118644
4,0.0,0.0,-0.22784810126582278,-0.016877637130801686,-0.4388185654008439,-0.06751054852320675,-0.5991561181434599,0.008438818565400843,-0.7088607594936709,0.1308016877637131,-0.48945147679324896,-0.4810126582278481,-0.6877637130801688,-0.569620253164557,-0.7763713080168776,-0.4978902953586498,-0.8354430379746836,-0.3755274261603376,-0.4008438818565401,-0.5611814345991561,-0.510548523206751,-0.7932489451476793,-0.6455696202531646,-0.8649789029535865,-0.7679324894514767,-0.8438818565400844,-0.270042194092827,-0.5569620253164557,-0.3291139240506329,-0.8227848101265823,-0.4388185654008439,-0.9451476793248945,-0.5443037974683544,-1.0,-0.14345991561181434,-0.48523206751054854,-0.18143459915611815,-0.6624472573839663,-0.2616033755274262,-0.7721518987341772,-0.35864978902953587,-0.8438818565400844
5,0.0,0.0,0.32456140350877194,0.05263157894736842,0.6666666666666666,0.07894736842105263,0.5789473684210527,0.22807017543859648,0.3333333333333333,0.3508771929824561,0.6578947368421053,-0.4649122807017544,0.6578947368421053,-0.6140350877192983,0.6140350877192983,-0.7807017543859649,0.5701754385964912,-1.0,0.2894736842105263,-0.6929824561403509,0.20175438596491227,-0.13157894736842105,0.24561403508771928,0.15789473684210525,0.3157894736842105,0.12280701754385964,-0.06140350877192982,-0.6929824561403509,-0.09649122807017543,0.017543859649122806,0.02631578947368421,0.16666666666666666,0.12280701754385964,0.02631578947368421,-0.35964912280701755,-0.5964912280701754,-0.3684210526315789,-0.03508771929824561,-0.2631578947368421,0.12280701754385964,-0.18421052631578946,0.02631578947368421
5,0.0,0.0,0.3211009174311927,0.06422018348623854,0.6605504587155964,0.11009174311926606,0.5871559633027523,0.26605504587155965,0.3302752293577982,0.3944954128440367,0.6697247706422018,-0.47706422018348627,0.6972477064220184,-0.6238532110091743,0.6697247706422018,-0.7889908256880734,0.6513761467889908,-1.0,0.29357798165137616,-0.7064220183486238,0.21100917431192662,-0.09174311926605505,0.24770642201834864,0.1559633027522936,0.30275229357798167,0.06422018348623854,-0.06422018348623854,-0.6880733944954128,-0.09174311926605505,0.05504587155963303,0.03669724770642202,0.1926605504587156,0.13761467889908258,0.027522935779816515,-0.3761467889908257,-0.5871559633027523,-0.3669724770642202,-0.027522935779816515,-0.27522935779816515,0.11926605504587157,-0.2018348623853211,0.03669724770642202
5,0.0,0.0,0.3063063063063063,0.06306306306306306,0.6216216216216216,0.11711711711711711,0.5495495495495496,0.26126126126126126,0.3153153153153153,0.34234234234234234,0.6576576576576577,-0.43243243243243246,0.6846846846846847,-0.5765765765765766,0.6576576576576577,-0.7747747747747747,0.6216216216216216,-1.0,0.3063063063063063,-0.6756756756756757,0.24324324324324326,-0.04504504504504504,0.2702702702702703,0.15315315315315314,0.2882882882882883,0.0990990990990991,-0.04504504504504504,-0.6666666666666666,-0.07207207207207207,0.05405405405405406,0.02702702702702703,0.12612612612612611,0.10810810810810811,-0.02702702702702703,-0.35135135135135137,-0.5675675675675675,-0.35135135135135137,-0.009009009009009009,-0.27927927927927926,0.0990990990990991,-0.21621621621621623,-0.009009009009009009
5,0.0,0.0,0.3211009174311927,0.05504587155963303,0.6697247706422018,0.11009174311926606,0.5871559633027523,0.24770642201834864,0.29357798165137616,0.3761467889908257,0.6880733944954128,-0.47706422018348627,0.6972477064220184,-0.5871559633027523,0.6697247706422018,-0.7614678899082569,0.6513761467889908,-1.0,0.3211009174311927,-0.7339449541284404,0.23853211009174313,-0.05504587155963303,0.24770642201834864,0.21100917431192662,0.29357798165137616,0.12844036697247707,-0.045871559633027525,-0.7155963302752294,-0.07339449541284404,0.06422018348623854,0.045871559633027525,0.1926605504587156,0.13761467889908258,0.01834862385321101,-0.3669724770642202,-0.5871559633027523,-0.3577981651376147,0.0,-0.25688073394495414,0.12844036697247707,-0.2018348623853211,0.027522935779816515
5,0.0,0.0,0.3181818181818182,0.06363636363636363,0.6454545454545455,0.1,0.5636363636363636,0.2545454545454545,0.3,0.37272727272727274,0.6636363636363637,-0.4818181818181818,0.6818181818181818,-0.6181818181818182,0.6545454545454545,-0.7818181818181819,0.6363636363636364,-1.0,0.3090909090909091,-0.7272727272727273,0.21818181818181817,-0.1,0.2545454545454545,0.19090909090909092,0.32727272727272727,0.14545454545454545,-0.05454545454545454,-0.7181818181818181,-0.09090909090909091,0.045454545454545456,0.03636363636363636,0.20909090909090908,0.15454545454545454,0.07272727272727272,-0.36363636363636365,-0.6181818181818182,-0.36363636363636365,-0.045454545454545456,-0.2636363636363636,0.11818181818181818,-0.18181818181818182,0.045454545454545456
5,0.0,0.0,0.3333333333333333,0.07407407407407407,0.6759259259259259,0.12962962962962962,0.5833333333333334,0.28703703703703703,0.3055555555555556,0.4074074074074074,0.6851851851851852,-0.46296296296296297,0.7222222222222222,-0.6111111111111112,0.6944444444444444,-0.7777777777777778,0.6666666666666666,-1.0,0.3148148148148148,-0.7129629629629629,0.23148148148148148,-0.12037037037037036,0.25925925925925924,0.1574074074074074,0.32407407407407407,0.1111111111111111,-0.046296296296296294,-0.6944444444444444,-0.08333333333333333,0.05555555555555555,0.037037037037037035,0.19444444444444445,0.1388888888888889,0.037037037037037035,-0.3611111111111111,-0.5925925925925926,-0.3425925925925926,-0.018518518518518517,-0.25,0.1388888888888889,-0.17592592592592593,0.046296296296296294
5,0.0,0.0,0.36363636363636365,0.0707070707070707,0.7070707070707071,0.16161616161616163,0.5959595959595959,0.35353535353535354,0.32323232323232326,0.48484848484848486,0.7676767676767676,-0.4444444444444444,0.7777777777777778,-0.5454545454545454,0.7676767676767676,-0.7474747474747475,0.7373737373737373,-1.0,0.37373737373737376,-0.7171717171717171,0.26262626262626265,-0.010101010101010102,0.30303030303030304,0.2222222222222222,0.3434343434343434,0.16161616161616163,-0.030303030303030304,-0.7272727272727273,-0.10101010101010101,0.13131313131313133,0.04040404040404041,0.24242424242424243,0.15151515151515152,0.0707070707070707,-0.3838383838383838,-0.6161616161616161,-0.40404040404040403,0.030303030303030304,-0.30303030303030304,0.16161616161616163,-0.23232323232323232,0.050505050505050504
5,0.0,0.0,0.38,0.06,0.74,0.1,0.6,0.3,0.29,0.47,0.75,-0.51,0.75,-0.6,0.73,-0.77,0.7,-1.0,0.34,-0.75,0.24,-0.08,0.29,0.2,0.35,0.15,-0.06,-0.72,-0.1,0.11,0.04,0.25,0.16,0.09,-0.41,-0.61,-0.4,0.04,-0.3,0.19,-0.22,0.08
5,0.0,0.0,0.35051546391752575,0.08247422680412371,0.7010309278350515,0.17525773195876287,0.6082474226804123,0.3711340206185567,0.31958762886597936,0.5051546391752577,0.7835051546391752,-0.4845360824742268,0.7628865979381443,-0.5670103092783505,0.7422680412371134,-0.7525773195876289,0.7010309278350515,-1.0,0.36082474226804123,-0.7319587628865979,0.24742268041237114,-0.041237113402061855,0.26804123711340205,0.24742268041237114,0.30927835051546393,0.21649484536082475,-0.07216494845360824,-0.7216494845360825,-0.12371134020618557,0.13402061855670103,0.020618556701030927,0.27835051546391754,0.13402061855670103,0.13402061855670103,-0.422680412371134,-0.5979381443298969,-0.422680412371134,0.07216494845360824,-0.31958762886597936,0.2268041237113402,-0.2268041237113402,0.12371134020618557
5,0.0,0.0,0.3645833333333333,0.07291666666666667,0.7291666666666666,0.14583333333333334,0.625,0.3229166666666667,0.3229166666666667,0.4479166666666667,0.78125,-0.5,0.7916666666666666,-0.5833333333333334,0.7604166666666666,-0.7604166666666666,0.7395833333333334,-1.0,0.3854166666666667,-0.7604166666666666,0.2604166666666667,-0.07291666666666667,0.28125,0.19791666666666666,0.3229166666666667,0.14583333333333334,-0.020833333333333332,-0.7604166666666666,-0.10416666666666667,0.0625,0.010416666666666666,0.20833333333333334,0.11458333333333333,0.052083333333333336,-0.375,-0.6458333333333334,-0.3958333333333333,0.0,-0.3020833333333333,0.16666666666666666,-0.22916666666666666,0.07291666666666667
5,0.0,0.0,0.3263157894736842,0.08421052631578947,0.6421052631578947,0.16842105263157894,0.5684210526315789,0.3263157894736842,0.29473684210526313,0.4105263157894737,0.7473684210526316,-0.4842105263157895,0.7578947368421053,-0.5578947368421052,0.7473684210526316,-0.7578947368421053,0.7473684210526316,-1.0,0.3684210526315789,-0.7578947368421053,0.24210526315789474,-0.042105263157894736,0.24210526315789474,0.16842105263157894,0.2736842105263158,0.09473684210526316,-0.031578947368421054,-0.7578947368421053,-0.14736842105263157,0.07368421052631578,-0.042105263157894736,0.1368421052631579,0.06315789473684211,-0.031578947368421054,-0.4,-0.6421052631578947,-0.45263157894736844,-0.021052631578947368,-0.3684210526315789,0.06315789473684211,-0.29473684210526313,-0.06315789473684211
5,0.0,0.0,0.33707865168539325,0.10112359550561797,0.6966292134831461,0.20224719101123595,0.6067415730337079,0.3595505617977528,0.3258426966292135,0.42696629213483145,0.7752808988764045,-0.47191011235955055,0.8202247191011236,-0.5730337078651685,0.797752808988764,-0.7752808988764045,0.7865168539325843,-1.0,0.38202247191011235,-0.7640449438202247,0.2808988764044944,0.0,0.29213483146067415,0.24719101123595505,0.3258426966292135,0.19101123595505617,-0.033707865168539325,-0.7640449438202247,-0.0898876404494382,0.12359550561797752,0.011235955056179775,0.19101123595505617,0.10112359550561797,0.011235955056179775,-0.39325842696629215,-0.6404494382022472,-0.4044943820224719,0.02247191011235955,-0.3258426966292135,0.12359550561797752,-0.2808988764044944,-0.02247191011235955
5,0.0,0.0,0.34523809523809523,0.09523809523809523,0.75,0.16666666666666666,0.6428571428571429,0.35714285714285715,0.30952380952380953,0.5,0.7738095238095238,-0.5,0.7976190476190477,-0.6190476190476191,0.7738095238095238,-0.7857142857142857,0.7619047619047619,-1.0,0.35714285714285715,-0.7976190476190477,0.25,-0.03571428571428571,0.2857142857142857,0.2261904761904762,0.3333333333333333,0.14285714285714285,-0.047619047619047616,-0.7857142857142857,-0.10714285714285714,0.11904761904761904,0.023809523809523808,0.2261904761904762,0.13095238095238096,0.023809523809523808,-0.4166666666666667,-0.6666666666666666,-0.4166666666666667,0.023809523809523808,-0.3333333333333333,0.14285714285714285,-0.27380952380952384,0.011904761904761904
5,0.0,0.0,0.35802469135802467,0.08641975308641975,0.7654320987654321,0.13580246913580246,0.6172839506172839,0.32098765432098764,0.2716049382716049,0.4691358024691358,0.7654320987654321,-0.5061728395061729,0.7901234567901234,-0.6172839506172839,0.7654320987654321,-0.7901234567901234,0.7530864197530864,-1.0,0.345679012345679,-0.8148148148148148,0.2345679012345679,-0.08641975308641975,0.2716049382716049,0.20987654320987653,0.3333333333333333,0.1728395061728395,-0.07407407407407407,-0.8148148148148148,-0.13580246913580246,0.08641975308641975,-0.012345679012345678,0.2222222222222222,0.09876543209876543,0.024691358024691357,-0.43209876543209874,-0.7037037037037037,-0.4444444444444444,-0.012345679012345678,-0.35802469135802467,0.13580246913580246,-0.2839506172839506,-0.012345679012345678
5,0.0,0.0,0.37037037037037035,0.07407407407407407,0.7407407407407407,0.16049382716049382,0.6296296296296297,0.32098765432098764,0.2962962962962963,0.43209876543209874,0.8024691358024691,-0.49382716049382713,0.8024691358024691,-0.5925925925925926,0.7777777777777778,-0.7654320987654321,0.7654320987654321,-1.0,0.3950617283950617,-0.8024691358024691,0.24691358024691357,-0.07407407407407407,0.2962962962962963,0.18518518518518517,0.35802469135802467,0.14814814814814814,-0.024691358024691357,-0.8148148148148148,-0.1111111111111111,0.07407407407407407,0.024691358024691357,0.20987654320987653,0.14814814814814814,0.06172839506172839,-0.38271604938271603,-0.7037037037037037,-0.41975308641975306,-0.012345679012345678,-0.3333333333333333,0.12345679012345678,-0.24691358024691357,0.0
5,0.0,0.0,0.4444444444444444,0.12698412698412698,0.9047619047619048,0.2222222222222222,0.7301587301587301,0.4444444444444444,0.30158730158730157,0.5873015873015873,0.9206349206349206,-0.5873015873015873,0.9365079365079365,-0.6825396825396826,0.8888888888888888,-0.8095238095238095,0.8412698412698413,-1.0,0.42857142857142855,-0.9206349206349206,0.2857142857142857,0.047619047619047616,0.31746031746031744,0.31746031746031744,0.36507936507936506,0.1746031746031746,-0.07936507936507936,-0.9206349206349206,-0.1746031746031746,0.19047619047619047,-0.015873015873015872,0.30158730158730157,0.12698412698412698,0.015873015873015872,-0.5238095238095238,-0.7777777777777778,-0.5555555555555556,0.07936507936507936,-0.42857142857142855,0.20634920634920634,-0.3333333333333333,0.031746031746031744
5,0.0,0.0,0.3333333333333333,0.06666666666666667,0.6933333333333334,0.14666666666666667,0.5733333333333334,0.30666666666666664,0.28,0.41333333333333333,0.7333333333333333,-0.49333333333333335,0.76,-0.5733333333333334,0.76,-0.76,0.76,-1.0,0.3466666666666667,-0.8,0.22666666666666666,-0.05333333333333334,0.25333333333333335,0.18666666666666668,0.29333333333333333,0.09333333333333334,-0.05333333333333334,-0.8,-0.12,0.08,0.0,0.16,0.10666666666666667,-0.04,-0.4,-0.68,-0.41333333333333333,-0.013333333333333334,-0.32,0.12,-0.24,-0.013333333333333334
5,0.0,0.0,0.2553191489361702,0.02127659574468085,0.5212765957446809,0.06382978723404255,0.46808510638297873,0.18085106382978725,0.26595744680851063,0.26595744680851063,0.5851063829787234,-0.44680851063829785,0.6170212765957447,-0.6063829787234043,0.6170212765957447,-0.7978723404255319,0.6382978723404256,-1.0,0.2872340425531915,-0.6808510638297872,0.20212765957446807,-0.13829787234042554,0.24468085106382978,0.0851063829787234,0.2765957446808511,0.10638297872340426,-0.031914893617021274,-0.6595744680851063,-0.07446808510638298,-0.010638297872340425,0.031914893617021274,0.09574468085106383,0.10638297872340426,0.010638297872340425,-0.30851063829787234,-0.5531914893617021,-0.32978723404255317,-0.0425531914893617,-0.26595744680851063,0.07446808510638298,-0.2127659574468085,0.0
5,0.0,0.0,0.171875,0.0234375,0.375,0.046875,0.3203125,0.0703125,0.171875,0.109375,0.4140625,-0.4296875,0.46875,-0.6484375,0.484375,-0.8203125,0.4921875,-1.0,0.1875,-0.5859375,0.15625,-0.28125,0.1484375,-0.0625,0.171875,-0.03125,-0.0390625,-0.5859375,-0.0625,-0.1875,-0.015625,-0.046875,0.03125,-0.09375,-0.2421875,-0.5078125,-0.2578125,-0.1953125,-0.203125,-0.0625,-0.15625,-0.0859375
5,0.0,0.0,0.15555555555555556,0.037037037037037035,0.35555555555555557,0.05185185185185185,0.2814814814814815,0.06666666666666667,0.11851851851851852,0.07407407407407407,0.37777777777777777,-0.4074074074074074,0.43703703703703706,-0.6444444444444445,0.4740740740740741,-0.8222222222222222,0.48148148148148145,-1.0,0.15555555555555556,-0.5555555555555556,0.1259259259259259,-0.3111111111111111,0.11851851851851852,-0.05925925925925926,0.14074074074074075,-0.022222222222222223,-0.06666666666666667,-0.5481481481481482,-0.08888888888888889,-0.21481481481481482,-0.044444444444444446,-0.044444444444444446,0.0,-0.06666666666666667,-0.25925925925925924,-0.4740740740740741,-0.2740740740740741,-0.2,-0.2,-0.05185185185185185,-0.13333333333333333,-0.05185185185185185
5,0.0,0.0,0.1619718309859155,0.02112676056338028,0.3591549295774648,0.014084507042253521,0.2676056338028169,0.014084507042253521,0.09859154929577464,0.02112676056338028,0.352112676056338,-0.43661971830985913,0.4084507042253521,-0.6619718309859155,0.4225352112676056,-0.8309859154929577,0.4295774647887324,-1.0,0.14084507042253522,-0.5704225352112676,0.11971830985915492,-0.33098591549295775,0.11267605633802817,-0.09154929577464789,0.1267605633802817,-0.04929577464788732,-0.07042253521126761,-0.5633802816901409,-0.09859154929577464,-0.24647887323943662,-0.04929577464788732,-0.07746478873239436,0.0,-0.09154929577464789,-0.2535211267605634,-0.49295774647887325,-0.2746478873239437,-0.2323943661971831,-0.19718309859154928,-0.07042253521126761,-0.1267605633802817,-0.056338028169014086
5,0.0,0.0,0.174496644295302,-0.020134228187919462,0.3624161073825503,-0.053691275167785234,0.3288590604026846,-0.020134228187919462,0.20134228187919462,0.04697986577181208,0.33557046979865773,-0.4429530201342282,0.3624161073825503,-0.6711409395973155,0.3624161073825503,-0.8322147651006712,0.35570469798657717,-1.0,0.11409395973154363,-0.5369127516778524,0.1476510067114094,-0.28859060402684567,0.1610738255033557,-0.10067114093959731,0.1610738255033557,-0.10067114093959731,-0.087248322147651,-0.4966442953020134,-0.03355704697986577,-0.18791946308724833,0.013422818791946308,-0.0738255033557047,0.03355704697986577,-0.12751677852348994,-0.2483221476510067,-0.40939597315436244,-0.20134228187919462,-0.1610738255033557,-0.1342281879194631,-0.053691275167785234,-0.10067114093959731,-0.087248322147651
5,0.0,0.0,0.2546583850931677,-0.11801242236024845,0.39751552795031053,-0.2422360248447205,0.4782608695652174,-0.2795031055900621,0.4968944099378882,-0.22981366459627328,0.18633540372670807,-0.5652173913043478,0.20496894409937888,-0.7267080745341615,0.19254658385093168,-0.8757763975155279,0.16149068322981366,-1.0,0.049689440993788817,-0.5279503105590062,0.33540372670807456,-0.38509316770186336,0.36024844720496896,-0.2422360248447205,0.3105590062111801,-0.20496894409937888,-0.031055900621118012,-0.39751552795031053,0.2732919254658385,-0.21739130434782608,0.2670807453416149,-0.12422360248447205,0.19254658385093168,-0.13043478260869565,-0.06832298136645963,-0.22981366459627328,0.18012422360248448,-0.06832298136645963,0.18633540372670807,-0.012422360248447204,0.11801242236024845,-0.031055900621118012
5,0.0,0.0,0.24375,-0.175,0.4,-0.31875,0.525,-0.3625,0.55625,-0.2875,0.15625,-0.5875,0.2,-0.75,0.19375,-0.8875,0.16875,-1.0,0.05,-0.525,0.36875,-0.425,0.39375,-0.29375,0.3375,-0.25625,-0.00625,-0.375,0.33125,-0.25,0.33125,-0.15625,0.25625,-0.14375,-0.01875,-0.20625,0.26875,-0.10625,0.29375,-0.05,0.23125,-0.0375
5,0.0,0.0,0.20833333333333334,-0.22916666666666666,0.4097222222222222,-0.3888888888888889,0.5972222222222222,-0.4305555555555556,0.7222222222222222,-0.4027777777777778,0.16666666666666666,-0.6041666666666666,0.22916666666666666,-0.75,0.22916666666666666,-0.8888888888888888,0.1875,-1.0,0.09722222222222222,-0.5,0.5138888888888888,-0.4652777777777778,0.5486111111111112,-0.3402777777777778,0.4791666666666667,-0.2847222222222222,0.08333333333333333,-0.3263888888888889,0.4861111111111111,-0.2638888888888889,0.4791666666666667,-0.1736111111111111,0.3819444444444444,-0.1527777777777778,0.11805555555555555,-0.1388888888888889,0.4583333333333333,-0.08333333333333333,0.4583333333333333,-0.041666666666666664,0.375,-0.034722222222222224
5,0.0,0.0,0.21678321678321677,-0.23076923076923078,0.4125874125874126,-0.3986013986013986,0.5804195804195804,-0.45454545454545453,0.6783216783216783,-0.44755244755244755,0.14685314685314685,-0.6083916083916084,0.2097902097902098,-0.7412587412587412,0.1888111888111888,-0.8881118881118881,0.13286713286713286,-1.0,0.06993006993006994,-0.5034965034965035,0.48951048951048953,-0.46153846153846156,0.5734265734265734,-0.34265734265734266,0.5594405594405595,-0.27972027972027974,0.055944055944055944,-0.32167832167832167,0.46153846153846156,-0.25874125874125875,0.4825174825174825,-0.17482517482517482,0.4125874125874126,-0.13986013986013987,0.09090909090909091,-0.13286713286713286,0.4195804195804196,-0.08391608391608392,0.46153846153846156,-0.055944055944055944,0.4125874125874126,-0.04895104895104895
5,0.0,0.0,0.22602739726027396,-0.22602739726027396,0.4178082191780822,-0.410958904109589,0.5753424657534246,-0.4726027397260274,0.6301369863013698,-0.410958904109589,0.13013698630136986,-0.589041095890411,0.1643835616438356,-0.7465753424657534,0.1506849315068493,-0.8904109589041096,0.0958904109589041,-1.0,0.04794520547945205,-0.4931506849315068,0.4452054794520548,-0.4657534246575342,0.5205479452054794,-0.3356164383561644,0.4863013698630137,-0.2945205479452055,0.0273972602739726,-0.3287671232876712,0.4315068493150685,-0.2602739726027397,0.4315068493150685,-0.1780821917808219,0.3493150684931507,-0.1643835616438356,0.06164383561643835,-0.1506849315068493,0.3972602739726027,-0.10273972602739725,0.410958904109589,-0.06164383561643835,0.3424657534246575,-0.0547945205479452
5,0.0,0.0,0.22448979591836735,-0.22448979591836735,0.41496598639455784,-0.4217687074829932,0.5850340136054422,-0.48299319727891155,0.6598639455782312,-0.41496598639455784,0.14965986394557823,-0.5986394557823129,0.19727891156462585,-0.7482993197278912,0.1836734693877551,-0.8843537414965986,0.1360544217687075,-1.0,0.06802721088435375,-0.5102040816326531,0.47619047619047616,-0.47619047619047616,0.54421768707483,-0.3401360544217687,0.5102040816326531,-0.2857142857142857,0.05442176870748299,-0.3401360544217687,0.46258503401360546,-0.2653061224489796,0.4557823129251701,-0.1836734693877551,0.3673469387755102,-0.16326530612244897,0.08843537414965986,-0.16326530612244897,0.42857142857142855,-0.10884353741496598,0.43537414965986393,-0.06802721088435375,0.3673469387755102,-0.061224489795918366
5,0.0,0.0,0.23448275862068965,-0.22758620689655173,0.4413793103448276,-0.42758620689655175,0.6068965517241379,-0.503448275862069,0.6689655172413793,-0.4482758620689655,0.15862068965517243,-0.6137931034482759,0.22758620689655173,-0.7517241379310344,0.2206896551724138,-0.8896551724137931,0.1793103448275862,-1.0,0.0896551724137931,-0.5103448275862069,0.496551724137931,-0.47586206896551725,0.5586206896551724,-0.3448275862068966,0.5172413793103449,-0.30344827586206896,0.07586206896551724,-0.33793103448275863,0.47586206896551725,-0.27586206896551724,0.47586206896551725,-0.19310344827586207,0.4,-0.1793103448275862,0.11724137931034483,-0.15862068965517243,0.4482758620689655,-0.1103448275862069,0.46206896551724136,-0.07586206896551724,0.4,-0.07586206896551724
5,0.0,0.0,0.2206896551724138,-0.22758620689655173,0.4,-0.4,0.5655172413793104,-0.46206896551724136,0.6482758620689655,-0.41379310344827586,0.13793103448275862,-0.6,0.1793103448275862,-0.7448275862068966,0.1724137931034483,-0.8896551724137931,0.12413793103448276,-1.0,0.05517241379310345,-0.503448275862069,0.46206896551724136,-0.4689655172413793,0.5379310344827586,-0.3310344827586207,0.496551724137931,-0.2827586206896552,0.034482758620689655,-0.32413793103448274,0.4413793103448276,-0.2620689655172414,0.45517241379310347,-0.1793103448275862,0.3724137931034483,-0.15862068965517243,0.06896551724137931,-0.14482758620689656,0.4,-0.0896551724137931,0.4413793103448276,-0.06206896551724138,0.3931034482758621,-0.06896551724137931
5,0.0,0.0,0.20134228187919462,-0.22818791946308725,0.3691275167785235,-0.40268456375838924,0.5369127516778524,-0.4563758389261745,0.6308724832214765,-0.4161073825503356,0.12751677852348994,-0.5838926174496645,0.15436241610738255,-0.7516778523489933,0.14093959731543623,-0.8926174496644296,0.09395973154362416,-1.0,0.053691275167785234,-0.4966442953020134,0.4429530201342282,-0.4899328859060403,0.5100671140939598,-0.35570469798657717,0.4697986577181208,-0.2953020134228188,0.04697986577181208,-0.33557046979865773,0.436241610738255,-0.2953020134228188,0.436241610738255,-0.20134228187919462,0.3422818791946309,-0.174496644295302,0.09395973154362416,-0.1610738255033557,0.4161073825503356,-0.12751677852348994,0.42953020134228187,-0.08053691275167785,0.348993288590604,-0.06711409395973154
5,0.0,0.0,0.21656050955414013,-0.20382165605095542,0.3630573248407643,-0.3630573248407643,0.49044585987261147,-0.4394904458598726,0.5796178343949044,-0.445859872611465,0.11464968152866242,-0.5859872611464968,0.12101910828025478,-0.7452229299363057,0.08917197452229299,-0.8853503184713376,0.025477707006369428,-1.0,0.03821656050955414,-0.5031847133757962,0.40764331210191085,-0.4840764331210191,0.49044585987261147,-0.3630573248407643,0.46496815286624205,-0.3057324840764331,0.025477707006369428,-0.34394904458598724,0.39490445859872614,-0.29936305732484075,0.4140127388535032,-0.21019108280254778,0.33121019108280253,-0.17834394904458598,0.06369426751592357,-0.17834394904458598,0.36942675159235666,-0.14012738853503184,0.3885350318471338,-0.09554140127388536,0.3248407643312102,-0.08917197452229299
5,0.0,0.0,0.21656050955414013,-0.20382165605095542,0.3503184713375796,-0.36942675159235666,0.47770700636942676,-0.45222929936305734,0.554140127388535,-0.4394904458598726,0.08917197452229299,-0.5859872611464968,0.08917197452229299,-0.7515923566878981,0.050955414012738856,-0.89171974522293,-0.01910828025477707,-1.0,0.006369426751592357,-0.5031847133757962,0.37579617834394907,-0.5095541401273885,0.46496815286624205,-0.37579617834394907,0.4394904458598726,-0.31210191082802546,0.0,-0.3503184713375796,0.36942675159235666,-0.3184713375796178,0.39490445859872614,-0.2229299363057325,0.31210191082802546,-0.18471337579617833,0.044585987261146494,-0.1910828025477707,0.35668789808917195,-0.1592356687898089,0.3821656050955414,-0.10828025477707007,0.3248407643312102,-0.10191082802547771
5,0.0,0.0,0.2138364779874214,-0.20754716981132076,0.3584905660377358,-0.3710691823899371,0.49056603773584906,-0.44654088050314467,0.5723270440251572,-0.44025157232704404,0.10062893081761007,-0.5786163522012578,0.1069182389937107,-0.7484276729559748,0.07547169811320754,-0.8930817610062893,0.018867924528301886,-1.0,0.03773584905660377,-0.5031446540880503,0.39622641509433965,-0.5031446540880503,0.4716981132075472,-0.3710691823899371,0.4339622641509434,-0.32075471698113206,0.031446540880503145,-0.3522012578616352,0.4025157232704403,-0.31446540880503143,0.4088050314465409,-0.2138364779874214,0.3270440251572327,-0.18867924528301888,0.07547169811320754,-0.20125786163522014,0.3836477987421384,-0.15723270440251572,0.3836477987421384,-0.10062893081761007,0.31446540880503143,-0.0880503144654088
5,0.0,0.0,0.20625,-0.20625,0.3375,-0.375,0.46875,-0.45,0.55625,-0.4375,0.0875,-0.575,0.09375,-0.74375,0.06875,-0.8875,0.0125,-1.0,0.01875,-0.49375,0.38125,-0.50625,0.46875,-0.38125,0.44375,-0.3125,0.0125,-0.34375,0.38125,-0.31875,0.39375,-0.225,0.3125,-0.1875,0.0625,-0.19375,0.36875,-0.1625,0.3875,-0.1125,0.33125,-0.1
5,0.0,0.0,0.18471337579617833,-0.22929936305732485,0.3375796178343949,-0.39490445859872614,0.4840764331210191,-0.4585987261146497,0.5859872611464968,-0.4394904458598726,0.10191082802547771,-0.5859872611464968,0.12101910828025478,-0.7515923566878981,0.09554140127388536,-0.89171974522293,0.044585987261146494,-1.0,0.03184713375796178,-0.4968152866242038,0.40764331210191085,-0.5095541401273885,0.47770700636942676,-0.3821656050955414,0.445859872611465,-0.3184713375796178,0.025477707006369428,-0.3375796178343949,0.40764331210191085,-0.3184713375796178,0.40764331210191085,-0.2229299363057325,0.3248407643312102,-0.1910828025477707,0.08280254777070063,-0.16560509554140126,0.39490445859872614,-0.15286624203821655,0.40764331210191085,-0.10191082802547771,0.3375796178343949,-0.08917197452229299
5,0.0,0.0,0.20125786163522014,-0.20754716981132076,0.3522012578616352,-0.3710691823899371,0.4968553459119497,-0.4528301886792453,0.5974842767295597,-0.4716981132075472,0.1320754716981132,-0.5849056603773585,0.15723270440251572,-0.7547169811320755,0.13836477987421383,-0.8930817610062893,0.09433962264150944,-1.0,0.06918238993710692,-0.5094339622641509,0.4339622641509434,-0.5345911949685535,0.5094339622641509,-0.4025157232704403,0.4779874213836478,-0.33962264150943394,0.07547169811320754,-0.3584905660377358,0.44654088050314467,-0.33962264150943394,0.44025157232704404,-0.2389937106918239,0.3584905660377358,-0.2138364779874214,0.1320754716981132,-0.20125786163522014,0.4276729559748428,-0.1761006289308176,0.42138364779874216,-0.11949685534591195,0.33962264150943394,-0.11320754716981132
5,0.0,0.0,0.15,-0.20625,0.3125,-0.375,0.49375,-0.43125,0.61875,-0.41875,0.11875,-0.5625,0.15625,-0.74375,0.14375,-0.8875,0.1,-1.0,0.0625,-0.48125,0.4375,-0.50625,0.48125,-0.38125,0.4375,-0.3125,0.06875,-0.33125,0.44375,-0.31875,0.425,-0.225,0.3375,-0.19375,0.125,-0.16875,0.4375,-0.1625,0.41875,-0.1125,0.33125,-0.09375
5,0.0,0.0,0.14285714285714285,-0.2111801242236025,0.2981366459627329,-0.38509316770186336,0.4720496894409938,-0.4472049689440994,0.5838509316770186,-0.4472049689440994,0.12422360248447205,-0.5527950310559007,0.16149068322981366,-0.7391304347826086,0.16149068322981366,-0.8819875776397516,0.13043478260869565,-1.0,0.08074534161490683,-0.4782608695652174,0.453416149068323,-0.5217391304347826,0.4968944099378882,-0.391304347826087,0.4472049689440994,-0.32298136645962733,0.09316770186335403,-0.33540372670807456,0.45962732919254656,-0.32919254658385094,0.4409937888198758,-0.2360248447204969,0.35403726708074534,-0.20496894409937888,0.14906832298136646,-0.18012422360248448,0.4472049689440994,-0.17391304347826086,0.42857142857142855,-0.11801242236024845,0.34782608695652173,-0.10559006211180125
5,0.0,0.0,0.13071895424836602,-0.22875816993464052,0.3006535947712418,-0.41830065359477125,0.48366013071895425,-0.49673202614379086,0.6078431372549019,-0.5163398692810458,0.1503267973856209,-0.5620915032679739,0.21568627450980393,-0.7450980392156863,0.2222222222222222,-0.8823529411764706,0.1830065359477124,-1.0,0.11764705882352941,-0.47058823529411764,0.5294117647058824,-0.5098039215686274,0.5620915032679739,-0.39869281045751637,0.49673202614379086,-0.3464052287581699,0.13725490196078433,-0.3137254901960784,0.5359477124183006,-0.3137254901960784,0.5032679738562091,-0.22875816993464052,0.4117647058823529,-0.20915032679738563,0.20261437908496732,-0.1503267973856209,0.5228758169934641,-0.13725490196078433,0.49673202614379086,-0.09803921568627451,0.4117647058823529,-0.08496732026143791
5,0.0,0.0,0.10457516339869281,-0.21568627450980393,0.29411764705882354,-0.37254901960784315,0.5032679738562091,-0.42483660130718953,0.6143790849673203,-0.38562091503267976,0.12418300653594772,-0.5163398692810458,0.16993464052287582,-0.7124183006535948,0.16993464052287582,-0.869281045751634,0.1437908496732026,-1.0,0.08496732026143791,-0.42483660130718953,0.49019607843137253,-0.45098039215686275,0.5163398692810458,-0.32679738562091504,0.43137254901960786,-0.26143790849673204,0.09803921568627451,-0.2679738562091503,0.5032679738562091,-0.26143790849673204,0.49019607843137253,-0.1830065359477124,0.39215686274509803,-0.1503267973856209,0.1568627450980392,-0.09803921568627451,0.49019607843137253,-0.10457516339869281,0.48366013071895425,-0.058823529411764705,0.39215686274509803,-0.0392156862745098
5,0.0,0.0,0.075,-0.20625,0.18125,-0.4,0.28125,-0.5375,0.31875,-0.63125,0.1125,-0.5125,0.16875,-0.7125,0.175,-0.875,0.1375,-1.0,0.08125,-0.43125,0.4625,-0.475,0.50625,-0.3625,0.45,-0.3,0.1,-0.2875,0.475,-0.2875,0.45,-0.2,0.3625,-0.175,0.15625,-0.13125,0.46875,-0.13125,0.4375,-0.075,0.34375,-0.05625
5,0.0,0.0,0.08888888888888889,-0.19444444444444445,0.21666666666666667,-0.36666666666666664,0.39444444444444443,-0.4388888888888889,0.5277777777777778,-0.4444444444444444,0.08888888888888889,-0.5222222222222223,0.12222222222222222,-0.7222222222222222,0.12222222222222222,-0.8722222222222222,0.10555555555555556,-1.0,0.05,-0.45555555555555555,0.4222222222222222,-0.5111111111111111,0.46111111111111114,-0.3888888888888889,0.39444444444444443,-0.31666666666666665,0.07777777777777778,-0.32222222222222224,0.43333333333333335,-0.3388888888888889,0.4222222222222222,-0.24444444444444444,0.3277777777777778,-0.2111111111111111,0.1388888888888889,-0.18333333333333332,0.43333333333333335,-0.19444444444444445,0.4111111111111111,-0.12777777777777777,0.32222222222222224,-0.1111111111111111
5,0.0,0.0,0.15897435897435896,-0.18461538461538463,0.28717948717948716,-0.3435897435897436,0.4205128205128205,-0.4256410256410256,0.5076923076923077,-0.4307692307692308,0.07692307692307693,-0.5435897435897435,0.09743589743589744,-0.7282051282051282,0.09743589743589744,-0.8769230769230769,0.07179487179487179,-1.0,0.03076923076923077,-0.48205128205128206,0.3641025641025641,-0.5384615384615384,0.39487179487179486,-0.40512820512820513,0.3230769230769231,-0.3384615384615385,0.041025641025641026,-0.358974358974359,0.36923076923076925,-0.37948717948717947,0.3641025641025641,-0.28205128205128205,0.27692307692307694,-0.2512820512820513,0.09743589743589744,-0.2205128205128205,0.3641025641025641,-0.2358974358974359,0.358974358974359,-0.17435897435897435,0.28205128205128205,-0.14871794871794872
5,0.0,0.0,0.15920398009950248,-0.18407960199004975,0.2885572139303483,-0.3482587064676617,0.42786069651741293,-0.43283582089552236,0.5174129353233831,-0.42786069651741293,0.07960199004975124,-0.5422885572139303,0.1044776119402985,-0.7313432835820896,0.0945273631840796,-0.8756218905472637,0.06965174129353234,-1.0,0.03482587064676617,-0.47761194029850745,0.3582089552238806,-0.5422885572139303,0.3880597014925373,-0.417910447761194,0.31840796019900497,-0.3482587064676617,0.04975124378109453,-0.35323383084577115,0.373134328358209,-0.38308457711442784,0.36318407960199006,-0.2885572139303483,0.2736318407960199,-0.2537313432835821,0.1044776119402985,-0.22388059701492538,0.3681592039800995,-0.23880597014925373,0.3582089552238806,-0.1791044776119403,0.2885572139303483,-0.14925373134328357
5,0.0,0.0,0.14903846153846154,-0.1971153846153846,0.25961538461538464,-0.36538461538461536,0.38461538461538464,-0.44711538461538464,0.47596153846153844,-0.44711538461538464,0.052884615384615384,-0.5576923076923077,0.07692307692307693,-0.7451923076923077,0.0673076923076923,-0.8894230769230769,0.038461538461538464,-1.0,0.014423076923076924,-0.4951923076923077,0.3317307692307692,-0.5625,0.375,-0.4375,0.3173076923076923,-0.3701923076923077,0.03365384615384615,-0.375,0.35096153846153844,-0.40865384615384615,0.34615384615384615,-0.3125,0.2692307692307692,-0.27403846153846156,0.09134615384615384,-0.24519230769230768,0.34615384615384615,-0.25961538461538464,0.34134615384615385,-0.1971153846153846,0.2692307692307692,-0.16826923076923078
5,0.0,0.0,0.2102803738317757,-0.1588785046728972,0.3037383177570093,-0.32242990654205606,0.3925233644859813,-0.4392523364485981,0.4719626168224299,-0.49065420560747663,0.07476635514018691,-0.5747663551401869,0.10747663551401869,-0.7476635514018691,0.102803738317757,-0.8878504672897196,0.08411214953271028,-1.0,0.02336448598130841,-0.5186915887850467,0.3177570093457944,-0.5560747663551402,0.3598130841121495,-0.4252336448598131,0.3130841121495327,-0.3598130841121495,0.03271028037383177,-0.411214953271028,0.32242990654205606,-0.4205607476635514,0.32710280373831774,-0.3130841121495327,0.2616822429906542,-0.2757009345794392,0.07476635514018691,-0.2850467289719626,0.3130841121495327,-0.26635514018691586,0.308411214953271,-0.19626168224299065,0.24766355140186916,-0.17289719626168223
5,0.0,0.0,0.24651162790697675,-0.11627906976744186,0.3813953488372093,-0.24651162790697675,0.5116279069767442,-0.31627906976744186,0.6325581395348837,-0.3488372093023256,0.19069767441860466,-0.5488372093023256,0.22325581395348837,-0.7302325581395349,0.2372093023255814,-0.8790697674418605,0.2372093023255814,-1.0,0.09302325581395349,-0.5255813953488372,0.3581395348837209,-0.5023255813953489,0.39069767441860465,-0.35348837209302325,0.35348837209302325,-0.27906976744186046,0.037209302325581395,-0.4325581395348837,0.3116279069767442,-0.386046511627907,0.3209302325581395,-0.2651162790697674,0.2651162790697674,-0.2186046511627907,0.023255813953488372,-0.3116279069767442,0.2372093023255814,-0.26046511627906976,0.24651162790697675,-0.1813953488372093,0.19534883720930232,-0.15813953488372093
5,0.0,0.0,0.2079207920792079,-0.0891089108910891,0.35148514851485146,-0.20297029702970298,0.46534653465346537,-0.2623762376237624,0.5247524752475248,-0.2722772277227723,0.20297029702970298,-0.5445544554455446,0.2376237623762376,-0.7326732673267327,0.24257425742574257,-0.8762376237623762,0.2376237623762376,-1.0,0.07425742574257425,-0.5346534653465347,0.28217821782178215,-0.45544554455445546,0.3118811881188119,-0.30198019801980197,0.2871287128712871,-0.22772277227722773,-0.024752475247524754,-0.44554455445544555,0.19801980198019803,-0.3415841584158416,0.20297029702970298,-0.22772277227722773,0.15346534653465346,-0.18811881188118812,-0.0891089108910891,-0.32673267326732675,0.09405940594059406,-0.2524752475247525,0.10396039603960396,-0.18316831683168316,0.06435643564356436,-0.16831683168316833
5,0.0,0.0,0.18627450980392157,-0.06862745098039216,0.3333333333333333,-0.13725490196078433,0.4117647058823529,-0.19117647058823528,0.3480392156862745,-0.21568627450980393,0.21568627450980393,-0.5196078431372549,0.23039215686274508,-0.7205882352941176,0.23529411764705882,-0.8725490196078431,0.22549019607843138,-1.0,0.058823529411764705,-0.5343137254901961,0.20098039215686275,-0.43137254901960786,0.23039215686274508,-0.24509803921568626,0.21568627450980393,-0.17647058823529413,-0.06862745098039216,-0.46078431372549017,0.09313725490196079,-0.30392156862745096,0.12254901960784313,-0.1715686274509804,0.10294117647058823,-0.14705882352941177,-0.16176470588235295,-0.35784313725490197,-0.029411764705882353,-0.22058823529411764,0.014705882352941176,-0.12745098039215685,0.00980392156862745,-0.11764705882352941
5,0.0,0.0,0.20149253731343283,-0.03731343283582089,0.417910447761194,-0.09701492537313433,0.3805970149253731,-0.08208955223880597,0.23134328358208955,-0.03731343283582089,0.3880597014925373,-0.5746268656716418,0.39552238805970147,-0.7238805970149254,0.373134328358209,-0.8582089552238806,0.35074626865671643,-1.0,0.13432835820895522,-0.6791044776119403,0.14925373134328357,-0.39552238805970147,0.16417910447761194,-0.16417910447761194,0.16417910447761194,-0.13432835820895522,-0.1044776119402985,-0.6268656716417911,-0.06716417910447761,-0.26865671641791045,0.0,-0.11194029850746269,0.03731343283582089,-0.1417910447761194,-0.30597014925373134,-0.5074626865671642,-0.26865671641791045,-0.23880597014925373,-0.1791044776119403,-0.09701492537313433,-0.11940298507462686,-0.1044776119402985
5,0.0,0.0,0.21311475409836064,-0.00819672131147541,0.45901639344262296,-0.05737704918032787,0.39344262295081966,-0.06557377049180328,0.21311475409836064,-0.05737704918032787,0.4180327868852459,-0.6065573770491803,0.4098360655737705,-0.7213114754098361,0.3524590163934426,-0.8442622950819673,0.28688524590163933,-1.0,0.13934426229508196,-0.7295081967213115,0.09836065573770492,-0.45081967213114754,0.13114754098360656,-0.18032786885245902,0.16393442622950818,-0.14754098360655737,-0.11475409836065574,-0.6885245901639344,-0.13114754098360656,-0.3442622950819672,-0.04918032786885246,-0.14754098360655737,0.0,-0.1557377049180328,-0.3442622950819672,-0.5819672131147541,-0.32786885245901637,-0.29508196721311475,-0.22131147540983606,-0.11475409836065574,-0.13934426229508196,-0.11475409836065574
5,0.0,0.0,0.23214285714285715,-0.03571428571428571,0.49107142857142855,-0.07142857142857142,0.45535714285714285,-0.0625,0.25892857142857145,-0.044642857142857144,0.45535714285714285,-0.7142857142857143,0.45535714285714285,-0.7767857142857143,0.41964285714285715,-0.875,0.375,-1.0,0.15178571428571427,-0.8125,0.14285714285714285,-0.5178571428571429,0.17857142857142858,-0.20535714285714285,0.21428571428571427,-0.16071428571428573,-0.13392857142857142,-0.7410714285714286,-0.10714285714285714,-0.375,-0.008928571428571428,-0.14285714285714285,0.05357142857142857,-0.13392857142857142,-0.375,-0.5982142857142857,-0.33035714285714285,-0.30357142857142855,-0.20535714285714285,-0.09821428571428571,-0.10714285714285714,-0.08035714285714286
5,0.0,0.0,0.2608695652173913,-0.03260869565217391,0.5869565217391305,-0.07608695652173914,0.5108695652173914,-0.05434782608695652,0.2608695652173913,-0.010869565217391304,0.5434782608695652,-0.8260869565217391,0.5217391304347826,-0.8478260869565217,0.42391304347826086,-0.8913043478260869,0.31521739130434784,-1.0,0.16304347826086957,-0.967391304347826,0.13043478260869565,-0.5543478260869565,0.1956521739130435,-0.20652173913043478,0.2391304347826087,-0.1956521739130435,-0.18478260869565216,-0.9021739130434783,-0.17391304347826086,-0.40217391304347827,-0.05434782608695652,-0.14130434782608695,0.021739130434782608,-0.1956521739130435,-0.4782608695652174,-0.7608695652173914,-0.44565217391304346,-0.34782608695652173,-0.29347826086956524,-0.11956521739130435,-0.18478260869565216,-0.14130434782608695
5,0.0,0.0,0.2777777777777778,0.0,0.5777777777777777,-0.03333333333333333,0.45555555555555555,0.0,0.2111111111111111,0.022222222222222223,0.5222222222222223,-0.7888888888888889,0.4777777777777778,-0.8,0.37777777777777777,-0.8666666666666667,0.24444444444444444,-1.0,0.14444444444444443,-0.9444444444444444,0.06666666666666667,-0.5222222222222223,0.14444444444444443,-0.17777777777777778,0.2111111111111111,-0.15555555555555556,-0.2111111111111111,-0.8888888888888888,-0.23333333333333334,-0.35555555555555557,-0.1,-0.1,-0.011111111111111112,-0.14444444444444443,-0.5,-0.7444444444444445,-0.4888888888888889,-0.32222222222222224,-0.34444444444444444,-0.08888888888888889,-0.23333333333333334,-0.1
5,0.0,0.0,0.2967032967032967,0.0,0.6483516483516484,-0.054945054945054944,0.5494505494505495,-0.07692307692307693,0.27472527472527475,-0.06593406593406594,0.5714285714285714,-0.8461538461538461,0.5714285714285714,-0.8571428571428571,0.4835164835164835,-0.8901098901098901,0.38461538461538464,-1.0,0.1978021978021978,-0.978021978021978,0.16483516483516483,-0.6263736263736264,0.1978021978021978,-0.2857142857142857,0.23076923076923078,-0.2857142857142857,-0.14285714285714285,-0.9120879120879121,-0.15384615384615385,-0.4945054945054945,-0.054945054945054944,-0.21978021978021978,0.02197802197802198,-0.25274725274725274,-0.42857142857142855,-0.7802197802197802,-0.4065934065934066,-0.43956043956043955,-0.27472527472527475,-0.1978021978021978,-0.16483516483516483,-0.18681318681318682
5,0.0,0.0,0.27906976744186046,0.023255813953488372,0.6046511627906976,0.011627906976744186,0.45348837209302323,0.023255813953488372,0.1744186046511628,0.046511627906976744,0.6162790697674418,-0.7674418604651163,0.5813953488372093,-0.8372093023255814,0.4418604651162791,-0.8953488372093024,0.2558139534883721,-1.0,0.23255813953488372,-0.9651162790697675,0.10465116279069768,-0.5697674418604651,0.16279069767441862,-0.18604651162790697,0.2441860465116279,-0.11627906976744186,-0.12790697674418605,-0.9418604651162791,-0.20930232558139536,-0.4418604651162791,-0.10465116279069768,-0.16279069767441862,-0.023255813953488372,-0.1744186046511628,-0.43023255813953487,-0.8255813953488372,-0.46511627906976744,-0.4186046511627907,-0.3372093023255814,-0.16279069767441862,-0.22093023255813954,-0.16279069767441862
5,0.0,0.0,0.3176470588235294,0.023529411764705882,0.6470588235294118,-0.023529411764705882,0.4588235294117647,-0.047058823529411764,0.1411764705882353,-0.023529411764705882,0.5882352941176471,-0.8352941176470589,0.5294117647058824,-0.8705882352941177,0.38823529411764707,-0.8823529411764706,0.25882352941176473,-1.0,0.2235294117647059,-0.9882352941176471,0.11764705882352941,-0.6588235294117647,0.17647058823529413,-0.3058823529411765,0.24705882352941178,-0.3176470588235294,-0.10588235294117647,-0.9647058823529412,-0.21176470588235294,-0.5294117647058824,-0.09411764705882353,-0.24705882352941178,0.0,-0.2823529411764706,-0.38823529411764707,-0.8705882352941177,-0.4470588235294118,-0.49411764705882355,-0.3176470588235294,-0.24705882352941178,-0.2,-0.25882352941176473
5,0.0,0.0,0.25882352941176473,0.07058823529411765,0.5058823529411764,0.10588235294117647,0.38823529411764707,0.07058823529411765,0.17647058823529413,-0.03529411764705882,0.6352941176470588,-0.6705882352941176,0.5411764705882353,-0.788235294117647,0.38823529411764707,-0.8941176470588236,0.23529411764705882,-1.0,0.3176470588235294,-0.8823529411764706,0.09411764705882353,-0.5176470588235295,0.1411764705882353,-0.17647058823529413,0.24705882352941178,-0.12941176470588237,-0.023529411764705882,-0.8941176470588236,-0.2,-0.43529411764705883,-0.10588235294117647,-0.18823529411764706,0.011764705882352941,-0.21176470588235294,-0.3058823529411765,-0.8,-0.4235294117647059,-0.43529411764705883,-0.3058823529411765,-0.2,-0.17647058823529413,-0.2
5,0.0,0.0,0.2261904761904762,0.07142857142857142,0.47619047619047616,0.09523809523809523,0.38095238095238093,0.07142857142857142,0.19047619047619047,0.023809523809523808,0.5714285714285714,-0.6309523809523809,0.5119047619047619,-0.7738095238095238,0.36904761904761907,-0.8928571428571429,0.2261904761904762,-1.0,0.27380952380952384,-0.8214285714285714,0.05952380952380952,-0.5119047619047619,0.08333333333333333,-0.17857142857142858,0.17857142857142858,-0.11904761904761904,-0.047619047619047616,-0.8333333333333334,-0.2261904761904762,-0.44047619047619047,-0.14285714285714285,-0.19047619047619047,-0.03571428571428571,-0.17857142857142858,-0.30952380952380953,-0.7380952380952381,-0.42857142857142855,-0.42857142857142855,-0.32142857142857145,-0.20238095238095238,-0.20238095238095238,-0.16666666666666666
5,0.0,0.0,0.2682926829268293,0.06097560975609756,0.5121951219512195,0.04878048780487805,0.32926829268292684,0.04878048780487805,0.07317073170731707,0.012195121951219513,0.524390243902439,-0.6585365853658537,0.4268292682926829,-0.8048780487804879,0.2804878048780488,-0.8902439024390244,0.13414634146341464,-1.0,0.1951219512195122,-0.8658536585365854,0.012195121951219513,-0.47560975609756095,0.0975609756097561,-0.13414634146341464,0.21951219512195122,-0.04878048780487805,-0.12195121951219512,-0.8780487804878049,-0.2682926829268293,-0.4024390243902439,-0.17073170731707318,-0.13414634146341464,-0.04878048780487805,-0.12195121951219512,-0.3902439024390244,-0.7804878048780488,-0.5,-0.4024390243902439,-0.36585365853658536,-0.17073170731707318,-0.23170731707317074,-0.14634146341463414
5,0.0,0.0,0.24175824175824176,0.054945054945054944,0.4835164835164835,0.054945054945054944,0.38461538461538464,0.04395604395604396,0.17582417582417584,0.02197802197802198,0.5054945054945055,-0.5934065934065934,0.42857142857142855,-0.7362637362637363,0.32967032967032966,-0.8571428571428571,0.21978021978021978,-1.0,0.23076923076923078,-0.7802197802197802,0.02197802197802198,-0.4725274725274725,0.06593406593406594,-0.15384615384615385,0.18681318681318682,-0.12087912087912088,-0.054945054945054944,-0.8021978021978022,-0.25274725274725274,-0.4175824175824176,-0.16483516483516483,-0.17582417582417584,-0.03296703296703297,-0.16483516483516483,-0.2967032967032967,-0.7362637362637363,-0.43956043956043955,-0.4175824175824176,-0.34065934065934067,-0.1978021978021978,-0.2087912087912088,-0.17582417582417584
5,0.0,0.0,0.2222222222222222,0.030303030303030304,0.45454545454545453,0.010101010101010102,0.35353535353535354,-0.010101010101010102,0.1414141414141414,-0.04040404040404041,0.45454545454545453,-0.5959595959595959,0.3939393939393939,-0.7474747474747475,0.30303030303030304,-0.8686868686868687,0.20202020202020202,-1.0,0.1919191919191919,-0.7575757575757576,0.010101010101010102,-0.5050505050505051,0.06060606060606061,-0.20202020202020202,0.1717171717171717,-0.16161616161616163,-0.06060606060606061,-0.7676767676767676,-0.2222222222222222,-0.43434343434343436,-0.15151515151515152,-0.21212121212121213,-0.04040404040404041,-0.21212121212121213,-0.2828282828282828,-0.696969696969697,-0.3939393939393939,-0.43434343434343436,-0.30303030303030304,-0.23232323232323232,-0.18181818181818182,-0.21212121212121213
5,0.0,0.0,0.21212121212121213,0.020202020202020204,0.43434343434343436,-0.020202020202020204,0.31313131313131315,-0.020202020202020204,0.12121212121212122,-0.020202020202020204,0.43434343434343436,-0.5757575757575758,0.43434343434343436,-0.7272727272727273,0.36363636363636365,-0.8686868686868687,0.29292929292929293,-1.0,0.18181818181818182,-0.7373737373737373,0.030303030303030304,-0.494949494949495,0.06060606060606061,-0.21212121212121213,0.13131313131313133,-0.12121212121212122,-0.08080808080808081,-0.7474747474747475,-0.2222222222222222,-0.4444444444444444,-0.1414141414141414,-0.21212121212121213,-0.04040404040404041,-0.16161616161616163,-0.31313131313131315,-0.6767676767676768,-0.3939393939393939,-0.41414141414141414,-0.30303030303030304,-0.21212121212121213,-0.1919191919191919,-0.15151515151515152
5,0.0,0.0,0.2079207920792079,0.019801980198019802,0.43564356435643564,-0.009900990099009901,0.32673267326732675,-0.039603960396039604,0.12871287128712872,-0.0891089108910891,0.45544554455445546,-0.5742574257425742,0.46534653465346537,-0.7128712871287128,0.40594059405940597,-0.8415841584158416,0.3465346534653465,-1.0,0.19801980198019803,-0.7425742574257426,0.06930693069306931,-0.4752475247524752,0.09900990099009901,-0.19801980198019803,0.16831683168316833,-0.13861386138613863,-0.0594059405940594,-0.7425742574257426,-0.16831683168316833,-0.42574257425742573,-0.09900990099009901,-0.19801980198019803,0.0,-0.1782178217821782,-0.2871287128712871,-0.6732673267326733,-0.3564356435643564,-0.40594059405940597,-0.25742574257425743,-0.19801980198019803,-0.15841584158415842,-0.15841584158415842
5,0.0,0.0,0.18691588785046728,0.037383177570093455,0.3925233644859813,0.018691588785046728,0.2803738317757009,-0.028037383177570093,0.08411214953271028,-0.08411214953271028,0.411214953271028,-0.5420560747663551,0.411214953271028,-0.7102803738317757,0.3644859813084112,-0.8504672897196262,0.29906542056074764,-1.0,0.1588785046728972,-0.6915887850467289,0.028037383177570093,-0.48598130841121495,0.056074766355140186,-0.22429906542056074,0.12149532710280374,-0.1588785046728972,-0.08411214953271028,-0.7009345794392523,-0.205607476635514,-0.42990654205607476,-0.1308411214953271,-0.21495327102803738,-0.037383177570093455,-0.17757009345794392,-0.29906542056074764,-0.6448598130841121,-0.37383177570093457,-0.411214953271028,-0.2803738317757009,-0.21495327102803738,-0.17757009345794392,-0.16822429906542055
5,0.0,0.0,0.18867924528301888,0.018867924528301886,0.3867924528301887,-0.018867924528301886,0.3113207547169811,-0.05660377358490566,0.1320754716981132,-0.09433962264150944,0.41509433962264153,-0.5471698113207547,0.41509433962264153,-0.7075471698113207,0.36792452830188677,-0.8490566037735849,0.3018867924528302,-1.0,0.16981132075471697,-0.6981132075471698,0.03773584905660377,-0.4811320754716981,0.05660377358490566,-0.2169811320754717,0.12264150943396226,-0.14150943396226415,-0.0660377358490566,-0.7169811320754716,-0.18867924528301888,-0.4339622641509434,-0.12264150943396226,-0.2169811320754717,-0.03773584905660377,-0.16981132075471697,-0.27358490566037735,-0.6509433962264151,-0.3584905660377358,-0.41509433962264153,-0.2830188679245283,-0.22641509433962265,-0.1792452830188679,-0.16981132075471697
5,0.0,0.0,0.17475728155339806,0.02912621359223301,0.3786407766990291,0.009708737864077669,0.2815533980582524,-0.019417475728155338,0.0970873786407767,-0.05825242718446602,0.39805825242718446,-0.5533980582524272,0.39805825242718446,-0.7184466019417476,0.34951456310679613,-0.8543689320388349,0.2912621359223301,-1.0,0.14563106796116504,-0.6990291262135923,0.038834951456310676,-0.4854368932038835,0.06796116504854369,-0.20388349514563106,0.13592233009708737,-0.1553398058252427,-0.10679611650485436,-0.6990291262135923,-0.20388349514563106,-0.4077669902912621,-0.1262135922330097,-0.1941747572815534,-0.038834951456310676,-0.17475728155339806,-0.32038834951456313,-0.6310679611650486,-0.3786407766990291,-0.3883495145631068,-0.2912621359223301,-0.1941747572815534,-0.1941747572815534,-0.1650485436893204
5,0.0,0.0,0.20202020202020202,0.0,0.4444444444444444,-0.04040404040404041,0.35353535353535354,-0.04040404040404041,0.1414141414141414,-0.020202020202020204,0.42424242424242425,-0.5858585858585859,0.4444444444444444,-0.7171717171717171,0.41414141414141414,-0.8484848484848485,0.36363636363636365,-1.0,0.15151515151515152,-0.7474747474747475,0.06060606060606061,-0.45454545454545453,0.09090909090909091,-0.16161616161616163,0.16161616161616163,-0.09090909090909091,-0.1111111111111111,-0.7474747474747475,-0.18181818181818182,-0.37373737373737376,-0.1111111111111111,-0.15151515151515152,-0.04040404040404041,-0.13131313131313133,-0.35353535353535354,-0.6666666666666666,-0.3939393939393939,-0.36363636363636365,-0.30303030303030304,-0.16161616161616163,-0.21212121212121213,-0.13131313131313133
5,0.0,0.0,0.23232323232323232,0.0,0.5050505050505051,-0.050505050505050504,0.40404040404040403,-0.04040404040404041,0.16161616161616163,0.010101010101010102,0.45454545454545453,-0.696969696969697,0.46464646464646464,-0.8484848484848485,0.41414141414141414,-0.9191919191919192,0.3333333333333333,-1.0,0.12121212121212122,-0.8383838383838383,0.08080808080808081,-0.47474747474747475,0.1414141414141414,-0.15151515151515152,0.18181818181818182,-0.16161616161616163,-0.1717171717171717,-0.7878787878787878,-0.18181818181818182,-0.3434343434343434,-0.08080808080808081,-0.13131313131313133,-0.030303030303030304,-0.20202020202020202,-0.42424242424242425,-0.6767676767676768,-0.40404040404040403,-0.32323232323232326,-0.2828282828282828,-0.13131313131313133,-0.21212121212121213,-0.1717171717171717
5,0.0,0.0,0.32967032967032966,-0.02197802197802198,0.6373626373626373,-0.08791208791208792,0.45054945054945056,0.0,0.16483516483516483,0.12087912087912088,0.4835164835164835,-0.8681318681318682,0.46153846153846156,-0.8131868131868132,0.32967032967032966,-0.8131868131868132,0.21978021978021978,-0.9010989010989011,0.08791208791208792,-1.0,0.02197802197802198,-0.42857142857142855,0.0989010989010989,-0.10989010989010989,0.16483516483516483,-0.13186813186813187,-0.26373626373626374,-0.9120879120879121,-0.2967032967032967,-0.2857142857142857,-0.15384615384615385,-0.02197802197802198,-0.06593406593406594,-0.08791208791208792,-0.5604395604395604,-0.7472527472527473,-0.5494505494505495,-0.26373626373626374,-0.38461538461538464,-0.04395604395604396,-0.26373626373626374,-0.06593406593406594
5,0.0,0.0,0.30851063829787234,0.05319148936170213,0.6702127659574468,0.010638297872340425,0.5212765957446809,0.07446808510638298,0.22340425531914893,0.13829787234042554,0.5957446808510638,-0.776595744680851,0.6382978723404256,-0.8723404255319149,0.5851063829787234,-0.9148936170212766,0.5319148936170213,-1.0,0.19148936170212766,-1.0,0.09574468085106383,-0.3617021276595745,0.1595744680851064,-0.0425531914893617,0.23404255319148937,-0.09574468085106383,-0.1702127659574468,-0.9468085106382979,-0.23404255319148937,-0.2127659574468085,-0.11702127659574468,-0.010638297872340425,-0.02127659574468085,-0.13829787234042554,-0.5,-0.7978723404255319,-0.5212765957446809,-0.2127659574468085,-0.3723404255319149,0.0,-0.24468085106382978,-0.07446808510638298
5,0.0,0.0,0.30927835051546393,0.041237113402061855,0.6597938144329897,0.020618556701030927,0.5154639175257731,0.09278350515463918,0.2268041237113402,0.15463917525773196,0.6494845360824743,-0.7835051546391752,0.6597938144329897,-0.7319587628865979,0.6082474226804123,-0.6804123711340206,0.5773195876288659,-0.7731958762886598,0.2268041237113402,-1.0,0.12371134020618557,-0.28865979381443296,0.20618556701030927,0.0,0.27835051546391754,-0.15463917525773196,-0.16494845360824742,-0.9484536082474226,-0.23711340206185566,-0.16494845360824742,-0.08247422680412371,0.020618556701030927,0.020618556701030927,-0.18556701030927836,-0.4948453608247423,-0.8144329896907216,-0.5257731958762887,-0.1958762886597938,-0.38144329896907214,-0.010309278350515464,-0.25773195876288657,-0.12371134020618557
5,0.0,0.0,0.3473684210526316,0.06315789473684211,0.7263157894736842,0.09473684210526316,0.5578947368421052,0.25263157894736843,0.24210526315789474,0.35789473684210527,0.7684210526315789,-0.7368421052631579,0.8,-0.7052631578947368,0.7157894736842105,-0.6421052631578947,0.631578947368421,-0.6631578947368421,0.3157894736842105,-1.0,0.16842105263157894,-0.16842105263157894,0.22105263157894736,0.1368421052631579,0.28421052631578947,0.021052631578947368,-0.12631578947368421,-0.9789473684210527,-0.23157894736842105,-0.031578947368421054,-0.08421052631578947,0.1368421052631579,0.05263157894736842,-0.09473684210526316,-0.5052631578947369,-0.8526315789473684,-0.5578947368421052,-0.12631578947368421,-0.43157894736842106,0.042105263157894736,-0.3157894736842105,-0.10526315789473684
5,0.0,0.0,0.37894736842105264,0.10526315789473684,0.7894736842105263,0.15789473684210525,0.6210526315789474,0.3473684210526316,0.30526315789473685,0.47368421052631576,0.9052631578947369,-0.6736842105263158,0.9789473684210527,-0.6947368421052632,0.9052631578947369,-0.6421052631578947,0.8105263157894737,-0.6526315789473685,0.4105263157894737,-1.0,0.21052631578947367,-0.11578947368421053,0.24210526315789474,0.25263157894736843,0.3157894736842105,0.09473684210526316,-0.07368421052631578,-0.9894736842105263,-0.21052631578947367,0.07368421052631578,-0.031578947368421054,0.2631578947368421,0.14736842105263157,0.010526315789473684,-0.4842105263157895,-0.8631578947368421,-0.5473684210526316,-0.042105263157894736,-0.4,0.16842105263157894,-0.24210526315789474,0.031578947368421054
5,0.0,0.0,0.33884297520661155,0.08264462809917356,0.6859504132231405,0.14049586776859505,0.5371900826446281,0.2809917355371901,0.24793388429752067,0.36363636363636365,0.7603305785123967,-0.5537190082644629,0.7933884297520661,-0.6528925619834711,0.8016528925619835,-0.7933884297520661,0.8099173553719008,-1.0,0.35537190082644626,-0.8512396694214877,0.19834710743801653,-0.21487603305785125,0.2396694214876033,0.10743801652892562,0.30578512396694213,0.0743801652892562,-0.049586776859504134,-0.8677685950413223,-0.15702479338842976,-0.049586776859504134,-0.024793388429752067,0.12396694214876033,0.10743801652892562,-0.04132231404958678,-0.39669421487603307,-0.768595041322314,-0.4628099173553719,-0.11570247933884298,-0.34710743801652894,0.06611570247933884,-0.2231404958677686,-0.03305785123966942
5,0.0,0.0,0.3140495867768595,0.04132231404958678,0.6363636363636364,0.1652892561983471,0.5206611570247934,0.371900826446281,0.2892561983471074,0.5371900826446281,0.7851239669421488,-0.5041322314049587,0.859504132231405,-0.628099173553719,0.9090909090909091,-0.8099173553719008,0.9421487603305785,-1.0,0.36363636363636365,-0.8016528925619835,0.2644628099173554,-0.024793388429752067,0.2727272727272727,0.2809917355371901,0.2892561983471074,0.2644628099173554,-0.0743801652892562,-0.7851239669421488,-0.1322314049586777,0.1322314049586777,0.0,0.256198347107438,0.09917355371900827,0.08264462809917356,-0.45454545454545453,-0.6528925619834711,-0.48760330578512395,0.03305785123966942,-0.36363636363636365,0.17355371900826447,-0.24793388429752067,0.05785123966942149
5,0.0,0.0,0.24431818181818182,0.0625,0.5056818181818182,0.125,0.39204545454545453,0.2556818181818182,0.17045454545454544,0.3409090909090909,0.5454545454545454,-0.375,0.5795454545454546,-0.5568181818181818,0.6079545454545454,-0.7613636363636364,0.6193181818181818,-1.0,0.23295454545454544,-0.625,0.11363636363636363,-0.07954545454545454,0.16477272727272727,0.125,0.21022727272727273,0.07386363636363637,-0.09090909090909091,-0.6306818181818182,-0.1590909090909091,0.022727272727272728,-0.017045454545454544,0.11363636363636363,0.07954545454545454,-0.028409090909090908,-0.36363636363636365,-0.5454545454545454,-0.375,-0.017045454545454544,-0.2784090909090909,0.09659090909090909,-0.20454545454545456,0.005681818181818182
5,0.0,0.0,0.23671497584541062,0.024154589371980676,0.4830917874396135,0.06280193236714976,0.3719806763285024,0.18840579710144928,0.1642512077294686,0.2995169082125604,0.48792270531400966,-0.4251207729468599,0.5024154589371981,-0.5942028985507246,0.4927536231884058,-0.7729468599033816,0.4782608695652174,-1.0,0.18357487922705315,-0.6328502415458938,0.12077294685990338,-0.08695652173913043,0.1642512077294686,0.1497584541062802,0.19806763285024154,0.09178743961352658,-0.1111111111111111,-0.6183574879227053,-0.14009661835748793,0.004830917874396135,-0.01932367149758454,0.12560386473429952,0.04830917874396135,0.0,-0.357487922705314,-0.5169082125603864,-0.36231884057971014,-0.03864734299516908,-0.2560386473429952,0.09178743961352658,-0.1932367149758454,0.014492753623188406
5,0.0,0.0,0.225,0.0375,0.4625,0.0375,0.35,0.10833333333333334,0.1625,0.175,0.4583333333333333,-0.4041666666666667,0.4375,-0.6,0.39166666666666666,-0.7791666666666667,0.3416666666666667,-1.0,0.17916666666666667,-0.625,0.07083333333333333,-0.1375,0.12916666666666668,0.07916666666666666,0.19583333333333333,0.025,-0.09583333333333334,-0.6375,-0.175,-0.058333333333333334,-0.0375,0.07916666666666666,0.06666666666666667,-0.0125,-0.325,-0.5708333333333333,-0.35,-0.1,-0.225,0.04583333333333333,-0.125,-0.004166666666666667
5,0.0,0.0,0.19291338582677164,0.03543307086614173,0.41732283464566927,0.015748031496062992,0.3188976377952756,0.06692913385826772,0.14566929133858267,0.11023622047244094,0.4409448818897638,-0.4763779527559055,0.4409448818897638,-0.6220472440944882,0.41732283464566927,-0.7834645669291339,0.3937007874015748,-1.0,0.15748031496062992,-0.6968503937007874,0.031496062992125984,-0.1968503937007874,0.10236220472440945,0.03543307086614173,0.19291338582677164,-0.015748031496062992,-0.11023622047244094,-0.7007874015748031,-0.2047244094488189,-0.12992125984251968,-0.07480314960629922,0.023622047244094488,0.03543307086614173,-0.06299212598425197,-0.33070866141732286,-0.6259842519685039,-0.36220472440944884,-0.14566929133858267,-0.24015748031496062,0.011811023622047244,-0.12992125984251968,-0.047244094488188976
5,0.0,0.0,0.19367588932806323,0.023715415019762844,0.4308300395256917,0.003952569169960474,0.3438735177865613,0.08695652173913043,0.1422924901185771,0.15019762845849802,0.4150197628458498,-0.5059288537549407,0.43873517786561267,-0.6284584980237155,0.4268774703557312,-0.7905138339920948,0.39920948616600793,-1.0,0.09090909090909091,-0.7035573122529645,0.03162055335968379,-0.1383399209486166,0.13438735177865613,0.07905138339920949,0.2134387351778656,0.02766798418972332,-0.18972332015810275,-0.6719367588932806,-0.2134387351778656,-0.043478260869565216,-0.05533596837944664,0.09090909090909091,0.04743083003952569,-0.003952569169960474,-0.4150197628458498,-0.5573122529644269,-0.3794466403162055,-0.04743083003952569,-0.22924901185770752,0.10276679841897234,-0.11857707509881422,0.043478260869565216
5,0.0,0.0,0.18421052631578946,-0.0037593984962406013,0.41353383458646614,-0.041353383458646614,0.3609022556390977,0.04887218045112782,0.18796992481203006,0.16541353383458646,0.42105263157894735,-0.5263157894736842,0.47368421052631576,-0.650375939849624,0.48872180451127817,-0.8007518796992481,0.4849624060150376,-1.0,0.09774436090225563,-0.7030075187969925,0.06390977443609022,-0.14285714285714285,0.14661654135338345,0.07142857142857142,0.19548872180451127,0.015037593984962405,-0.19172932330827067,-0.6541353383458647,-0.17293233082706766,-0.02631578947368421,-0.03759398496240601,0.09774436090225563,0.041353383458646614,-0.022556390977443608,-0.40977443609022557,-0.5300751879699248,-0.3458646616541353,-0.015037593984962405,-0.21052631578947367,0.12781954887218044,-0.12030075187969924,0.04887218045112782
5,0.0,0.0,0.22317596566523606,0.02575107296137339,0.48068669527896996,0.04721030042918455,0.4206008583690987,0.20600858369098712,0.22746781115879827,0.3261802575107296,0.463519313304721,-0.4678111587982833,0.5107296137339056,-0.5965665236051502,0.5321888412017167,-0.7725321888412017,0.5321888412017167,-1.0,0.09012875536480687,-0.6566523605150214,0.07296137339055794,0.008583690987124463,0.1888412017167382,0.2532188841201717,0.24892703862660945,0.1759656652360515,-0.2317596566523605,-0.5879828326180258,-0.21030042918454936,0.15021459227467812,-0.030042918454935622,0.2875536480686695,0.07296137339055794,0.15879828326180256,-0.47639484978540775,-0.44206008583690987,-0.40772532188841204,0.15021459227467812,-0.2317596566523605,0.3090128755364807,-0.11587982832618025,0.2446351931330472
5,0.0,0.0,0.1896551724137931,-0.0034482758620689655,0.4068965517241379,-0.027586206896551724,0.33448275862068966,0.06551724137931035,0.16206896551724137,0.15517241379310345,0.3586206896551724,-0.4586206896551724,0.3724137931034483,-0.6275862068965518,0.36551724137931035,-0.803448275862069,0.3448275862068966,-1.0,0.06551724137931035,-0.6275862068965518,0.06896551724137931,-0.11724137931034483,0.1482758620689655,0.041379310344827586,0.1896551724137931,-0.010344827586206896,-0.19310344827586207,-0.5862068965517241,-0.15172413793103448,-0.010344827586206896,-0.02413793103448276,0.05862068965517241,0.04482758620689655,-0.05517241379310345,-0.39655172413793105,-0.47586206896551725,-0.33448275862068966,-0.017241379310344827,-0.22413793103448276,0.07931034482758621,-0.15517241379310345,-0.0034482758620689655
5,0.0,0.0,0.18831168831168832,-0.012987012987012988,0.37987012987012986,-0.048701298701298704,0.2824675324675325,0.05519480519480519,0.11688311688311688,0.16233766233766234,0.2824675324675325,-0.4707792207792208,0.2532467532467532,-0.6331168831168831,0.20454545454545456,-0.7987012987012987,0.13636363636363635,-1.0,-0.00974025974025974,-0.5941558441558441,-0.01948051948051948,-0.10714285714285714,0.09090909090909091,0.07792207792207792,0.1525974025974026,0.0,-0.2532467532467532,-0.5324675324675324,-0.22077922077922077,0.003246753246753247,-0.05519480519480519,0.08766233766233766,0.02922077922077922,-0.025974025974025976,-0.42857142857142855,-0.4155844155844156,-0.37012987012987014,-0.006493506493506494,-0.24025974025974026,0.08441558441558442,-0.16558441558441558,0.00974025974025974
5,0.0,0.0,0.16766467065868262,-0.017964071856287425,0.3383233532934132,-0.06287425149700598,0.25748502994011974,-0.014970059880239521,0.10479041916167664,0.029940119760479042,0.23353293413173654,-0.4940119760479042,0.2245508982035928,-0.6526946107784432,0.19161676646706588,-0.7994011976047904,0.1317365269461078,-1.0,-0.017964071856287425,-0.6197604790419161,-0.07784431137724551,-0.19461077844311378,0.03592814371257485,0.038922155688622756,0.12275449101796407,-0.008982035928143712,-0.23353293413173654,-0.5748502994011976,-0.24850299401197604,-0.10179640718562874,-0.09281437125748503,0.03293413173652695,0.0,-0.038922155688622756,-0.38922155688622756,-0.47005988023952094,-0.3712574850299401,-0.09580838323353294,-0.23353293413173654,0.017964071856287425,-0.1497005988023952,-0.029940119760479042
5,0.0,0.0,0.16566265060240964,-0.02710843373493976,0.3433734939759036,-0.08734939759036145,0.286144578313253,-0.04216867469879518,0.14457831325301204,0.015060240963855422,0.2710843373493976,-0.5060240963855421,0.2740963855421687,-0.6596385542168675,0.23493975903614459,-0.8102409638554217,0.18072289156626506,-1.0,0.009036144578313253,-0.641566265060241,-0.012048192771084338,-0.19879518072289157,0.08132530120481928,-0.009036144578313253,0.14759036144578314,-0.04819277108433735,-0.21385542168674698,-0.5963855421686747,-0.1927710843373494,-0.10542168674698796,-0.060240963855421686,-0.0030120481927710845,0.012048192771084338,-0.08734939759036145,-0.37650602409638556,-0.4819277108433735,-0.32228915662650603,-0.09939759036144578,-0.19578313253012047,0.0030120481927710845,-0.12650602409638553,-0.0572289156626506
5,0.0,0.0,0.1872791519434629,-0.0176678445229682,0.3992932862190813,-0.038869257950530034,0.3674911660777385,0.0706713780918728,0.2332155477031802,0.17314487632508835,0.3568904593639576,-0.4840989399293286,0.36395759717314485,-0.6360424028268551,0.34275618374558303,-0.7985865724381626,0.30742049469964666,-1.0,0.045936395759717315,-0.6219081272084805,0.04946996466431095,-0.09187279151943463,0.1519434628975265,0.10954063604240283,0.21554770318021202,0.053003533568904596,-0.21554770318021202,-0.5547703180212014,-0.16607773851590105,0.0353356890459364,-0.014134275618374558,0.13427561837455831,0.0636042402826855,0.02120141342756184,-0.4028268551236749,-0.4275618374558304,-0.3286219081272085,0.03180212014134275,-0.19434628975265017,0.1413427561837456,-0.11307420494699646,0.0636042402826855
5,0.0,0.0,0.1952054794520548,-0.017123287671232876,0.3938356164383562,-0.03424657534246575,0.339041095890411,0.06506849315068493,0.19863013698630136,0.13356164383561644,0.3424657534246575,-0.4931506849315068,0.3527397260273973,-0.6438356164383562,0.3287671232876712,-0.8047945205479452,0.2842465753424658,-1.0,0.03767123287671233,-0.6267123287671232,0.04794520547945205,-0.11986301369863013,0.15753424657534246,0.06506849315068493,0.2226027397260274,0.017123287671232876,-0.21575342465753425,-0.565068493150685,-0.1678082191780822,-0.00684931506849315,-0.017123287671232876,0.07534246575342465,0.05821917808219178,-0.0273972602739726,-0.4006849315068493,-0.4349315068493151,-0.3219178082191781,-0.010273972602739725,-0.1815068493150685,0.0821917808219178,-0.09931506849315068,0.00684931506849315
5,0.0,0.0,0.18831168831168832,-0.00974025974025974,0.38961038961038963,-0.05519480519480519,0.3051948051948052,0.012987012987012988,0.13636363636363635,0.08116883116883117,0.32792207792207795,-0.4837662337662338,0.3409090909090909,-0.6461038961038961,0.3116883116883117,-0.8084415584415584,0.2662337662337662,-1.0,0.06168831168831169,-0.6363636363636364,0.01948051948051948,-0.2012987012987013,0.09090909090909091,-0.01948051948051948,0.1461038961038961,-0.06168831168831169,-0.17532467532467533,-0.6038961038961039,-0.17532467532467533,-0.09415584415584416,-0.05194805194805195,0.0,0.016233766233766232,-0.09740259740259741,-0.36363636363636365,-0.5032467532467533,-0.3344155844155844,-0.09415584415584416,-0.22077922077922077,0.012987012987012988,-0.1525974025974026,-0.05519480519480519
5,0.0,0.0,0.19666666666666666,0.02666666666666667,0.39,0.013333333333333334,0.30333333333333334,0.07666666666666666,0.14,0.11666666666666667,0.3466666666666667,-0.4266666666666667,0.3466666666666667,-0.6133333333333333,0.31333333333333335,-0.79,0.2633333333333333,-1.0,0.09,-0.6,-0.02,-0.13,0.06666666666666667,0.08,0.16,0.03666666666666667,-0.15,-0.5833333333333334,-0.22666666666666666,-0.056666666666666664,-0.08666666666666667,0.06,0.016666666666666666,-0.016666666666666666,-0.3433333333333333,-0.49666666666666665,-0.37333333333333335,-0.08333333333333333,-0.25666666666666665,0.03666666666666667,-0.16333333333333333,-0.013333333333333334
5,0.0,0.0,0.12101910828025478,0.08280254777070063,0.1942675159235669,0.12420382165605096,0.03821656050955414,0.1305732484076433,-0.1464968152866242,0.06050955414012739,0.2611464968152866,-0.3535031847133758,0.2070063694267516,-0.5700636942675159,0.18789808917197454,-0.7643312101910829,0.1592356687898089,-1.0,0.08917197452229299,-0.5477707006369427,-0.23885350318471338,-0.28343949044585987,-0.16560509554140126,-0.06369426751592357,-0.006369426751592357,-0.0732484076433121,-0.09554140127388536,-0.5923566878980892,-0.36942675159235666,-0.267515923566879,-0.2611464968152866,-0.1178343949044586,-0.1178343949044586,-0.14968152866242038,-0.2515923566878981,-0.5668789808917197,-0.43630573248407645,-0.3057324840764331,-0.33121019108280253,-0.17197452229299362,-0.21019108280254778,-0.17197452229299362
5,0.0,0.0,0.06329113924050633,0.06962025316455696,0.10126582278481013,0.09177215189873418,-0.0759493670886076,0.06962025316455696,-0.25316455696202533,-0.0031645569620253164,0.23417721518987342,-0.3987341772151899,0.21518987341772153,-0.6075949367088608,0.21518987341772153,-0.7943037974683544,0.21518987341772153,-1.0,0.08227848101265822,-0.5854430379746836,-0.2468354430379747,-0.3860759493670886,-0.22784810126582278,-0.14556962025316456,-0.08544303797468354,-0.12658227848101267,-0.08544303797468354,-0.6360759493670886,-0.3829113924050633,-0.39556962025316456,-0.3259493670886076,-0.21518987341772153,-0.189873417721519,-0.22151898734177214,-0.22784810126582278,-0.6234177215189873,-0.43670886075949367,-0.4208860759493671,-0.3670886075949367,-0.2689873417721519,-0.2563291139240506,-0.25
5,0.0,0.0,0.0440251572327044,0.08176100628930817,0.0660377358490566,0.10062893081761007,-0.08490566037735849,0.07861635220125786,-0.23270440251572327,-0.012578616352201259,0.24213836477987422,-0.36477987421383645,0.2169811320754717,-0.5911949685534591,0.2169811320754717,-0.7861635220125787,0.22012578616352202,-1.0,0.1069182389937107,-0.5534591194968553,-0.24842767295597484,-0.39622641509433965,-0.2358490566037736,-0.14465408805031446,-0.0880503144654088,-0.12264150943396226,-0.05660377358490566,-0.6194968553459119,-0.3742138364779874,-0.39622641509433965,-0.32075471698113206,-0.19811320754716982,-0.17295597484276728,-0.1949685534591195,-0.19811320754716982,-0.6257861635220126,-0.41509433962264153,-0.42138364779874216,-0.3522012578616352,-0.2578616352201258,-0.2358490566037736,-0.23270440251572327
5,0.0,0.0,0.012658227848101266,0.09177215189873418,-0.0379746835443038,0.0949367088607595,-0.24050632911392406,-0.006329113924050633,-0.4050632911392405,-0.1550632911392405,0.16139240506329114,-0.3639240506329114,0.16139240506329114,-0.6139240506329114,0.17088607594936708,-0.810126582278481,0.18354430379746836,-1.0,0.060126582278481014,-0.5379746835443038,-0.2721518987341772,-0.5126582278481012,-0.2911392405063291,-0.2563291139240506,-0.15822784810126583,-0.20569620253164558,-0.06645569620253164,-0.620253164556962,-0.3829113924050633,-0.5537974683544303,-0.34810126582278483,-0.3322784810126582,-0.20253164556962025,-0.29430379746835444,-0.17405063291139242,-0.6455696202531646,-0.41139240506329117,-0.5949367088607594,-0.3829113924050633,-0.4208860759493671,-0.28164556962025317,-0.33860759493670883
5,0.0,0.0,-0.0071174377224199285,0.1494661921708185,-0.08540925266903915,0.16370106761565836,-0.3167259786476868,0.042704626334519574,-0.5195729537366548,-0.12099644128113879,0.1387900355871886,-0.3096085409252669,0.1387900355871886,-0.5836298932384342,0.12811387900355872,-0.7864768683274022,0.13523131672597866,-1.0,0.03558718861209965,-0.5302491103202847,-0.36298932384341637,-0.5338078291814946,-0.398576512455516,-0.2526690391459075,-0.2526690391459075,-0.1494661921708185,-0.099644128113879,-0.6476868327402135,-0.4697508896797153,-0.5836298932384342,-0.4483985765124555,-0.3309608540925267,-0.28113879003558717,-0.2491103202846975,-0.2099644128113879,-0.6903914590747331,-0.48398576512455516,-0.6334519572953736,-0.47686832740213525,-0.4234875444839858,-0.3594306049822064,-0.3096085409252669
5,0.0,0.0,-0.06934306569343066,0.15693430656934307,-0.17518248175182483,0.17153284671532848,-0.3759124087591241,0.043795620437956206,-0.5620437956204379,-0.13138686131386862,0.11678832116788321,-0.3175182481751825,0.08394160583941605,-0.5985401459854015,0.0948905109489051,-0.7883211678832117,0.13138686131386862,-1.0,0.032846715328467155,-0.5401459854014599,-0.4051094890510949,-0.5620437956204379,-0.4489051094890511,-0.2664233576642336,-0.28102189781021897,-0.18613138686131386,-0.10583941605839416,-0.6496350364963503,-0.5036496350364964,-0.5948905109489051,-0.4927007299270073,-0.32116788321167883,-0.30656934306569344,-0.26277372262773724,-0.21897810218978103,-0.6897810218978102,-0.5182481751824818,-0.6167883211678832,-0.5,-0.4051094890510949,-0.3613138686131387,-0.3102189781021898
5,0.0,0.0,-0.19724770642201836,0.22935779816513763,-0.41284403669724773,0.23853211009174313,-0.6192660550458715,0.05045871559633028,-0.7844036697247706,-0.19724770642201836,0.05045871559633028,-0.2706422018348624,0.06880733944954129,-0.5321100917431193,0.13761467889908258,-0.7568807339449541,0.22018348623853212,-1.0,0.0045871559633027525,-0.6055045871559633,-0.5871559633027523,-0.6743119266055045,-0.6834862385321101,-0.3532110091743119,-0.5321100917431193,-0.21559633027522937,-0.13302752293577982,-0.7981651376146789,-0.6605504587155964,-0.7522935779816514,-0.7018348623853211,-0.463302752293578,-0.5275229357798165,-0.3577981651376147,-0.25688073394495414,-0.8944954128440367,-0.6467889908256881,-0.7844036697247706,-0.6880733944954128,-0.5504587155963303,-0.5504587155963303,-0.43119266055045874
5,0.0,0.0,-0.3191489361702128,0.22872340425531915,-0.6808510638297872,0.20212765957446807,-0.9148936170212766,-0.026595744680851064,-0.9893617021276596,-0.35106382978723405,-0.0797872340425532,-0.14893617021276595,-0.047872340425531915,-0.39893617021276595,0.0425531914893617,-0.7287234042553191,0.13829787234042554,-1.0,-0.0425531914893617,-0.526595744680851,-0.5691489361702128,-0.7978723404255319,-0.75,-0.5478723404255319,-0.723404255319149,-0.3351063829787234,-0.12234042553191489,-0.7872340425531915,-0.6542553191489362,-0.8670212765957447,-0.776595744680851,-0.601063829787234,-0.7074468085106383,-0.4574468085106383,-0.22872340425531915,-0.925531914893617,-0.5957446808510638,-0.9361702127659575,-0.6968085106382979,-0.75,-0.6223404255319149,-0.601063829787234
5,0.0,0.0,-0.3854748603351955,0.2737430167597765,-0.7430167597765364,0.2011173184357542,-0.9664804469273743,-0.0446927374301676,-1.0,-0.4022346368715084,-0.1564245810055866,-0.1452513966480447,-0.1564245810055866,-0.441340782122905,-0.055865921787709494,-0.7094972067039106,0.05027932960893855,-0.9497206703910615,-0.0446927374301676,-0.5027932960893855,-0.5195530726256983,-0.7541899441340782,-0.7262569832402235,-0.49162011173184356,-0.7206703910614525,-0.3407821229050279,-0.061452513966480445,-0.7653631284916201,-0.5027932960893855,-0.8324022346368715,-0.6480446927374302,-0.5418994413407822,-0.6033519553072626,-0.4301675977653631,-0.12290502793296089,-0.9273743016759777,-0.4134078212290503,-0.9162011173184358,-0.5195530726256983,-0.7039106145251397,-0.4748603351955307,-0.5810055865921788
5,0.0,0.0,-0.32386363636363635,0.29545454545454547,-0.6818181818181818,0.2897727272727273,-0.9090909090909091,0.017045454545454544,-0.9545454545454546,-0.3409090909090909,-0.13636363636363635,-0.11931818181818182,0.011363636363636364,-0.2784090909090909,0.18181818181818182,-0.5170454545454546,0.3125,-0.7159090909090909,-0.05113636363636364,-0.5568181818181818,-0.4147727272727273,-0.6761363636363636,-0.6534090909090909,-0.4375,-0.6704545454545454,-0.3465909090909091,-0.09090909090909091,-0.8409090909090909,-0.45454545454545453,-0.7613636363636364,-0.6193181818181818,-0.5,-0.5681818181818182,-0.4375,-0.17045454545454544,-1.0,-0.4034090909090909,-0.8636363636363636,-0.4943181818181818,-0.6647727272727273,-0.44886363636363635,-0.6022727272727273
5,0.0,0.0,-0.3803680981595092,0.22699386503067484,-0.7423312883435583,0.24539877300613497,-0.8957055214723927,-0.006134969325153374,-0.8711656441717791,-0.39263803680981596,-0.024539877300613498,0.04294478527607362,0.03067484662576687,-0.13496932515337423,0.20245398773006135,-0.39263803680981596,0.3558282208588957,-0.6257668711656442,0.15337423312883436,-0.4049079754601227,-0.5398773006134969,-0.7423312883435583,-0.6871165644171779,-0.4785276073619632,-0.558282208588957,-0.3374233128834356,0.147239263803681,-0.7423312883435583,-0.5950920245398773,-0.8711656441717791,-0.6625766871165644,-0.588957055214724,-0.4723926380368098,-0.4662576687116564,0.06134969325153374,-1.0,-0.4662576687116564,-0.9877300613496932,-0.5153374233128835,-0.7423312883435583,-0.34355828220858897,-0.6134969325153374
5,0.0,0.0,-0.24431818181818182,0.1534090909090909,-0.4659090909090909,0.03977272727272727,-0.6079545454545454,-0.24431818181818182,-0.48863636363636365,-0.6136363636363636,-0.14772727272727273,-0.4659090909090909,-0.7613636363636364,-0.2784090909090909,-0.7670454545454546,-0.2159090909090909,-0.6647727272727273,-0.3125,-0.045454545454545456,-0.7386363636363636,-0.6761363636363636,-0.5965909090909091,-0.6193181818181818,-0.35795454545454547,-0.45454545454545453,-0.3693181818181818,-0.017045454545454544,-0.9090909090909091,-0.5738636363636364,-0.7727272727272727,-0.5681818181818182,-0.5113636363636364,-0.4318181818181818,-0.48863636363636365,-0.06818181818181818,-1.0,-0.39204545454545453,-0.8522727272727273,-0.4375,-0.6647727272727273,-0.3522727272727273,-0.6136363636363636
5,0.0,0.0,-0.38764044943820225,0.09550561797752809,-0.6966292134831461,-0.03932584269662921,-0.8258426966292135,-0.34831460674157305,-0.6966292134831461,-0.6629213483146067,-0.06741573033707865,-0.3258426966292135,-0.3089887640449438,-0.5393258426966292,-0.42134831460674155,-0.3089887640449438,-0.38202247191011235,-0.11797752808988764,0.10112359550561797,-0.5280898876404494,-0.3539325842696629,-0.8314606741573034,-0.4943820224719101,-0.5842696629213483,-0.39325842696629215,-0.4044943820224719,0.15730337078651685,-0.702247191011236,-0.3146067415730337,-0.9550561797752809,-0.4606741573033708,-0.7078651685393258,-0.3707865168539326,-0.550561797752809,0.16292134831460675,-0.8595505617977528,-0.16853932584269662,-1.0,-0.2752808988764045,-0.8370786516853933,-0.20786516853932585,-0.7134831460674157
5,0.0,0.0,-0.3865979381443299,0.005154639175257732,-0.7010309278350515,-0.18556701030927836,-0.8762886597938144,-0.4793814432989691,-0.7835051546391752,-0.7474226804123711,-0.17525773195876287,-0.5103092783505154,-0.6288659793814433,-0.7268041237113402,-0.6958762886597938,-0.4896907216494845,-0.6082474226804123,-0.3556701030927835,0.005154639175257732,-0.6443298969072165,-0.5051546391752577,-0.8865979381443299,-0.5979381443298969,-0.6134020618556701,-0.4845360824742268,-0.4587628865979381,0.07731958762886598,-0.7577319587628866,-0.3917525773195876,-0.9742268041237113,-0.5103092783505154,-0.7268041237113402,-0.42783505154639173,-0.5824742268041238,0.07216494845360824,-0.8556701030927835,-0.25773195876288657,-1.0,-0.36082474226804123,-0.845360824742268,-0.30412371134020616,-0.7268041237113402
5,0.0,0.0,-0.3106796116504854,-0.019417475728155338,-0.587378640776699,-0.1796116504854369,-0.7184466019417476,-0.44660194174757284,-0.587378640776699,-0.7135922330097088,-0.07766990291262135,-0.4077669902912621,-0.4077669902912621,-0.6893203883495146,-0.529126213592233,-0.5242718446601942,-0.49029126213592233,-0.3786407766990291,0.09223300970873786,-0.5339805825242718,-0.32038834951456313,-0.883495145631068,-0.441747572815534,-0.6796116504854369,-0.33980582524271846,-0.5145631067961165,0.1650485436893204,-0.6553398058252428,-0.21844660194174756,-0.9854368932038835,-0.33980582524271846,-0.7912621359223301,-0.25728155339805825,-0.6456310679611651,0.17475728155339806,-0.7815533980582524,-0.10679611650485436,-1.0,-0.18932038834951456,-0.8737864077669902,-0.12135922330097088,-0.7572815533980582
5,0.0,0.0,-0.3118811881188119,-0.009900990099009901,-0.6138613861386139,-0.16336633663366337,-0.7623762376237624,-0.42574257425742573,-0.6782178217821783,-0.6831683168316832,-0.12871287128712872,-0.35148514851485146,-0.42574257425742573,-0.6287128712871287,-0.5396039603960396,-0.4801980198019802,-0.5148514851485149,-0.33663366336633666,0.0297029702970297,-0.48514851485148514,-0.3613861386138614,-0.8316831683168316,-0.47029702970297027,-0.6287128712871287,-0.3811881188118812,-0.47029702970297027,0.1188118811881188,-0.6138613861386139,-0.2524752475247525,-0.9653465346534653,-0.3712871287128713,-0.7772277227722773,-0.297029702970297,-0.6237623762376238,0.13861386138613863,-0.7425742574257426,-0.14356435643564355,-1.0,-0.21287128712871287,-0.8861386138613861,-0.14356435643564355,-0.7623762376237624
5,0.0,0.0,-0.3333333333333333,0.015384615384615385,-0.676923076923077,-0.15897435897435896,-0.8717948717948718,-0.4564102564102564,-0.8307692307692308,-0.7333333333333333,-0.3435897435897436,-0.48717948717948717,-0.5384615384615384,-0.7025641025641025,-0.5333333333333333,-0.4358974358974359,-0.4666666666666667,-0.2564102564102564,-0.16923076923076924,-0.6153846153846154,-0.4205128205128205,-0.882051282051282,-0.38461538461538464,-0.5743589743589743,-0.27692307692307694,-0.4205128205128205,-0.046153846153846156,-0.7282051282051282,-0.29743589743589743,-0.9692307692307692,-0.26666666666666666,-0.6923076923076923,-0.1794871794871795,-0.5384615384615384,0.010256410256410256,-0.8102564102564103,-0.1794871794871795,-1.0,-0.15384615384615385,-0.8307692307692308,-0.08205128205128205,-0.717948717948718
5,0.0,0.0,-0.2879581151832461,0.05759162303664921,-0.5759162303664922,-0.06806282722513089,-0.7382198952879581,-0.3089005235602094,-0.7486910994764397,-0.6073298429319371,-0.21465968586387435,-0.3612565445026178,-0.4293193717277487,-0.6178010471204188,-0.5340314136125655,-0.450261780104712,-0.5026178010471204,-0.29842931937172773,-0.05235602094240838,-0.5130890052356021,-0.32460732984293195,-0.806282722513089,-0.41361256544502617,-0.5602094240837696,-0.34554973821989526,-0.4083769633507853,0.041884816753926704,-0.6596858638743456,-0.23036649214659685,-0.9267015706806283,-0.32460732984293195,-0.6858638743455497,-0.2879581151832461,-0.5392670157068062,0.06806282722513089,-0.806282722513089,-0.13612565445026178,-1.0,-0.20418848167539266,-0.8586387434554974,-0.17801047120418848,-0.7486910994764397
5,0.0,0.0,-0.3423913043478261,0.06521739130434782,-0.6358695652173914,-0.07608695652173914,-0.782608695652174,-0.32065217391304346,-0.7445652173913043,-0.5978260869565217,-0.1956521739130435,-0.30978260869565216,-0.5271739130434783,-0.6304347826086957,-0.5978260869565217,-0.4076086956521739,-0.5108695652173914,-0.2391304347826087,0.0,-0.44565217391304346,-0.3804347826086957,-0.7989130434782609,-0.44565217391304346,-0.5217391304347826,-0.3423913043478261,-0.3532608695652174,0.10326086956521739,-0.592391304347826,-0.27717391304347827,-0.8858695652173914,-0.33152173913043476,-0.6304347826086957,-0.25,-0.4782608695652174,0.1358695652173913,-0.7391304347826086,-0.15217391304347827,-1.0,-0.20108695652173914,-0.8315217391304348,-0.14130434782608695,-0.6956521739130435
5,0.0,0.0,-0.2617801047120419,0.041884816753926704,-0.5654450261780105,-0.07329842931937172,-0.7591623036649214,-0.32460732984293195,-0.7382198952879581,-0.5916230366492147,-0.10471204188481675,-0.2356020942408377,-0.3717277486910995,-0.6544502617801047,-0.5549738219895288,-0.6073298429319371,-0.6178010471204188,-0.47643979057591623,0.07853403141361257,-0.39267015706806285,-0.3298429319371728,-0.8219895287958116,-0.49214659685863876,-0.675392670157068,-0.450261780104712,-0.5026178010471204,0.16753926701570682,-0.5340314136125655,-0.23036649214659685,-0.93717277486911,-0.3769633507853403,-0.7853403141361257,-0.33507853403141363,-0.6230366492146597,0.18848167539267016,-0.680628272251309,-0.09947643979057591,-1.0,-0.18848167539267016,-0.9057591623036649,-0.13612565445026178,-0.7643979057591623
5,0.0,0.0,-0.2978723404255319,0.05851063829787234,-0.601063829787234,-0.047872340425531915,-0.7659574468085106,-0.2765957446808511,-0.7393617021276596,-0.526595744680851,-0.1595744680851064,-0.22340425531914893,-0.40425531914893614,-0.6595744680851063,-0.5372340425531915,-0.6276595744680851,-0.5531914893617021,-0.5106382978723404,0.05319148936170213,-0.3776595744680851,-0.35638297872340424,-0.8138297872340425,-0.4627659574468085,-0.6382978723404256,-0.3776595744680851,-0.4574468085106383,0.15425531914893617,-0.526595744680851,-0.25,-0.9148936170212766,-0.3404255319148936,-0.7340425531914894,-0.26595744680851063,-0.5797872340425532,0.18085106382978725,-0.6861702127659575,-0.11702127659574468,-1.0,-0.18617021276595744,-0.8829787234042553,-0.12234042553191489,-0.7446808510638298
5,0.0,0.0,-0.175,-0.075,-0.30833333333333335,-0.2,-0.3416666666666667,-0.32916666666666666,-0.2833333333333333,-0.45416666666666666,-0.2375,-0.5166666666666667,-0.29583333333333334,-0.7375,-0.3333333333333333,-0.875,-0.3541666666666667,-1.0,-0.10416666666666667,-0.5083333333333333,-0.15416666666666667,-0.6291666666666667,-0.18333333333333332,-0.43333333333333335,-0.17916666666666667,-0.275,0.025,-0.4708333333333333,-0.020833333333333332,-0.5833333333333334,-0.075,-0.3958333333333333,-0.07916666666666666,-0.25416666666666665,0.15416666666666667,-0.4125,0.12083333333333333,-0.5375,0.05,-0.42916666666666664,0.016666666666666666,-0.32083333333333336
5,0.0,0.0,-0.17573221757322174,-0.06694560669456066,-0.3138075313807531,-0.200836820083682,-0.3472803347280335,-0.33472803347280333,-0.301255230125523,-0.46443514644351463,-0.2384937238493724,-0.5146443514644351,-0.301255230125523,-0.7405857740585774,-0.34309623430962344,-0.8744769874476988,-0.36401673640167365,-1.0,-0.11297071129707113,-0.5062761506276151,-0.17154811715481172,-0.6317991631799164,-0.19665271966527198,-0.4393305439330544,-0.19246861924686193,-0.29707112970711297,0.008368200836820083,-0.47280334728033474,-0.04184100418410042,-0.5815899581589958,-0.09205020920502092,-0.401673640167364,-0.09623430962343096,-0.2719665271966527,0.13389121338912133,-0.42677824267782427,0.09623430962343096,-0.5523012552301255,0.03765690376569038,-0.4435146443514644,0.008368200836820083,-0.3472803347280335
5,0.0,0.0,-0.1728395061728395,-0.07818930041152264,-0.30864197530864196,-0.20164609053497942,-0.345679012345679,-0.32510288065843623,-0.29218106995884774,-0.448559670781893,-0.23045267489711935,-0.5061728395061729,-0.2880658436213992,-0.7366255144032922,-0.32510288065843623,-0.8765432098765432,-0.345679012345679,-1.0,-0.102880658436214,-0.49794238683127573,-0.16049382716049382,-0.6131687242798354,-0.18518518518518517,-0.4279835390946502,-0.18518518518518517,-0.27983539094650206,0.0205761316872428,-0.46502057613168724,-0.02880658436213992,-0.5720164609053497,-0.07818930041152264,-0.3991769547325103,-0.09053497942386832,-0.26337448559670784,0.14814814814814814,-0.411522633744856,0.10699588477366255,-0.5308641975308642,0.0411522633744856,-0.43209876543209874,0.00823045267489712,-0.3292181069958848
5,0.0,0.0,-0.16872427983539096,-0.06995884773662552,-0.30864197530864196,-0.19753086419753085,-0.34156378600823045,-0.32510288065843623,-0.2757201646090535,-0.43621399176954734,-0.2345679012345679,-0.5185185185185185,-0.29218106995884774,-0.7407407407407407,-0.3292181069958848,-0.8765432098765432,-0.3497942386831276,-1.0,-0.10699588477366255,-0.5102880658436214,-0.16049382716049382,-0.6213991769547325,-0.18106995884773663,-0.42386831275720166,-0.1728395061728395,-0.2716049382716049,0.0205761316872428,-0.4732510288065844,-0.02880658436213992,-0.5679012345679012,-0.07407407407407407,-0.3868312757201646,-0.07818930041152264,-0.25102880658436216,0.1440329218106996,-0.4156378600823045,0.102880658436214,-0.522633744855967,0.037037037037037035,-0.4074074074074074,0.012345679012345678,-0.3045267489711934
5,0.0,0.0,-0.15546218487394958,-0.0546218487394958,-0.28991596638655465,-0.15966386554621848,-0.3277310924369748,-0.2647058823529412,-0.24369747899159663,-0.3487394957983193,-0.24369747899159663,-0.5042016806722689,-0.29411764705882354,-0.7394957983193278,-0.3277310924369748,-0.8739495798319328,-0.3445378151260504,-1.0,-0.09663865546218488,-0.5,-0.15126050420168066,-0.5672268907563025,-0.1638655462184874,-0.35294117647058826,-0.15126050420168066,-0.226890756302521,0.04201680672268908,-0.4579831932773109,0.008403361344537815,-0.5294117647058824,-0.03361344537815126,-0.3319327731092437,-0.046218487394957986,-0.21008403361344538,0.17647058823529413,-0.3907563025210084,0.15126050420168066,-0.46638655462184875,0.08403361344537816,-0.3277310924369748,0.04201680672268908,-0.23109243697478993
5,0.0,0.0,-0.17410714285714285,-0.05357142857142857,-0.3125,-0.15178571428571427,-0.3392857142857143,-0.24107142857142858,-0.25,-0.3125,-0.2767857142857143,-0.5535714285714286,-0.32589285714285715,-0.75,-0.36160714285714285,-0.8839285714285714,-0.3794642857142857,-1.0,-0.11160714285714286,-0.5803571428571429,-0.15625,-0.5446428571428571,-0.17857142857142858,-0.3169642857142857,-0.17410714285714285,-0.20535714285714285,0.049107142857142856,-0.5401785714285714,0.004464285714285714,-0.48214285714285715,-0.04017857142857143,-0.2767857142857143,-0.05357142857142857,-0.17410714285714285,0.1875,-0.45535714285714285,0.14732142857142858,-0.42410714285714285,0.07142857142857142,-0.27232142857142855,0.04017857142857143,-0.19642857142857142
5,0.0,0.0,-0.16216216216216217,-0.04954954954954955,-0.3153153153153153,-0.15315315315315314,-0.33783783783783783,-0.24324324324324326,-0.23873873873873874,-0.3108108108108108,-0.28378378378378377,-0.5495495495495496,-0.32882882882882886,-0.7477477477477478,-0.36036036036036034,-0.8783783783783784,-0.38288288288288286,-1.0,-0.11261261261261261,-0.5945945945945946,-0.15315315315315314,-0.536036036036036,-0.17117117117117117,-0.3063063063063063,-0.16666666666666666,-0.19369369369369369,0.04954954954954955,-0.5630630630630631,0.009009009009009009,-0.46396396396396394,-0.036036036036036036,-0.25675675675675674,-0.04954954954954955,-0.16216216216216217,0.19369369369369369,-0.481981981981982,0.14864864864864866,-0.4009009009009009,0.08108108108108109,-0.25225225225225223,0.04054054054054054,-0.18468468468468469
5,0.0,0.0,-0.16666666666666666,-0.032407407407407406,-0.3194444444444444,-0.12037037037037036,-0.35648148148148145,-0.19907407407407407,-0.25925925925925924,-0.25925925925925924,-0.3101851851851852,-0.5416666666666666,-0.35648148148148145,-0.7407407407407407,-0.38425925925925924,-0.875,-0.39814814814814814,-1.0,-0.13425925925925927,-0.6018518518518519,-0.16666666666666666,-0.5277777777777778,-0.17592592592592593,-0.2962962962962963,-0.17592592592592593,-0.18518518518518517,0.032407407407407406,-0.5787037037037037,-0.009259259259259259,-0.4351851851851852,-0.041666666666666664,-0.2361111111111111,-0.06018518518518518,-0.1527777777777778,0.18055555555555555,-0.5046296296296297,0.13425925925925927,-0.37962962962962965,0.07407407407407407,-0.2361111111111111,0.037037037037037035,-0.18055555555555555
5,0.0,0.0,-0.1643192488262911,-0.03755868544600939,-0.3192488262910798,-0.13145539906103287,-0.36619718309859156,-0.22065727699530516,-0.2676056338028169,-0.28169014084507044,-0.30985915492957744,-0.539906103286385,-0.37089201877934275,-0.7417840375586855,-0.40375586854460094,-0.8779342723004695,-0.431924882629108,-1.0,-0.13615023474178403,-0.6009389671361502,-0.1784037558685446,-0.5305164319248826,-0.1784037558685446,-0.30985915492957744,-0.16901408450704225,-0.18309859154929578,0.03286384976525822,-0.5774647887323944,-0.018779342723004695,-0.4460093896713615,-0.04225352112676056,-0.2535211267605634,-0.051643192488262914,-0.15492957746478872,0.18779342723004694,-0.5070422535211268,0.13145539906103287,-0.4084507042253521,0.07511737089201878,-0.2676056338028169,0.046948356807511735,-0.19718309859154928
5,0.0,0.0,-0.16346153846153846,-0.038461538461538464,-0.3173076923076923,-0.11538461538461539,-0.3701923076923077,-0.20192307692307693,-0.2692307692307692,-0.2692307692307692,-0.32211538461538464,-0.5480769230769231,-0.375,-0.7403846153846154,-0.40865384615384615,-0.8798076923076923,-0.42788461538461536,-1.0,-0.14423076923076922,-0.6201923076923077,-0.1778846153846154,-0.5384615384615384,-0.17307692307692307,-0.30288461538461536,-0.16826923076923078,-0.1875,0.028846153846153848,-0.6009615384615384,-0.009615384615384616,-0.4519230769230769,-0.03365384615384615,-0.24519230769230768,-0.04807692307692308,-0.15384615384615385,0.1875,-0.5240384615384616,0.14423076923076922,-0.3942307692307692,0.08653846153846154,-0.24519230769230768,0.052884615384615384,-0.1778846153846154
5,0.0,0.0,-0.17073170731707318,-0.03902439024390244,-0.32682926829268294,-0.11219512195121951,-0.3804878048780488,-0.1902439024390244,-0.28292682926829266,-0.25365853658536586,-0.32195121951219513,-0.5365853658536586,-0.3804878048780488,-0.7365853658536585,-0.4146341463414634,-0.8731707317073171,-0.43902439024390244,-1.0,-0.14146341463414633,-0.6146341463414634,-0.18048780487804877,-0.526829268292683,-0.18048780487804877,-0.2975609756097561,-0.18048780487804877,-0.16585365853658537,0.03414634146341464,-0.5902439024390244,-0.01951219512195122,-0.43414634146341463,-0.04878048780487805,-0.23414634146341465,-0.07317073170731707,-0.12682926829268293,0.1902439024390244,-0.5170731707317073,0.13658536585365855,-0.3804878048780488,0.07804878048780488,-0.23414634146341465,0.03414634146341464,-0.15609756097560976
5,0.0,0.0,-0.15942028985507245,-0.033816425120772944,-0.3140096618357488,-0.1111111111111111,-0.3671497584541063,-0.1932367149758454,-0.26570048309178745,-0.25120772946859904,-0.32367149758454106,-0.5410628019323671,-0.38164251207729466,-0.7391304347826086,-0.41545893719806765,-0.8792270531400966,-0.43478260869565216,-1.0,-0.14492753623188406,-0.6231884057971014,-0.178743961352657,-0.5362318840579711,-0.178743961352657,-0.2995169082125604,-0.17391304347826086,-0.1932367149758454,0.028985507246376812,-0.6038647342995169,-0.00966183574879227,-0.43478260869565216,-0.03864734299516908,-0.23671497584541062,-0.057971014492753624,-0.15458937198067632,0.18357487922705315,-0.5265700483091788,0.14009661835748793,-0.37681159420289856,0.0821256038647343,-0.22705314009661837,0.04830917874396135,-0.16908212560386474
5,0.0,0.0,-0.16908212560386474,-0.028985507246376812,-0.3333333333333333,-0.10628019323671498,-0.3719806763285024,-0.18840579710144928,-0.27053140096618356,-0.2463768115942029,-0.34299516908212563,-0.5362318840579711,-0.40096618357487923,-0.7342995169082126,-0.43478260869565216,-0.8743961352657005,-0.45410628019323673,-1.0,-0.16908212560386474,-0.6183574879227053,-0.18840579710144928,-0.5217391304347826,-0.18357487922705315,-0.2946859903381642,-0.18357487922705315,-0.178743961352657,0.0,-0.6086956521739131,-0.024154589371980676,-0.4396135265700483,-0.05314009661835749,-0.24154589371980675,-0.06763285024154589,-0.15942028985507245,0.15942028985507245,-0.5458937198067633,0.12077294685990338,-0.3961352657004831,0.06280193236714976,-0.23671497584541062,0.028985507246376812,-0.17391304347826086
5,0.0,0.0,-0.16831683168316833,-0.0297029702970297,-0.33663366336633666,-0.10396039603960396,-0.3811881188118812,-0.18316831683168316,-0.2623762376237624,-0.2376237623762376,-0.35148514851485146,-0.5346534653465347,-0.4158415841584158,-0.7376237623762376,-0.44554455445544555,-0.8762376237623762,-0.47029702970297027,-1.0,-0.17326732673267325,-0.6237623762376238,-0.19306930693069307,-0.5297029702970297,-0.18811881188118812,-0.29207920792079206,-0.18811881188118812,-0.1782178217821782,0.0049504950495049506,-0.6089108910891089,-0.01485148514851485,-0.4405940594059406,-0.04950495049504951,-0.22772277227722773,-0.06930693069306931,-0.13861386138613863,0.16336633663366337,-0.5396039603960396,0.13366336633663367,-0.3811881188118812,0.07425742574257425,-0.22277227722772278,0.034653465346534656,-0.15346534653465346
5,0.0,0.0,-0.17346938775510204,-0.02040816326530612,-0.34183673469387754,-0.08673469387755102,-0.39285714285714285,-0.16326530612244897,-0.2653061224489796,-0.2193877551020408,-0.3469387755102041,-0.5306122448979592,-0.41836734693877553,-0.7295918367346939,-0.4489795918367347,-0.8724489795918368,-0.46938775510204084,-1.0,-0.1683673469387755,-0.6326530612244898,-0.1836734693877551,-0.5051020408163265,-0.17857142857142858,-0.2653061224489796,-0.1836734693877551,-0.14795918367346939,0.01020408163265306,-0.6224489795918368,0.00510204081632653,-0.40816326530612246,-0.030612244897959183,-0.20408163265306123,-0.05612244897959184,-0.12244897959183673,0.17346938775510204,-0.5510204081632653,0.15306122448979592,-0.35714285714285715,0.09693877551020408,-0.20408163265306123,0.05102040816326531,-0.14285714285714285
5,0.0,0.0,-0.16042780748663102,-0.0106951871657754,-0.3315508021390374,-0.058823529411764705,-0.40106951871657753,-0.11764705882352941,-0.29411764705882354,-0.17647058823529413,-0.3689839572192513,-0.5240641711229946,-0.44919786096256686,-0.7219251336898396,-0.48663101604278075,-0.8663101604278075,-0.5133689839572193,-1.0,-0.17647058823529413,-0.6363636363636364,-0.20320855614973263,-0.4919786096256685,-0.19786096256684493,-0.23529411764705882,-0.19786096256684493,-0.11764705882352941,0.0213903743315508,-0.6310160427807486,0.0,-0.39037433155080214,-0.03208556149732621,-0.17647058823529413,-0.058823529411764705,-0.10160427807486631,0.19786096256684493,-0.5561497326203209,0.17647058823529413,-0.34759358288770054,0.12299465240641712,-0.18716577540106952,0.09090909090909091,-0.13368983957219252
5,0.0,0.0,-0.16574585635359115,-0.0055248618784530384,-0.34806629834254144,-0.049723756906077346,-0.4088397790055249,-0.09944751381215469,-0.292817679558011,-0.16022099447513813,-0.39226519337016574,-0.5303867403314917,-0.47513812154696133,-0.7237569060773481,-0.5138121546961326,-0.861878453038674,-0.5414364640883977,-1.0,-0.19889502762430938,-0.6464088397790055,-0.2154696132596685,-0.47513812154696133,-0.19889502762430938,-0.20994475138121546,-0.19337016574585636,-0.09392265193370165,0.0055248618784530384,-0.6408839779005525,0.0,-0.3867403314917127,-0.027624309392265192,-0.16574585635359115,-0.049723756906077346,-0.08287292817679558,0.19337016574585636,-0.569060773480663,0.17679558011049723,-0.36464088397790057,0.13259668508287292,-0.19337016574585636,0.09944751381215469,-0.13259668508287292
5,0.0,0.0,-0.16759776536312848,-0.00558659217877095,-0.3463687150837989,-0.0446927374301676,-0.41899441340782123,-0.08379888268156424,-0.30726256983240224,-0.13966480446927373,-0.39664804469273746,-0.5418994413407822,-0.4692737430167598,-0.7262569832402235,-0.5195530726256983,-0.8715083798882681,-0.547486033519553,-1.0,-0.18994413407821228,-0.6536312849162011,-0.2122905027932961,-0.49162011173184356,-0.2011173184357542,-0.21787709497206703,-0.18994413407821228,-0.10614525139664804,0.01675977653631285,-0.6424581005586593,0.0111731843575419,-0.39106145251396646,-0.0223463687150838,-0.16759776536312848,-0.0446927374301676,-0.1005586592178771,0.2122905027932961,-0.5586592178770949,0.18994413407821228,-0.3575418994413408,0.1452513966480447,-0.18435754189944134,0.11173184357541899,-0.1340782122905028
5,0.0,0.0,-0.1781609195402299,0.0,-0.3735632183908046,-0.04597701149425287,-0.45977011494252873,-0.09195402298850575,-0.3275862068965517,-0.13793103448275862,-0.41954022988505746,-0.5402298850574713,-0.4942528735632184,-0.7298850574712644,-0.5459770114942529,-0.867816091954023,-0.5804597701149425,-1.0,-0.20689655172413793,-0.6724137931034483,-0.23563218390804597,-0.4540229885057471,-0.22988505747126436,-0.1781609195402299,-0.21264367816091953,-0.08045977011494253,0.011494252873563218,-0.6551724137931034,0.0,-0.3620689655172414,-0.040229885057471264,-0.13793103448275862,-0.06321839080459771,-0.07471264367816093,0.20689655172413793,-0.5689655172413793,0.1839080459770115,-0.3275862068965517,0.13218390804597702,-0.16091954022988506,0.09770114942528736,-0.10919540229885058
5,0.0,0.0,-0.1888111888111888,0.027972027972027972,-0.40559440559440557,0.027972027972027972,-0.4755244755244755,0.027972027972027972,-0.34965034965034963,-0.006993006993006993,-0.5104895104895105,-0.5104895104895105,-0.6083916083916084,-0.7062937062937062,-0.6643356643356644,-0.8531468531468531,-0.7062937062937062,-1.0,-0.2727272727272727,-0.6853146853146853,-0.25874125874125875,-0.40559440559440557,-0.23076923076923078,-0.07692307692307693,-0.22377622377622378,0.006993006993006993,-0.006993006993006993,-0.6853146853146853,0.03496503496503497,-0.32867132867132864,0.0,-0.055944055944055944,-0.04195804195804196,0.013986013986013986,0.24475524475524477,-0.6013986013986014,0.2517482517482518,-0.3076923076923077,0.20279720279720279,-0.1048951048951049,0.15384615384615385,-0.04895104895104895
5,0.0,0.0,-0.1773049645390071,0.03546099290780142,-0.375886524822695,0.05673758865248227,-0.475177304964539,0.05673758865248227,-0.3971631205673759,0.02127659574468085,-0.5460992907801419,-0.5035460992907801,-0.6524822695035462,-0.7092198581560284,-0.7375886524822695,-0.8652482269503546,-0.7943262411347518,-1.0,-0.3049645390070922,-0.6808510638297872,-0.2907801418439716,-0.3900709219858156,-0.2553191489361702,-0.05673758865248227,-0.23404255319148937,0.0425531914893617,-0.0425531914893617,-0.6879432624113475,0.0070921985815602835,-0.3120567375886525,-0.028368794326241134,-0.0425531914893617,-0.05673758865248227,0.0425531914893617,0.2127659574468085,-0.6099290780141844,0.22695035460992907,-0.3191489361702128,0.1773049645390071,-0.11347517730496454,0.14184397163120568,-0.03546099290780142
5,0.0,0.0,-0.2047244094488189,0.08661417322834646,-0.41732283464566927,0.14173228346456693,-0.5039370078740157,0.14960629921259844,-0.41732283464566927,0.10236220472440945,-0.6062992125984252,-0.4645669291338583,-0.7165354330708661,-0.6850393700787402,-0.8188976377952756,-0.8582677165354331,-0.8976377952755905,-1.0,-0.36220472440944884,-0.6692913385826772,-0.28346456692913385,-0.3464566929133858,-0.2440944881889764,0.0,-0.25196850393700787,0.11023622047244094,-0.06299212598425197,-0.6929133858267716,0.023622047244094488,-0.31496062992125984,0.0,0.0,-0.031496062992125984,0.10236220472440945,0.2125984251968504,-0.6220472440944882,0.2677165354330709,-0.31496062992125984,0.23622047244094488,-0.07874015748031496,0.2125984251968504,0.023622047244094488
5,0.0,0.0,-0.23015873015873015,0.05555555555555555,-0.46825396825396826,0.0873015873015873,-0.5238095238095238,0.1111111111111111,-0.373015873015873,0.09523809523809523,-0.6111111111111112,-0.5,-0.7142857142857143,-0.7222222222222222,-0.8174603174603174,-0.8650793650793651,-0.9126984126984127,-1.0,-0.3492063492063492,-0.7142857142857143,-0.2857142857142857,-0.3968253968253968,-0.23809523809523808,-0.023809523809523808,-0.23015873015873015,0.12698412698412698,-0.047619047619047616,-0.7380952380952381,0.031746031746031744,-0.3412698412698413,0.0,-0.007936507936507936,-0.03968253968253968,0.12698412698412698,0.23015873015873015,-0.6587301587301587,0.2698412698412698,-0.3333333333333333,0.23809523809523808,-0.07936507936507936,0.20634920634920634,0.031746031746031744
5,0.0,0.0,-0.18309859154929578,0.014084507042253521,-0.38028169014084506,0.007042253521126761,-0.49295774647887325,0.007042253521126761,-0.4295774647887324,-0.007042253521126761,-0.5211267605633803,-0.5492957746478874,-0.6197183098591549,-0.7323943661971831,-0.7253521126760564,-0.8732394366197183,-0.8169014084507042,-1.0,-0.2887323943661972,-0.7183098591549296,-0.3028169014084507,-0.4295774647887324,-0.28169014084507044,-0.09859154929577464,-0.2605633802816901,0.007042253521126761,-0.02112676056338028,-0.7183098591549296,-0.02112676056338028,-0.33098591549295775,-0.07042253521126761,-0.04929577464788732,-0.09859154929577464,0.035211267605633804,0.22535211267605634,-0.6267605633802817,0.19718309859154928,-0.3028169014084507,0.14084507042253522,-0.09154929577464789,0.11267605633802817,-0.028169014084507043
5,0.0,0.0,-0.25874125874125875,-0.07692307692307693,-0.48951048951048953,-0.15384615384615385,-0.6643356643356644,-0.13986013986013987,-0.7062937062937062,-0.09090909090909091,-0.3706293706293706,-0.6363636363636364,-0.4965034965034965,-0.8041958041958042,-0.6363636363636364,-0.9090909090909091,-0.7622377622377622,-1.0,-0.1258741258741259,-0.6573426573426573,-0.44755244755244755,-0.36363636363636365,-0.5104895104895105,-0.055944055944055944,-0.4825174825174825,0.03496503496503497,0.07692307692307693,-0.5174825174825175,-0.22377622377622378,-0.13986013986013987,-0.32867132867132864,0.06993006993006994,-0.32867132867132864,0.1048951048951049,0.23076923076923078,-0.3146853146853147,-0.03496503496503497,-0.04195804195804196,-0.17482517482517482,0.1048951048951049,-0.22377622377622378,0.14685314685314685
5,0.0,0.0,-0.3287671232876712,-0.15753424657534246,-0.6027397260273972,-0.2671232876712329,-0.8082191780821918,-0.23972602739726026,-0.9315068493150684,-0.14383561643835616,-0.4315068493150685,-0.6575342465753424,-0.5753424657534246,-0.8013698630136986,-0.7191780821917808,-0.8972602739726028,-0.8424657534246576,-1.0,-0.22602739726027396,-0.6095890410958904,-0.6575342465753424,-0.3698630136986301,-0.7602739726027398,-0.0958904109589041,-0.7328767123287672,-0.0136986301369863,-0.07534246575342465,-0.4315068493150685,-0.5,-0.1232876712328767,-0.5958904109589042,0.06164383561643835,-0.5616438356164384,0.07534246575342465,0.0273972602739726,-0.2191780821917808,-0.3219178082191781,0.0273972602739726,-0.4863013698630137,0.14383561643835616,-0.5273972602739726,0.15753424657534246
5,0.0,0.0,-0.35374149659863946,-0.14965986394557823,-0.6190476190476191,-0.2789115646258503,-0.8367346938775511,-0.2789115646258503,-0.9591836734693877,-0.17687074829931973,-0.4421768707482993,-0.673469387755102,-0.5782312925170068,-0.8095238095238095,-0.7142857142857143,-0.9047619047619048,-0.8299319727891157,-1.0,-0.23809523809523808,-0.6258503401360545,-0.6938775510204082,-0.3673469387755102,-0.7687074829931972,-0.09523809523809523,-0.7074829931972789,-0.034013605442176874,-0.08843537414965986,-0.4421768707482993,-0.5306122448979592,-0.1292517006802721,-0.6122448979591837,0.04081632653061224,-0.5578231292517006,0.034013605442176874,0.02040816326530612,-0.22448979591836735,-0.3333333333333333,0.027210884353741496,-0.4557823129251701,0.1292517006802721,-0.46938775510204084,0.1292517006802721
5,0.0,0.0,-0.3375796178343949,-0.17197452229299362,-0.6305732484076433,-0.2929936305732484,-0.8662420382165605,-0.25477707006369427,-1.0,-0.1592356687898089,-0.46496815286624205,-0.6114649681528662,-0.5859872611464968,-0.7579617834394905,-0.7197452229299363,-0.8471337579617835,-0.821656050955414,-0.9490445859872612,-0.28662420382165604,-0.5414012738853503,-0.6942675159235668,-0.36942675159235666,-0.8089171974522293,-0.12738853503184713,-0.7898089171974523,-0.05732484076433121,-0.16560509554140126,-0.35668789808917195,-0.5987261146496815,-0.12101910828025478,-0.6815286624203821,0.025477707006369428,-0.6369426751592356,0.025477707006369428,-0.08280254777070063,-0.1464968152866242,-0.4394904458598726,0.050955414012738856,-0.5668789808917197,0.12738853503184713,-0.5923566878980892,0.12101910828025478
5,0.0,0.0,-0.35443037974683544,-0.14556962025316456,-0.6329113924050633,-0.2721518987341772,-0.8481012658227848,-0.27848101265822783,-0.9746835443037974,-0.22784810126582278,-0.41139240506329117,-0.6582278481012658,-0.5253164556962026,-0.7974683544303798,-0.6645569620253164,-0.8987341772151899,-0.7784810126582279,-1.0,-0.2468354430379747,-0.5886075949367089,-0.6835443037974683,-0.4050632911392405,-0.7848101265822784,-0.17088607594936708,-0.7531645569620253,-0.08860759493670886,-0.12658227848101267,-0.41139240506329117,-0.5632911392405063,-0.16455696202531644,-0.6392405063291139,-0.0189873417721519,-0.6012658227848101,-0.012658227848101266,-0.05063291139240506,-0.20253164556962025,-0.3860759493670886,-0.012658227848101266,-0.5189873417721519,0.0759493670886076,-0.5443037974683544,0.0759493670886076
5,0.0,0.0,-0.35,-0.15,-0.6,-0.29375,-0.78125,-0.3125,-0.8875,-0.2375,-0.3375,-0.68125,-0.45,-0.8125,-0.5875,-0.90625,-0.7,-1.0,-0.16875,-0.6125,-0.6,-0.43125,-0.7125,-0.19375,-0.69375,-0.10625,-0.05625,-0.43125,-0.48125,-0.19375,-0.56875,-0.04375,-0.5375,-0.03125,0.00625,-0.21875,-0.325,-0.03125,-0.4625,0.05,-0.49375,0.05625
5,0.0,0.0,-0.32335329341317365,-0.15568862275449102,-0.562874251497006,-0.2934131736526946,-0.7544910179640718,-0.31736526946107785,-0.8682634730538922,-0.2754491017964072,-0.31736526946107785,-0.6706586826347305,-0.437125748502994,-0.8023952095808383,-0.5568862275449101,-0.9041916167664671,-0.6526946107784432,-1.0,-0.16167664670658682,-0.5988023952095808,-0.592814371257485,-0.4311377245508982,-0.688622754491018,-0.20958083832335328,-0.6586826347305389,-0.1317365269461078,-0.05389221556886228,-0.4251497005988024,-0.48502994011976047,-0.20359281437125748,-0.5568862275449101,-0.0658682634730539,-0.5149700598802395,-0.059880239520958084,0.005988023952095809,-0.2215568862275449,-0.31736526946107785,-0.05389221556886228,-0.4431137724550898,0.023952095808383235,-0.46706586826347307,0.029940119760479042
5,0.0,0.0,-0.3395061728395062,-0.14814814814814814,-0.6049382716049383,-0.2839506172839506,-0.8148148148148148,-0.2962962962962963,-0.9567901234567902,-0.2654320987654321,-0.37037037037037035,-0.654320987654321,-0.5,-0.8024691358024691,-0.6296296296296297,-0.9012345679012346,-0.7283950617283951,-1.0,-0.2222222222222222,-0.5802469135802469,-0.6296296296296297,-0.4567901234567901,-0.7777777777777778,-0.2345679012345679,-0.7901234567901234,-0.12345679012345678,-0.12962962962962962,-0.4074074074074074,-0.5432098765432098,-0.2222222222222222,-0.6481481481481481,-0.06790123456790123,-0.6358024691358025,-0.018518518518518517,-0.06790123456790123,-0.2037037037037037,-0.3950617283950617,-0.043209876543209874,-0.5308641975308642,0.037037037037037035,-0.5617283950617284,0.05555555555555555
5,0.0,0.0,-0.31901840490797545,-0.19631901840490798,-0.5828220858895705,-0.34355828220858897,-0.7914110429447853,-0.34355828220858897,-0.9263803680981595,-0.26993865030674846,-0.31901840490797545,-0.656441717791411,-0.44171779141104295,-0.7975460122699386,-0.5705521472392638,-0.8957055214723927,-0.6748466257668712,-1.0,-0.1656441717791411,-0.5705521472392638,-0.5950920245398773,-0.44171779141104295,-0.7361963190184049,-0.22699386503067484,-0.7361963190184049,-0.12883435582822086,-0.07975460122699386,-0.3803680981595092,-0.5276073619631901,-0.1901840490797546,-0.6196319018404908,-0.05521472392638037,-0.5766871165644172,-0.03067484662576687,-0.03067484662576687,-0.17177914110429449,-0.39263803680981596,-0.006134969325153374,-0.5337423312883436,0.06134969325153374,-0.558282208588957,0.06748466257668712
5,0.0,0.0,-0.29878048780487804,-0.22560975609756098,-0.5609756097560976,-0.3780487804878049,-0.774390243902439,-0.3719512195121951,-0.9146341463414634,-0.2926829268292683,-0.2682926829268293,-0.6463414634146342,-0.3902439024390244,-0.7926829268292683,-0.524390243902439,-0.9024390243902439,-0.6341463414634146,-1.0,-0.13414634146341464,-0.5426829268292683,-0.5975609756097561,-0.4451219512195122,-0.7378048780487805,-0.22560975609756098,-0.725609756097561,-0.1402439024390244,-0.06097560975609756,-0.3353658536585366,-0.5426829268292683,-0.1951219512195122,-0.6463414634146342,-0.07317073170731707,-0.5975609756097561,-0.04878048780487805,-0.036585365853658534,-0.11585365853658537,-0.42073170731707316,-0.006097560975609756,-0.5670731707317073,0.042682926829268296,-0.5853658536585366,0.042682926829268296
5,0.0,0.0,-0.2774566473988439,-0.23699421965317918,-0.5317919075144508,-0.4161849710982659,-0.7398843930635838,-0.4161849710982659,-0.8786127167630058,-0.34104046242774566,-0.2023121387283237,-0.6358381502890174,-0.3236994219653179,-0.7861271676300579,-0.44508670520231214,-0.8959537572254336,-0.5491329479768786,-1.0,-0.08670520231213873,-0.5028901734104047,-0.5491329479768786,-0.4624277456647399,-0.6936416184971098,-0.2774566473988439,-0.6763005780346821,-0.20809248554913296,-0.046242774566473986,-0.28901734104046245,-0.5375722543352601,-0.20809248554913296,-0.6416184971098265,-0.10982658959537572,-0.5895953757225434,-0.09248554913294797,-0.05202312138728324,-0.06358381502890173,-0.44508670520231214,-0.017341040462427744,-0.5838150289017341,0.011560693641618497,-0.6011560693641619,0.0
5,0.0,0.0,-0.23834196891191708,-0.22797927461139897,-0.45077720207253885,-0.40932642487046633,-0.6321243523316062,-0.45595854922279794,-0.772020725388601,-0.43005181347150256,-0.15025906735751296,-0.616580310880829,-0.24870466321243523,-0.7875647668393783,-0.35751295336787564,-0.9015544041450777,-0.45077720207253885,-1.0,-0.06217616580310881,-0.5025906735751295,-0.45077720207253885,-0.533678756476684,-0.6424870466321243,-0.38341968911917096,-0.6839378238341969,-0.29533678756476683,-0.04145077720207254,-0.3160621761658031,-0.46113989637305697,-0.29533678756476683,-0.5854922279792746,-0.20725388601036268,-0.5699481865284974,-0.17098445595854922,-0.06217616580310881,-0.11917098445595854,-0.39896373056994816,-0.09844559585492228,-0.5284974093264249,-0.07772020725388601,-0.533678756476684,-0.07772020725388601
5,0.0,0.0,-0.23076923076923078,-0.26666666666666666,-0.4666666666666667,-0.4666666666666667,-0.676923076923077,-0.5230769230769231,-0.8205128205128205,-0.4717948717948718,-0.18974358974358974,-0.6461538461538462,-0.28717948717948716,-0.7948717948717948,-0.39487179487179486,-0.9025641025641026,-0.48205128205128206,-1.0,-0.11794871794871795,-0.5282051282051282,-0.5333333333333333,-0.5333333333333333,-0.6923076923076923,-0.40512820512820513,-0.7333333333333333,-0.3230769230769231,-0.1076923076923077,-0.3384615384615385,-0.5230769230769231,-0.3128205128205128,-0.6256410256410256,-0.24615384615384617,-0.6205128205128205,-0.2205128205128205,-0.13333333333333333,-0.13333333333333333,-0.4564102564102564,-0.11794871794871795,-0.5846153846153846,-0.11282051282051282,-0.6256410256410256,-0.1282051282051282
5,0.0,0.0,-0.22885572139303484,-0.25870646766169153,-0.4577114427860697,-0.4577114427860697,-0.6666666666666666,-0.5174129353233831,-0.7910447761194029,-0.48258706467661694,-0.19402985074626866,-0.6417910447761194,-0.2885572139303483,-0.7910447761194029,-0.3880597014925373,-0.900497512437811,-0.46766169154228854,-1.0,-0.11442786069651742,-0.5223880597014925,-0.5024875621890548,-0.5472636815920398,-0.6666666666666666,-0.417910447761194,-0.7064676616915423,-0.3333333333333333,-0.1044776119402985,-0.34328358208955223,-0.5074626865671642,-0.32338308457711445,-0.6069651741293532,-0.24875621890547264,-0.5870646766169154,-0.22885572139303484,-0.13432835820895522,-0.14925373134328357,-0.46766169154228854,-0.13930348258706468,-0.5771144278606966,-0.12437810945273632,-0.5870646766169154,-0.13930348258706468
5,0.0,0.0,-0.23232323232323232,-0.26262626262626265,-0.4595959595959596,-0.46464646464646464,-0.6616161616161617,-0.5202020202020202,-0.7878787878787878,-0.4797979797979798,-0.1919191919191919,-0.6515151515151515,-0.2828282828282828,-0.803030303030303,-0.3838383838383838,-0.9090909090909091,-0.46464646464646464,-1.0,-0.1111111111111111,-0.5303030303030303,-0.494949494949495,-0.5404040404040404,-0.6666666666666666,-0.41919191919191917,-0.7121212121212122,-0.3383838383838384,-0.10101010101010101,-0.3383838383838384,-0.5,-0.31313131313131315,-0.6111111111111112,-0.25252525252525254,-0.601010101010101,-0.23232323232323232,-0.12626262626262627,-0.1414141414141414,-0.45454545454545453,-0.13131313131313133,-0.5707070707070707,-0.12121212121212122,-0.5909090909090909,-0.12626262626262627
5,0.0,0.0,-0.21717171717171718,-0.2777777777777778,-0.45454545454545453,-0.4898989898989899,-0.6717171717171717,-0.5454545454545454,-0.797979797979798,-0.5,-0.18181818181818182,-0.6464646464646465,-0.2727272727272727,-0.797979797979798,-0.3787878787878788,-0.9090909090909091,-0.46464646464646464,-1.0,-0.11616161616161616,-0.5202020202020202,-0.5505050505050505,-0.5353535353535354,-0.6868686868686869,-0.398989898989899,-0.696969696969697,-0.3181818181818182,-0.11616161616161616,-0.3282828282828283,-0.5606060606060606,-0.31313131313131315,-0.6262626262626263,-0.23737373737373738,-0.5707070707070707,-0.21717171717171718,-0.15656565656565657,-0.13131313131313133,-0.5151515151515151,-0.1414141414141414,-0.601010101010101,-0.13131313131313133,-0.5808080808080808,-0.1414141414141414
5,0.0,0.0,-0.18,-0.265,-0.42,-0.465,-0.645,-0.525,-0.78,-0.51,-0.15,-0.625,-0.25,-0.8,-0.365,-0.91,-0.46,-1.0,-0.095,-0.495,-0.495,-0.555,-0.66,-0.435,-0.685,-0.355,-0.105,-0.315,-0.52,-0.335,-0.62,-0.27,-0.595,-0.24,-0.15,-0.125,-0.495,-0.15,-0.6,-0.145,-0.6,-0.15
5,0.0,0.0,-0.1625615763546798,-0.2660098522167488,-0.3842364532019704,-0.4827586206896552,-0.5960591133004927,-0.5714285714285714,-0.729064039408867,-0.5566502463054187,-0.11822660098522167,-0.6108374384236454,-0.1921182266009852,-0.7832512315270936,-0.27586206896551724,-0.9014778325123153,-0.3399014778325123,-1.0,-0.07389162561576355,-0.4876847290640394,-0.4975369458128079,-0.5467980295566502,-0.6157635467980296,-0.4236453201970443,-0.6009852216748769,-0.3497536945812808,-0.09852216748768473,-0.3103448275862069,-0.5221674876847291,-0.3399014778325123,-0.5960591133004927,-0.2660098522167488,-0.5517241379310345,-0.23645320197044334,-0.15270935960591134,-0.12315270935960591,-0.47783251231527096,-0.1724137931034483,-0.5763546798029556,-0.1625615763546798,-0.5812807881773399,-0.16748768472906403
5,0.0,0.0,-0.13636363636363635,-0.2777777777777778,-0.3484848484848485,-0.5050505050505051,-0.5656565656565656,-0.5858585858585859,-0.6919191919191919,-0.5909090909090909,-0.07575757575757576,-0.6262626262626263,-0.14646464646464646,-0.7828282828282829,-0.22727272727272727,-0.9040404040404041,-0.29292929292929293,-1.0,-0.045454545454545456,-0.4898989898989899,-0.46464646464646464,-0.5808080808080808,-0.601010101010101,-0.47474747474747475,-0.6111111111111112,-0.4090909090909091,-0.08080808080808081,-0.30303030303030304,-0.51010101010101,-0.3686868686868687,-0.5808080808080808,-0.30808080808080807,-0.5303030303030303,-0.2777777777777778,-0.15656565656565657,-0.11616161616161616,-0.5,-0.1919191919191919,-0.5959595959595959,-0.19696969696969696,-0.5909090909090909,-0.20202020202020202
5,0.0,0.0,-0.11855670103092783,-0.28865979381443296,-0.32989690721649484,-0.5309278350515464,-0.5412371134020618,-0.6391752577319587,-0.6958762886597938,-0.634020618556701,-0.061855670103092786,-0.6082474226804123,-0.14432989690721648,-0.7680412371134021,-0.211340206185567,-0.8917525773195877,-0.26804123711340205,-1.0,-0.041237113402061855,-0.4690721649484536,-0.4742268041237113,-0.5773195876288659,-0.6134020618556701,-0.4793814432989691,-0.6185567010309279,-0.4020618556701031,-0.0979381443298969,-0.27835051546391754,-0.5360824742268041,-0.36597938144329895,-0.6185567010309279,-0.31958762886597936,-0.5824742268041238,-0.27835051546391754,-0.18556701030927836,-0.09278350515463918,-0.5154639175257731,-0.18556701030927836,-0.6185567010309279,-0.211340206185567,-0.634020618556701,-0.23195876288659795
5,0.0,0.0,-0.08376963350785341,-0.2879581151832461,-0.3036649214659686,-0.5392670157068062,-0.5392670157068062,-0.6492146596858639,-0.7068062827225131,-0.6544502617801047,-0.05759162303664921,-0.5968586387434555,-0.15706806282722513,-0.7696335078534031,-0.23036649214659685,-0.8952879581151832,-0.2879581151832461,-1.0,-0.06282722513089005,-0.450261780104712,-0.5287958115183246,-0.581151832460733,-0.6282722513089005,-0.4712041884816754,-0.5916230366492147,-0.387434554973822,-0.13612565445026178,-0.2617801047120419,-0.5968586387434555,-0.38219895287958117,-0.643979057591623,-0.3193717277486911,-0.5602094240837696,-0.2670157068062827,-0.2356020942408377,-0.07853403141361257,-0.6020942408376964,-0.2094240837696335,-0.6544502617801047,-0.21465968586387435,-0.5968586387434555,-0.2094240837696335
5,0.0,0.0,-0.09239130434782608,-0.30978260869565216,-0.32065217391304346,-0.5597826086956522,-0.5706521739130435,-0.657608695652174,-0.7336956521739131,-0.6358695652173914,-0.04891304347826087,-0.5978260869565217,-0.14673913043478262,-0.782608695652174,-0.21195652173913043,-0.907608695652174,-0.2608695652173913,-1.0,-0.059782608695652176,-0.44565217391304346,-0.5434782608695652,-0.5869565217391305,-0.6413043478260869,-0.483695652173913,-0.592391304347826,-0.40217391304347827,-0.13043478260869565,-0.24456521739130435,-0.6195652173913043,-0.375,-0.657608695652174,-0.32608695652173914,-0.5597826086956522,-0.266304347826087,-0.2391304347826087,-0.059782608695652176,-0.625,-0.20108695652173914,-0.6739130434782609,-0.21739130434782608,-0.6032608695652174,-0.20652173913043478
5,0.0,0.0,-0.06417112299465241,-0.2887700534759358,-0.26737967914438504,-0.5401069518716578,-0.5080213903743316,-0.6684491978609626,-0.6898395721925134,-0.7165775401069518,-0.0374331550802139,-0.5775401069518716,-0.13368983957219252,-0.7700534759358288,-0.19786096256684493,-0.9037433155080213,-0.25668449197860965,-1.0,-0.058823529411764705,-0.43315508021390375,-0.5026737967914439,-0.5935828877005348,-0.6256684491978609,-0.5080213903743316,-0.6203208556149733,-0.43315508021390375,-0.13368983957219252,-0.25133689839572193,-0.5721925133689839,-0.39037433155080214,-0.6417112299465241,-0.35294117647058826,-0.5989304812834224,-0.3155080213903743,-0.24064171122994651,-0.06951871657754011,-0.5668449197860963,-0.19786096256684493,-0.6577540106951871,-0.24064171122994651,-0.6631016042780749,-0.2620320855614973
5,0.0,0.0,-0.055248618784530384,-0.3259668508287293,-0.2596685082872928,-0.6132596685082873,-0.4972375690607735,-0.7237569060773481,-0.6685082872928176,-0.7016574585635359,0.0055248618784530384,-0.5911602209944752,-0.055248618784530384,-0.7790055248618785,-0.13259668508287292,-0.9005524861878453,-0.20994475138121546,-1.0,-0.027624309392265192,-0.43646408839779005,-0.48066298342541436,-0.6243093922651933,-0.56353591160221,-0.5414364640883977,-0.5248618784530387,-0.4585635359116022,-0.12154696132596685,-0.24861878453038674,-0.574585635359116,-0.43646408839779005,-0.5966850828729282,-0.39226519337016574,-0.5138121546961326,-0.3259668508287293,-0.24861878453038674,-0.0718232044198895,-0.585635359116022,-0.2541436464088398,-0.6574585635359116,-0.2983425414364641,-0.6298342541436464,-0.30386740331491713
5,0.0,0.0,-0.022598870056497175,-0.2994350282485876,-0.2033898305084746,-0.5649717514124294,-0.4406779661016949,-0.6949152542372882,-0.632768361581921,-0.7288135593220338,0.02824858757062147,-0.576271186440678,-0.022598870056497175,-0.768361581920904,-0.096045197740113,-0.903954802259887,-0.1807909604519774,-1.0,-0.01694915254237288,-0.4180790960451977,-0.4519774011299435,-0.6440677966101694,-0.559322033898305,-0.5819209039548022,-0.5480225988700564,-0.4971751412429379,-0.12994350282485875,-0.23163841807909605,-0.5706214689265536,-0.4576271186440678,-0.6045197740112994,-0.423728813559322,-0.5254237288135594,-0.3502824858757062,-0.2655367231638418,-0.062146892655367235,-0.6101694915254238,-0.2768361581920904,-0.6440677966101694,-0.3107344632768362,-0.5706214689265536,-0.288135593220339
5,0.0,0.0,-0.011111111111111112,-0.3,-0.18888888888888888,-0.5944444444444444,-0.4222222222222222,-0.7444444444444445,-0.6111111111111112,-0.7555555555555555,0.027777777777777776,-0.5666666666666667,-0.03888888888888889,-0.7666666666666667,-0.1,-0.9055555555555556,-0.17777777777777778,-1.0,-0.03333333333333333,-0.4222222222222222,-0.48333333333333334,-0.6611111111111111,-0.5333333333333333,-0.5833333333333334,-0.4722222222222222,-0.49444444444444446,-0.16111111111111112,-0.24444444444444444,-0.5888888888888889,-0.49444444444444446,-0.5777777777777777,-0.4444444444444444,-0.4777777777777778,-0.35555555555555557,-0.3055555555555556,-0.07777777777777778,-0.6444444444444445,-0.32222222222222224,-0.6555555555555556,-0.3333333333333333,-0.5833333333333334,-0.2833333333333333
5,0.0,0.0,0.027777777777777776,-0.31666666666666665,-0.1388888888888889,-0.6333333333333333,-0.37222222222222223,-0.7944444444444444,-0.5666666666666667,-0.7722222222222223,0.06666666666666667,-0.5611111111111111,0.005555555555555556,-0.7555555555555555,-0.044444444444444446,-0.8944444444444445,-0.10555555555555556,-1.0,-0.016666666666666666,-0.4222222222222222,-0.4388888888888889,-0.6722222222222223,-0.4666666666666667,-0.6055555555555555,-0.39444444444444443,-0.5166666666666667,-0.15555555555555556,-0.25555555555555554,-0.5611111111111111,-0.5277777777777778,-0.5277777777777778,-0.4777777777777778,-0.4222222222222222,-0.38333333333333336,-0.3111111111111111,-0.1,-0.6277777777777778,-0.35555555555555557,-0.6055555555555555,-0.36666666666666664,-0.5166666666666667,-0.3111111111111111
5,0.0,0.0,0.027932960893854747,-0.31843575418994413,-0.1340782122905028,-0.6368715083798883,-0.35195530726256985,-0.7988826815642458,-0.547486033519553,-0.7821229050279329,0.07262569832402235,-0.5642458100558659,0.0111731843575419,-0.7541899441340782,-0.0446927374301676,-0.8938547486033519,-0.11731843575418995,-1.0,-0.0111731843575419,-0.41899441340782123,-0.44692737430167595,-0.6815642458100558,-0.4748603351955307,-0.6145251396648045,-0.40782122905027934,-0.5363128491620112,-0.1564245810055866,-0.24581005586592178,-0.5642458100558659,-0.5251396648044693,-0.5418994413407822,-0.48044692737430167,-0.4301675977653631,-0.39106145251396646,-0.31843575418994413,-0.08379888268156424,-0.6312849162011173,-0.35195530726256985,-0.6201117318435754,-0.3743016759776536,-0.5418994413407822,-0.329608938547486
5,0.0,0.0,0.04,-0.34285714285714286,-0.10857142857142857,-0.68,-0.35428571428571426,-0.8514285714285714,-0.56,-0.84,0.09142857142857143,-0.56,0.02857142857142857,-0.76,-0.045714285714285714,-0.9085714285714286,-0.12571428571428572,-1.0,-0.022857142857142857,-0.4114285714285714,-0.44571428571428573,-0.7028571428571428,-0.44,-0.64,-0.3485714285714286,-0.5542857142857143,-0.18285714285714286,-0.25142857142857145,-0.5828571428571429,-0.5657142857142857,-0.52,-0.5142857142857142,-0.4057142857142857,-0.4114285714285714,-0.36,-0.10857142857142857,-0.6628571428571428,-0.38857142857142857,-0.6228571428571429,-0.38857142857142857,-0.52,-0.3142857142857143
5,0.0,0.0,0.05434782608695652,-0.33152173913043476,-0.08152173913043478,-0.6684782608695652,-0.31521739130434784,-0.8532608695652174,-0.5163043478260869,-0.8695652173913043,0.08152173913043478,-0.5706521739130435,0.021739130434782608,-0.782608695652174,-0.05434782608695652,-0.9130434782608695,-0.125,-1.0,-0.021739130434782608,-0.42934782608695654,-0.42391304347826086,-0.7336956521739131,-0.44565217391304346,-0.7010869565217391,-0.3695652173913043,-0.6195652173913043,-0.1793478260869565,-0.2717391304347826,-0.5543478260869565,-0.5978260869565217,-0.5271739130434783,-0.5652173913043478,-0.42391304347826086,-0.4782608695652174,-0.3423913043478261,-0.1358695652173913,-0.6304347826086957,-0.4076086956521739,-0.625,-0.45108695652173914,-0.5489130434782609,-0.43478260869565216
5,0.0,0.0,0.06521739130434782,-0.3532608695652174,-0.07065217391304347,-0.7010869565217391,-0.30434782608695654,-0.875,-0.5108695652173914,-0.8858695652173914,0.08695652173913043,-0.5869565217391305,0.03260869565217391,-0.8152173913043478,-0.05434782608695652,-0.9402173913043478,-0.13043478260869565,-1.0,-0.02717391304347826,-0.43478260869565216,-0.41847826086956524,-0.7608695652173914,-0.41304347826086957,-0.7010869565217391,-0.31521739130434784,-0.5978260869565217,-0.19021739130434784,-0.2826086956521739,-0.5597826086956522,-0.625,-0.5054347826086957,-0.5760869565217391,-0.3967391304347826,-0.4782608695652174,-0.358695652173913,-0.15217391304347827,-0.6304347826086957,-0.43478260869565216,-0.6032608695652174,-0.47282608695652173,-0.5217391304347826,-0.44021739130434784
5,0.0,0.0,0.11979166666666667,-0.3177083333333333,0.0625,-0.6770833333333334,-0.13541666666666666,-0.8854166666666666,-0.3385416666666667,-0.9375,0.14583333333333334,-0.546875,0.08854166666666667,-0.78125,0.010416666666666666,-0.921875,-0.057291666666666664,-1.0,-0.005208333333333333,-0.4322916666666667,-0.3020833333333333,-0.8177083333333334,-0.2708333333333333,-0.7291666666666666,-0.1875,-0.5833333333333334,-0.1875,-0.328125,-0.4583333333333333,-0.7083333333333334,-0.40625,-0.6354166666666666,-0.3229166666666667,-0.515625,-0.3697916666666667,-0.23958333333333334,-0.5677083333333334,-0.5572916666666666,-0.515625,-0.53125,-0.4479166666666667,-0.4322916666666667
5,0.0,0.0,0.13259668508287292,-0.3149171270718232,0.08839779005524862,-0.6850828729281768,-0.08287292817679558,-0.9281767955801105,-0.30386740331491713,-1.0,0.16022099447513813,-0.5303867403314917,0.07734806629834254,-0.7900552486187845,0.011049723756906077,-0.9281767955801105,-0.049723756906077346,-1.0,-0.022099447513812154,-0.40331491712707185,-0.30386740331491713,-0.850828729281768,-0.27071823204419887,-0.7845303867403315,-0.19337016574585636,-0.6408839779005525,-0.2265193370165746,-0.30386740331491713,-0.47513812154696133,-0.7513812154696132,-0.4143646408839779,-0.6961325966850829,-0.3370165745856354,-0.569060773480663,-0.425414364640884,-0.23204419889502761,-0.6132596685082873,-0.5966850828729282,-0.5469613259668509,-0.5966850828729282,-0.4696132596685083,-0.5138121546961326
5,0.0,0.0,0.14689265536723164,-0.2994350282485876,0.11864406779661017,-0.6666666666666666,-0.05084745762711865,-0.9152542372881356,-0.2655367231638418,-1.0,0.1807909604519774,-0.5028248587570622,0.096045197740113,-0.7966101694915254,0.005649717514124294,-0.9378531073446328,-0.07909604519774012,-0.9830508474576272,-0.01694915254237288,-0.3672316384180791,-0.2711864406779661,-0.847457627118644,-0.23163841807909605,-0.8192090395480226,-0.1638418079096045,-0.6836158192090396,-0.23163841807909605,-0.2711864406779661,-0.4519774011299435,-0.7457627118644068,-0.3785310734463277,-0.7175141242937854,-0.2994350282485876,-0.5932203389830508,-0.4293785310734463,-0.2033898305084746,-0.6045197740112994,-0.5932203389830508,-0.5310734463276836,-0.6045197740112994,-0.4519774011299435,-0.519774011299435
5,0.0,0.0,0.14857142857142858,-0.3028571428571429,0.10857142857142857,-0.6685714285714286,-0.06857142857142857,-0.92,-0.2914285714285714,-1.0,0.18285714285714286,-0.5142857142857142,0.09142857142857143,-0.7942857142857143,0.017142857142857144,-0.9314285714285714,-0.05142857142857143,-0.9714285714285714,-0.017142857142857144,-0.38285714285714284,-0.2914285714285714,-0.8457142857142858,-0.2571428571428571,-0.8,-0.18285714285714286,-0.6628571428571428,-0.2342857142857143,-0.2857142857142857,-0.4742857142857143,-0.7485714285714286,-0.4057142857142857,-0.7028571428571428,-0.3314285714285714,-0.5771428571428572,-0.44,-0.21142857142857144,-0.6171428571428571,-0.6,-0.5542857142857143,-0.6,-0.4857142857142857,-0.5142857142857142
5,0.0,0.0,0.15730337078651685,-0.3089887640449438,0.1348314606741573,-0.6797752808988764,-0.03932584269662921,-0.9325842696629213,-0.25842696629213485,-0.9943820224719101,0.1797752808988764,-0.5,0.10674157303370786,-0.7584269662921348,0.028089887640449437,-0.9101123595505618,-0.05056179775280899,-1.0,-0.016853932584269662,-0.38202247191011235,-0.25842696629213485,-0.8595505617977528,-0.19662921348314608,-0.8146067415730337,-0.12359550561797752,-0.6629213483146067,-0.2303370786516854,-0.29775280898876405,-0.4438202247191011,-0.7640449438202247,-0.3595505617977528,-0.7303370786516854,-0.29213483146067415,-0.5955056179775281,-0.42696629213483145,-0.2303370786516854,-0.5898876404494382,-0.6179775280898876,-0.5168539325842697,-0.6292134831460674,-0.4550561797752809,-0.5449438202247191
5,0.0,0.0,0.143646408839779,-0.287292817679558,0.1270718232044199,-0.6519337016574586,-0.016574585635359115,-0.9116022099447514,-0.23756906077348067,-0.9779005524861878,0.16574585635359115,-0.4972375690607735,0.06629834254143646,-0.7955801104972375,-0.0055248618784530384,-0.9337016574585635,-0.08287292817679558,-1.0,-0.03314917127071823,-0.3867403314917127,-0.2596685082872928,-0.850828729281768,-0.2154696132596685,-0.7900552486187845,-0.15469613259668508,-0.6408839779005525,-0.23756906077348067,-0.2983425414364641,-0.4419889502762431,-0.7569060773480663,-0.3701657458563536,-0.7016574585635359,-0.3149171270718232,-0.574585635359116,-0.430939226519337,-0.23756906077348067,-0.585635359116022,-0.6243093922651933,-0.5193370165745856,-0.6077348066298343,-0.4696132596685083,-0.5082872928176796
5,0.0,0.0,0.14925373134328357,-0.11442786069651742,0.11442786069651742,-0.44776119402985076,-0.01990049751243781,-0.6865671641791045,-0.19402985074626866,-0.8159203980099502,0.14925373134328357,-0.373134328358209,0.029850746268656716,-0.7014925373134329,-0.06965174129353234,-0.8756218905472637,-0.17412935323383086,-1.0,-0.04975124378109453,-0.27860696517412936,-0.21890547263681592,-0.6915422885572139,-0.16417910447761194,-0.6417910447761194,-0.10945273631840796,-0.5074626865671642,-0.24378109452736318,-0.19402985074626866,-0.3681592039800995,-0.6069651741293532,-0.3034825870646766,-0.5472636815920398,-0.25870646766169153,-0.4228855721393035,-0.4129353233830846,-0.13432835820895522,-0.5074626865671642,-0.48258706467661694,-0.4427860696517413,-0.44776119402985076,-0.4079601990049751,-0.34328358208955223
5,0.0,0.0,0.1896551724137931,-0.05747126436781609,0.21264367816091953,-0.3850574712643678,0.10919540229885058,-0.632183908045977,-0.08620689655172414,-0.7471264367816092,0.25862068965517243,-0.20114942528735633,0.15517241379310345,-0.6206896551724138,0.05172413793103448,-0.8505747126436781,-0.05172413793103448,-1.0,0.022988505747126436,-0.09770114942528736,-0.13218390804597702,-0.632183908045977,-0.07471264367816093,-0.5804597701149425,-0.017241379310344827,-0.42528735632183906,-0.21264367816091953,-0.034482758620689655,-0.3160919540229885,-0.5632183908045977,-0.2413793103448276,-0.5114942528735632,-0.19540229885057472,-0.3620689655172414,-0.40804597701149425,-0.011494252873563218,-0.4885057471264368,-0.4425287356321839,-0.40804597701149425,-0.4425287356321839,-0.3563218390804598,-0.3448275862068966
5,0.0,0.0,0.23333333333333334,-0.15833333333333333,0.44166666666666665,-0.44166666666666665,0.4083333333333333,-0.8,0.18333333333333332,-1.0,0.6083333333333333,-0.008333333333333333,0.525,-0.5333333333333333,0.38333333333333336,-0.7333333333333333,0.25,-0.8333333333333334,0.30833333333333335,0.175,0.09166666666666666,-0.6583333333333333,0.11666666666666667,-0.6083333333333333,0.16666666666666666,-0.4583333333333333,-0.025,0.24166666666666667,-0.19166666666666668,-0.5666666666666667,-0.13333333333333333,-0.44166666666666665,-0.058333333333333334,-0.225,-0.3333333333333333,0.25,-0.425,-0.4083333333333333,-0.35833333333333334,-0.325,-0.2916666666666667,-0.08333333333333333
5,0.0,0.0,0.2318840579710145,-0.2028985507246377,0.34057971014492755,-0.4927536231884058,0.21739130434782608,-0.8043478260869565,0.0,-1.0,0.3115942028985507,-0.12318840579710146,0.21014492753623187,-0.5869565217391305,0.15217391304347827,-0.7608695652173914,0.09420289855072464,-0.8768115942028986,0.06521739130434782,0.036231884057971016,-0.15942028985507245,-0.6231884057971014,-0.09420289855072464,-0.5652173913043478,-0.028985507246376812,-0.42028985507246375,-0.21014492753623187,0.10869565217391304,-0.38405797101449274,-0.5434782608695652,-0.2826086956521739,-0.4420289855072464,-0.18840579710144928,-0.26811594202898553,-0.4492753623188406,0.13043478260869565,-0.6014492753623188,-0.4057971014492754,-0.5072463768115942,-0.3188405797101449,-0.39855072463768115,-0.12318840579710146
5,0.0,0.0,0.2907801418439716,-0.24113475177304963,0.3829787234042553,-0.5106382978723404,0.2624113475177305,-0.75177304964539,0.0851063829787234,-0.9148936170212766,0.3971631205673759,-0.07092198581560284,0.28368794326241137,-0.5886524822695035,0.22695035460992907,-0.8368794326241135,0.16312056737588654,-1.0,0.14184397163120568,0.04964539007092199,-0.04964539007092199,-0.5673758865248227,0.014184397163120567,-0.5035460992907801,0.0851063829787234,-0.375886524822695,-0.12056737588652482,0.10638297872340426,-0.28368794326241137,-0.5035460992907801,-0.19148936170212766,-0.3900709219858156,-0.09219858156028368,-0.2198581560283688,-0.3546099290780142,0.12056737588652482,-0.48226950354609927,-0.3546099290780142,-0.3900709219858156,-0.2624113475177305,-0.28368794326241137,-0.0851063829787234
5,0.0,0.0,0.15639810426540285,-0.04265402843601896,0.12796208530805686,-0.32701421800947866,0.014218009478672985,-0.5450236966824644,-0.11374407582938388,-0.6492890995260664,0.14218009478672985,-0.3459715639810427,0.061611374407582936,-0.6729857819905213,-0.014218009478672985,-0.8578199052132701,-0.10426540284360189,-1.0,-0.04265402843601896,-0.27014218009478674,-0.1895734597156398,-0.6161137440758294,-0.15165876777251186,-0.5260663507109005,-0.10900473933649289,-0.3981042654028436,-0.22748815165876776,-0.1943127962085308,-0.33649289099526064,-0.5308056872037915,-0.2843601895734597,-0.4549763033175355,-0.24170616113744076,-0.33649289099526064,-0.3933649289099526,-0.12796208530805686,-0.47393364928909953,-0.4218009478672986,-0.4218009478672986,-0.3696682464454976,-0.3886255924170616,-0.26540284360189575
5,0.0,0.0,0.09913793103448276,-0.1336206896551724,0.0603448275862069,-0.40086206896551724,-0.05603448275862069,-0.5948275862068966,-0.20689655172413793,-0.6853448275862069,0.08620689655172414,-0.4482758620689655,-0.021551724137931036,-0.7241379310344828,-0.10775862068965517,-0.8836206896551724,-0.1853448275862069,-1.0,-0.05603448275862069,-0.3706896551724138,-0.27155172413793105,-0.6336206896551724,-0.25862068965517243,-0.5431034482758621,-0.20689655172413793,-0.4353448275862069,-0.2025862068965517,-0.2801724137931034,-0.38362068965517243,-0.5344827586206896,-0.3577586206896552,-0.4482758620689655,-0.30603448275862066,-0.35344827586206895,-0.34051724137931033,-0.1853448275862069,-0.47413793103448276,-0.41810344827586204,-0.44396551724137934,-0.3577586206896552,-0.40086206896551724,-0.27155172413793105
5,0.0,0.0,0.030303030303030304,-0.21212121212121213,-0.025974025974025976,-0.4458874458874459,-0.12987012987012986,-0.5800865800865801,-0.26406926406926406,-0.6190476190476191,-0.030303030303030304,-0.5411255411255411,-0.20346320346320346,-0.7705627705627706,-0.30303030303030304,-0.9004329004329005,-0.3852813852813853,-1.0,-0.10822510822510822,-0.45021645021645024,-0.4199134199134199,-0.6147186147186147,-0.42424242424242425,-0.5367965367965368,-0.354978354978355,-0.47186147186147187,-0.2077922077922078,-0.329004329004329,-0.48484848484848486,-0.5021645021645021,-0.47186147186147187,-0.4329004329004329,-0.4025974025974026,-0.3722943722943723,-0.3116883116883117,-0.2077922077922078,-0.5281385281385281,-0.3852813852813853,-0.5108225108225108,-0.3333333333333333,-0.45021645021645024,-0.26406926406926406
5,0.0,0.0,-0.027906976744186046,-0.24651162790697675,-0.19069767441860466,-0.46511627906976744,-0.4046511627906977,-0.5627906976744186,-0.5906976744186047,-0.5627906976744186,-0.13023255813953488,-0.5813953488372093,-0.33488372093023255,-0.7953488372093023,-0.4558139534883721,-0.9116279069767442,-0.5627906976744186,-1.0,-0.1813953488372093,-0.4790697674418605,-0.5395348837209303,-0.5813953488372093,-0.5534883720930233,-0.5023255813953489,-0.4930232558139535,-0.4558139534883721,-0.2558139534883721,-0.33488372093023255,-0.5767441860465117,-0.44651162790697674,-0.5627906976744186,-0.386046511627907,-0.4883720930232558,-0.34418604651162793,-0.3395348837209302,-0.18604651162790697,-0.6046511627906976,-0.3116279069767442,-0.6232558139534884,-0.29767441860465116,-0.5906976744186047,-0.26976744186046514
5,0.0,0.0,-0.09497206703910614,-0.3016759776536313,-0.33519553072625696,-0.5139664804469274,-0.6089385474860335,-0.5586592178770949,-0.8100558659217877,-0.5027932960893855,-0.2849162011173184,-0.6424581005586593,-0.5251396648044693,-0.8268156424581006,-0.6983240223463687,-0.9273743016759777,-0.8379888268156425,-1.0,-0.30726256983240224,-0.5083798882681564,-0.7541899441340782,-0.553072625698324,-0.7877094972067039,-0.45251396648044695,-0.7374301675977654,-0.40782122905027934,-0.3463687150837989,-0.329608938547486,-0.7653631284916201,-0.3575418994413408,-0.7262569832402235,-0.2849162011173184,-0.6089385474860335,-0.2569832402234637,-0.39664804469273746,-0.1452513966480447,-0.7541899441340782,-0.2011173184357542,-0.7318435754189944,-0.16759776536312848,-0.6256983240223464,-0.13966480446927373
5,0.0,0.0,-0.1901840490797546,-0.2822085889570552,-0.5030674846625767,-0.4662576687116564,-0.7975460122699386,-0.4785276073619632,-0.9693251533742331,-0.37423312883435583,-0.3987730061349693,-0.6380368098159509,-0.6625766871165644,-0.7914110429447853,-0.852760736196319,-0.8773006134969326,-1.0,-0.950920245398773,-0.3558282208588957,-0.5030674846625767,-0.8466257668711656,-0.4723926380368098,-0.8895705521472392,-0.34355828220858897,-0.8282208588957055,-0.294478527607362,-0.3496932515337423,-0.3006134969325153,-0.8159509202453987,-0.24539877300613497,-0.7914110429447853,-0.17177914110429449,-0.6687116564417178,-0.1656441717791411,-0.36809815950920244,-0.09202453987730061,-0.7791411042944786,-0.0736196319018405,-0.7668711656441718,-0.04294478527607362,-0.6625766871165644,-0.04294478527607362
5,0.0,0.0,-0.30057803468208094,-0.1907514450867052,-0.6242774566473989,-0.2774566473988439,-0.8554913294797688,-0.2138728323699422,-0.953757225433526,-0.08092485549132948,-0.4797687861271676,-0.5028901734104047,-0.6878612716763006,-0.5895953757225434,-0.8497109826589595,-0.6473988439306358,-1.0,-0.6994219653179191,-0.37572254335260113,-0.3988439306358382,-0.8092485549132948,-0.23699421965317918,-0.8670520231213873,-0.10404624277456648,-0.8439306358381503,-0.05202312138728324,-0.30057803468208094,-0.2138728323699422,-0.7456647398843931,-0.017341040462427744,-0.7225433526011561,0.05202312138728324,-0.6242774566473989,0.03468208092485549,-0.2658959537572254,-0.017341040462427744,-0.6416184971098265,0.11560693641618497,-0.6473988439306358,0.14450867052023122,-0.5722543352601156,0.12138728323699421
5,0.0,0.0,-0.3508771929824561,-0.13450292397660818,-0.672514619883041,-0.19883040935672514,-0.8713450292397661,-0.10526315789473684,-0.9298245614035088,0.03508771929824561,-0.5321637426900585,-0.4678362573099415,-0.7192982456140351,-0.5380116959064327,-0.8654970760233918,-0.5789473684210527,-1.0,-0.631578947368421,-0.391812865497076,-0.39766081871345027,-0.7953216374269005,-0.13450292397660818,-0.7953216374269005,0.04678362573099415,-0.7192982456140351,0.08187134502923976,-0.27485380116959063,-0.23976608187134502,-0.672514619883041,0.03508771929824561,-0.6491228070175439,0.13450292397660818,-0.5614035087719298,0.10526315789473684,-0.19298245614035087,-0.04678362573099415,-0.5263157894736842,0.14619883040935672,-0.5555555555555556,0.2046783625730994,-0.49707602339181284,0.17543859649122806
5,0.0,0.0,-0.3372093023255814,-0.10465116279069768,-0.6395348837209303,-0.13953488372093023,-0.8255813953488372,-0.046511627906976744,-0.8837209302325582,0.0872093023255814,-0.5406976744186046,-0.4418604651162791,-0.7093023255813954,-0.5,-0.8546511627906976,-0.5406976744186046,-1.0,-0.5813953488372093,-0.38953488372093026,-0.4069767441860465,-0.7383720930232558,-0.06395348837209303,-0.7093023255813954,0.11627906976744186,-0.6395348837209303,0.13953488372093023,-0.2558139534883721,-0.2616279069767442,-0.5930232558139535,0.06976744186046512,-0.5813953488372093,0.16279069767441862,-0.5290697674418605,0.11627906976744186,-0.1569767441860465,-0.0872093023255814,-0.436046511627907,0.1569767441860465,-0.46511627906976744,0.22093023255813954,-0.436046511627907,0.18604651162790697
5,0.0,0.0,-0.3375,-0.01875,-0.60625,-0.03125,-0.75625,0.06875,-0.78125,0.1875,-0.625,-0.39375,-0.74375,-0.43125,-0.86875,-0.45,-1.0,-0.4875,-0.43125,-0.43125,-0.65,0.00625,-0.5875,0.1875,-0.5125,0.18125,-0.225,-0.3375,-0.43125,0.1125,-0.39375,0.225,-0.34375,0.175,-0.04375,-0.19375,-0.23125,0.1375,-0.25625,0.2375,-0.25,0.225
5,0.0,0.0,-0.3,0.0,-0.5466666666666666,0.013333333333333334,-0.6866666666666666,0.12666666666666668,-0.7,0.24666666666666667,-0.6133333333333333,-0.42,-0.7466666666666667,-0.4266666666666667,-0.88,-0.43333333333333335,-1.0,-0.4533333333333333,-0.41333333333333333,-0.49333333333333335,-0.5666666666666667,0.006666666666666667,-0.5333333333333333,0.22,-0.49333333333333335,0.22,-0.18,-0.41333333333333333,-0.32666666666666666,0.1,-0.35333333333333333,0.24,-0.36666666666666664,0.2,0.02,-0.26666666666666666,-0.12666666666666668,0.10666666666666667,-0.20666666666666667,0.23333333333333334,-0.24666666666666667,0.23333333333333334
5,0.0,0.0,-0.22758620689655173,0.06896551724137931,-0.47586206896551725,0.11724137931034483,-0.6137931034482759,0.2,-0.6,0.2413793103448276,-0.6620689655172414,-0.3586206896551724,-0.7655172413793103,-0.42758620689655175,-0.8827586206896552,-0.46206896551724136,-1.0,-0.503448275862069,-0.4689655172413793,-0.5310344827586206,-0.46206896551724136,-0.08275862068965517,-0.38620689655172413,0.15172413793103448,-0.32413793103448274,0.18620689655172415,-0.21379310344827587,-0.5379310344827586,-0.18620689655172415,-0.05517241379310345,-0.18620689655172415,0.13793103448275862,-0.19310344827586207,0.15862068965517243,0.034482758620689655,-0.45517241379310347,0.027586206896551724,-0.0896551724137931,-0.013793103448275862,0.06206896551724138,-0.034482758620689655,0.08275862068965517
5,0.0,0.0,-0.22297297297297297,0.12837837837837837,-0.49324324324324326,0.21621621621621623,-0.5540540540540541,0.28378378378378377,-0.39864864864864863,0.22297297297297297,-0.7162162162162162,-0.2635135135135135,-0.8040540540540541,-0.34459459459459457,-0.9054054054054054,-0.3716216216216216,-1.0,-0.41216216216216217,-0.5743243243243243,-0.5135135135135135,-0.41216216216216217,-0.0945945945945946,-0.27702702702702703,0.16891891891891891,-0.23648648648648649,0.18243243243243243,-0.3310810810810811,-0.6013513513513513,-0.14189189189189189,-0.1554054054054054,-0.0945945945945946,0.0945945945945946,-0.12162162162162163,0.11486486486486487,-0.060810810810810814,-0.6013513513513513,0.060810810810810814,-0.25675675675675674,0.08783783783783784,-0.08108108108108109,0.06756756756756757,-0.060810810810810814
5,0.0,0.0,-0.21052631578947367,0.125,-0.4473684210526316,0.23026315789473684,-0.506578947368421,0.3026315789473684,-0.3684210526315789,0.2236842105263158,-0.7171052631578947,-0.19736842105263158,-0.8026315789473685,-0.27631578947368424,-0.8947368421052632,-0.3092105263157895,-1.0,-0.35526315789473684,-0.6118421052631579,-0.45394736842105265,-0.40131578947368424,-0.07894736842105263,-0.24342105263157895,0.16447368421052633,-0.21052631578947367,0.19736842105263158,-0.3881578947368421,-0.5723684210526315,-0.16447368421052633,-0.17763157894736842,-0.07894736842105263,0.05263157894736842,-0.07894736842105263,0.09868421052631579,-0.13815789473684212,-0.618421052631579,0.013157894736842105,-0.3026315789473684,0.07236842105263158,-0.125,0.06578947368421052,-0.07894736842105263
5,0.0,0.0,-0.19310344827586207,0.15172413793103448,-0.4206896551724138,0.2827586206896552,-0.45517241379310347,0.3793103448275862,-0.296551724137931,0.30344827586206896,-0.7379310344827587,-0.11724137931034483,-0.8206896551724138,-0.18620689655172415,-0.9103448275862069,-0.22758620689655173,-1.0,-0.2827586206896552,-0.6482758620689655,-0.3931034482758621,-0.3724137931034483,-0.020689655172413793,-0.18620689655172415,0.2206896551724138,-0.15862068965517243,0.25517241379310346,-0.42758620689655175,-0.5379310344827586,-0.1310344827586207,-0.14482758620689656,-0.020689655172413793,0.0896551724137931,-0.034482758620689655,0.14482758620689656,-0.1793103448275862,-0.6,0.041379310344827586,-0.2689655172413793,0.11724137931034483,-0.07586206896551724,0.1103448275862069,-0.027586206896551724
5,0.0,0.0,-0.19148936170212766,0.16312056737588654,-0.41843971631205673,0.3049645390070922,-0.45390070921985815,0.40425531914893614,-0.2978723404255319,0.3191489361702128,-0.7801418439716312,-0.07801418439716312,-0.8368794326241135,-0.12056737588652482,-0.9148936170212766,-0.12056737588652482,-1.0,-0.14893617021276595,-0.7163120567375887,-0.36879432624113473,-0.3829787234042553,0.0,-0.1773049645390071,0.22695035460992907,-0.16312056737588654,0.24113475177304963,-0.5035460992907801,-0.5319148936170213,-0.1702127659574468,-0.15602836879432624,-0.04964539007092199,0.07801418439716312,-0.06382978723404255,0.1276595744680851,-0.24822695035460993,-0.6099290780141844,0.0070921985815602835,-0.28368794326241137,0.09219858156028368,-0.09219858156028368,0.07801418439716312,-0.03546099290780142
5,0.0,0.0,-0.176056338028169,0.176056338028169,-0.4014084507042254,0.34507042253521125,-0.4014084507042254,0.4507042253521127,-0.2535211267605634,0.36619718309859156,-0.7605633802816901,-0.02112676056338028,-0.823943661971831,-0.04225352112676056,-0.9014084507042254,-0.02112676056338028,-1.0,-0.035211267605633804,-0.704225352112676,-0.31690140845070425,-0.3380281690140845,0.09154929577464789,-0.15492957746478872,0.2887323943661972,-0.1619718309859155,0.2676056338028169,-0.5,-0.4859154929577465,-0.1267605633802817,-0.08450704225352113,-0.035211267605633804,0.11267605633802817,-0.07746478873239436,0.11971830985915492,-0.2535211267605634,-0.5845070422535211,0.014084507042253521,-0.2676056338028169,0.08450704225352113,-0.11267605633802817,0.06338028169014084,-0.11267605633802817
5,0.0,0.0,-0.14388489208633093,0.2014388489208633,-0.33093525179856115,0.39568345323741005,-0.2805755395683453,0.4892086330935252,-0.1223021582733813,0.39568345323741005,-0.7697841726618705,0.08633093525179857,-0.8201438848920863,0.06474820143884892,-0.8992805755395683,0.10071942446043165,-1.0,0.1079136690647482,-0.7482014388489209,-0.22302158273381295,-0.31654676258992803,0.08633093525179857,-0.09352517985611511,0.26618705035971224,-0.09352517985611511,0.2733812949640288,-0.5539568345323741,-0.4316546762589928,-0.1223021582733813,-0.1223021582733813,0.02158273381294964,0.1079136690647482,-0.007194244604316547,0.15827338129496402,-0.302158273381295,-0.5611510791366906,0.02158273381294964,-0.2949640287769784,0.12949640287769784,-0.10071942446043165,0.1223021582733813,-0.04316546762589928
5,0.0,0.0,-0.15217391304347827,0.21739130434782608,-0.34782608695652173,0.427536231884058,-0.30434782608695654,0.5289855072463768,-0.14492753623188406,0.4420289855072464,-0.7898550724637681,0.07971014492753623,-0.8260869565217391,0.10144927536231885,-0.9057971014492754,0.13768115942028986,-1.0,0.13768115942028986,-0.7608695652173914,-0.2318840579710145,-0.3115942028985507,0.13043478260869565,-0.07971014492753623,0.32608695652173914,-0.10144927536231885,0.30434782608695654,-0.5434782608695652,-0.427536231884058,-0.12318840579710146,-0.07971014492753623,0.014492753623188406,0.14492753623188406,-0.014492753623188406,0.18840579710144928,-0.2898550724637681,-0.5507246376811594,0.036231884057971016,-0.26811594202898553,0.13043478260869565,-0.07971014492753623,0.11594202898550725,-0.028985507246376812
5,0.0,0.0,-0.09022556390977443,0.24812030075187969,-0.22556390977443608,0.48872180451127817,-0.16541353383458646,0.5488721804511278,-0.007518796992481203,0.3609022556390977,-0.7293233082706767,0.23308270676691728,-0.8120300751879699,0.21052631578947367,-0.9022556390977443,0.22556390977443608,-1.0,0.21804511278195488,-0.7819548872180451,-0.11278195488721804,-0.2932330827067669,0.07518796992481203,0.015037593984962405,0.24060150375939848,0.05263157894736842,0.2781954887218045,-0.6390977443609023,-0.37593984962406013,-0.13533834586466165,-0.15037593984962405,0.07518796992481203,0.045112781954887216,0.06015037593984962,0.11278195488721804,-0.42857142857142855,-0.5714285714285714,-0.045112781954887216,-0.3609022556390977,0.11278195488721804,-0.18796992481203006,0.12781954887218044,-0.12030075187969924
5,0.0,0.0,-0.07194244604316546,0.2302158273381295,-0.18705035971223022,0.45323741007194246,-0.14388489208633093,0.5107913669064749,-0.02877697841726619,0.34532374100719426,-0.7266187050359713,0.18705035971223022,-0.8345323741007195,0.15827338129496402,-0.9136690647482014,0.17985611510791366,-1.0,0.19424460431654678,-0.7697841726618705,-0.14388489208633093,-0.3237410071942446,0.0,-0.02877697841726619,0.18705035971223022,0.04316546762589928,0.2589928057553957,-0.6187050359712231,-0.4028776978417266,-0.1510791366906475,-0.20863309352517986,0.07194244604316546,0.0,0.1079136690647482,0.10071942446043165,-0.41007194244604317,-0.5827338129496403,-0.03597122302158273,-0.39568345323741005,0.14388489208633093,-0.2014388489208633,0.17985611510791366,-0.09352517985611511
5,0.0,0.0,-0.08695652173913043,0.2318840579710145,-0.2246376811594203,0.4782608695652174,-0.15942028985507245,0.5507246376811594,-0.007246376811594203,0.38405797101449274,-0.7463768115942029,0.17391304347826086,-0.8405797101449275,0.16666666666666666,-0.9202898550724637,0.21014492753623187,-1.0,0.2318840579710145,-0.7753623188405797,-0.15942028985507245,-0.3115942028985507,0.036231884057971016,-0.007246376811594203,0.2318840579710145,0.057971014492753624,0.2898550724637681,-0.6159420289855072,-0.41304347826086957,-0.12318840579710146,-0.18115942028985507,0.10869565217391304,0.043478260869565216,0.13043478260869565,0.13043478260869565,-0.38405797101449274,-0.5942028985507246,0.007246376811594203,-0.3695652173913043,0.17391304347826086,-0.17391304347826086,0.2028985507246377,-0.07246376811594203
5,0.0,0.0,-0.05970149253731343,0.23880597014925373,-0.14925373134328357,0.4925373134328358,-0.09701492537313433,0.582089552238806,-0.03731343283582089,0.4552238805970149,-0.8283582089552238,0.14925373134328357,-0.9253731343283582,0.13432835820895522,-0.9850746268656716,0.1865671641791045,-1.0,0.23880597014925373,-0.8432835820895522,-0.23134328358208955,-0.208955223880597,0.029850746268656716,0.07462686567164178,0.27611940298507465,0.04477611940298507,0.35074626865671643,-0.6417910447761194,-0.5149253731343284,0.007462686567164179,-0.20149253731343283,0.17164179104477612,0.05223880597014925,0.11194029850746269,0.1417910447761194,-0.373134328358209,-0.7089552238805971,0.11194029850746269,-0.4253731343283582,0.23134328358208955,-0.23134328358208955,0.1865671641791045,-0.17164179104477612
5,0.0,0.0,-0.015625,0.34375,-0.078125,0.6640625,0.046875,0.6796875,0.1640625,0.4609375,-0.8515625,0.2734375,-0.9765625,0.2578125,-1.0,0.2890625,-0.984375,0.2890625,-0.890625,-0.1640625,-0.1796875,0.0625,0.1484375,0.3359375,0.1171875,0.4140625,-0.6796875,-0.5,0.09375,-0.21875,0.3046875,0.078125,0.2421875,0.1875,-0.3828125,-0.75,0.21875,-0.4765625,0.390625,-0.2265625,0.3671875,-0.1171875
5,0.0,0.0,0.02127659574468085,0.3120567375886525,-0.0070921985815602835,0.6099290780141844,0.09219858156028368,0.6312056737588653,0.16312056737588654,0.4397163120567376,-0.8156028368794326,0.2907801418439716,-0.9645390070921985,0.2198581560283688,-1.0,0.23404255319148937,-1.0,0.2553191489361702,-0.9078014184397163,-0.14893617021276595,-0.19858156028368795,0.04964539007092199,0.1773049645390071,0.2978723404255319,0.24822695035460993,0.40425531914893614,-0.7304964539007093,-0.48936170212765956,0.0425531914893617,-0.22695035460992907,0.3191489361702128,0.05673758865248227,0.3191489361702128,0.19148936170212766,-0.45390070921985815,-0.75177304964539,0.14893617021276595,-0.5035460992907801,0.36879432624113473,-0.28368794326241137,0.375886524822695,-0.1702127659574468
5,0.0,0.0,0.0,0.4251968503937008,-0.05511811023622047,0.8188976377952756,0.2125984251968504,0.7952755905511811,0.4645669291338583,0.47244094488188976,-0.952755905511811,0.3779527559055118,-0.9763779527559056,0.3700787401574803,-0.8976377952755905,0.3779527559055118,-0.8661417322834646,0.3464566929133858,-1.0,-0.14173228346456693,-0.06299212598425197,0.06299212598425197,0.31496062992125984,0.3700787401574803,0.1889763779527559,0.4645669291338583,-0.7716535433070866,-0.5590551181102362,0.2125984251968504,-0.33858267716535434,0.4409448818897638,0.023622047244094488,0.30708661417322836,0.15748031496062992,-0.44881889763779526,-0.8582677165354331,0.31496062992125984,-0.6456692913385826,0.4881889763779528,-0.33858267716535434,0.4251968503937008,-0.1968503937007874
5,0.0,0.0,-0.015384615384615385,0.43846153846153846,-0.046153846153846156,0.8307692307692308,0.2153846153846154,0.8076923076923077,0.4076923076923077,0.4846153846153846,-0.9307692307692308,0.4076923076923077,-0.9846153846153847,0.3923076923076923,-0.9846153846153847,0.3769230769230769,-0.9769230769230769,0.33076923076923076,-1.0,-0.13076923076923078,-0.046153846153846156,0.038461538461538464,0.3,0.3384615384615385,0.2153846153846154,0.45384615384615384,-0.7538461538461538,-0.5615384615384615,0.25384615384615383,-0.36923076923076925,0.46153846153846156,0.007692307692307693,0.33076923076923076,0.18461538461538463,-0.4230769230769231,-0.8769230769230769,0.36923076923076925,-0.676923076923077,0.5615384615384615,-0.35384615384615387,0.5153846153846153,-0.16923076923076924
5,0.0,0.0,0.006711409395973154,0.4161073825503356,-0.006711409395973154,0.7919463087248322,0.22818791946308725,0.785234899328859,0.38926174496644295,0.4899328859060403,-0.8389261744966443,0.42953020134228187,-0.9664429530201343,0.3825503355704698,-1.0,0.4161073825503356,-0.9932885906040269,0.436241610738255,-0.9463087248322147,-0.0738255033557047,-0.10067114093959731,0.08053691275167785,0.2751677852348993,0.35570469798657717,0.19463087248322147,0.44966442953020136,-0.7516778523489933,-0.48322147651006714,0.174496644295302,-0.2953020134228188,0.40268456375838924,0.026845637583892617,0.2684563758389262,0.1610738255033557,-0.44966442953020136,-0.7919463087248322,0.28859060402684567,-0.5771812080536913,0.47651006711409394,-0.3087248322147651,0.42953020134228187,-0.16778523489932887
5,0.0,0.0,-0.013245033112582781,0.3973509933774834,-0.052980132450331126,0.7947019867549668,0.24503311258278146,0.8013245033112583,0.5099337748344371,0.4900662251655629,-0.9006622516556292,0.423841059602649,-1.0,0.3841059602649007,-1.0,0.40397350993377484,-0.9536423841059603,0.40397350993377484,-0.9668874172185431,-0.09933774834437085,-0.059602649006622516,0.06622516556291391,0.31788079470198677,0.3708609271523179,0.23841059602649006,0.48344370860927155,-0.7350993377483444,-0.5231788079470199,0.23178807947019867,-0.33774834437086093,0.4503311258278146,0.033112582781456956,0.31788079470198677,0.2052980132450331,-0.4105960264900662,-0.8344370860927153,0.3576158940397351,-0.5960264900662252,0.5231788079470199,-0.2781456953642384,0.46357615894039733,-0.11920529801324503
5,0.0,0.0,0.041916167664670656,0.39520958083832336,0.017964071856287425,0.7964071856287425,0.281437125748503,0.7844311377245509,0.5269461077844312,0.437125748502994,-0.7365269461077845,0.3413173652694611,-0.9101796407185628,0.30538922155688625,-0.9580838323353293,0.2994011976047904,-1.0,0.2215568862275449,-0.8143712574850299,-0.1437125748502994,0.0,0.011976047904191617,0.3532934131736527,0.31137724550898205,0.25149700598802394,0.39520958083832336,-0.6047904191616766,-0.5029940119760479,0.25748502994011974,-0.3413173652694611,0.47904191616766467,0.017964071856287425,0.3652694610778443,0.18562874251497005,-0.31137724550898205,-0.7604790419161677,0.33532934131736525,-0.5808383233532934,0.5089820359281437,-0.2754491017964072,0.5029940119760479,-0.10778443113772455
5,0.0,0.0,0.057971014492753624,0.41304347826086957,0.050724637681159424,0.8188405797101449,0.2536231884057971,0.8478260869565217,0.4492753623188406,0.6159420289855072,-0.8768115942028986,0.47101449275362317,-0.7971014492753623,0.5072463768115942,-0.8115942028985508,0.572463768115942,-0.9420289855072463,0.6304347826086957,-1.0,-0.028985507246376812,-0.014492753623188406,0.12318840579710146,0.39855072463768115,0.41304347826086957,0.34782608695652173,0.5579710144927537,-0.8333333333333334,-0.4492753623188406,0.18840579710144928,-0.2753623188405797,0.5144927536231884,0.07246376811594203,0.45652173913043476,0.26811594202898553,-0.5507246376811594,-0.7753623188405797,0.2463768115942029,-0.6014492753623188,0.5289855072463768,-0.2898550724637681,0.5289855072463768,-0.09420289855072464
5,0.0,0.0,0.0032679738562091504,0.19281045751633988,-0.016339869281045753,0.3758169934640523,0.058823529411764705,0.37254901960784315,0.1503267973856209,0.2647058823529412,-0.4444444444444444,0.19934640522875818,-0.6176470588235294,0.18627450980392157,-0.8071895424836601,0.17647058823529413,-1.0,0.1437908496732026,-0.5196078431372549,-0.042483660130718956,-0.10457516339869281,0.042483660130718956,0.1111111111111111,0.1830065359477124,0.0915032679738562,0.22549019607843138,-0.4150326797385621,-0.23202614379084968,0.032679738562091505,-0.1437908496732026,0.16666666666666666,0.0392156862745098,0.1437908496732026,0.12745098039215685,-0.2581699346405229,-0.3660130718954248,0.08169934640522876,-0.2777777777777778,0.1895424836601307,-0.12418300653594772,0.19281045751633988,-0.042483660130718956
5,0.0,0.0,0.010452961672473868,0.20557491289198607,-0.017421602787456445,0.3797909407665505,0.04529616724738676,0.3797909407665505,0.13240418118466898,0.2682926829268293,-0.43205574912891986,0.20209059233449478,-0.6445993031358885,0.18466898954703834,-0.8222996515679443,0.1602787456445993,-1.0,0.11498257839721254,-0.5087108013937283,-0.03832752613240418,-0.0975609756097561,0.03484320557491289,0.1254355400696864,0.14634146341463414,0.14285714285714285,0.1951219512195122,-0.41114982578397213,-0.23693379790940766,0.04529616724738676,-0.13937282229965156,0.1951219512195122,0.024390243902439025,0.20209059233449478,0.11498257839721254,-0.25435540069686413,-0.37630662020905925,0.09059233449477352,-0.28222996515679444,0.2264808362369338,-0.13937282229965156,0.24738675958188153,-0.04529616724738676
5,0.0,0.0,0.008298755186721992,0.21991701244813278,-0.029045643153526972,0.42323651452282157,0.07468879668049792,0.3983402489626556,0.21161825726141079,0.24896265560165975,-0.46887966804979253,0.25311203319502074,-0.6639004149377593,0.24481327800829875,-0.8298755186721992,0.22406639004149378,-1.0,0.1825726141078838,-0.5518672199170125,-0.024896265560165973,-0.08713692946058091,0.06639004149377593,0.12863070539419086,0.1991701244813278,0.11618257261410789,0.25311203319502074,-0.44398340248962653,-0.24896265560165975,0.04979253112033195,-0.13692946058091288,0.1825726141078838,0.04564315352697095,0.16597510373443983,0.14937759336099585,-0.2821576763485477,-0.4066390041493776,0.0954356846473029,-0.3029045643153527,0.21991701244813278,-0.15352697095435686,0.23651452282157676,-0.06224066390041494
5,0.0,0.0,0.02512562814070352,0.2613065326633166,0.0,0.48743718592964824,0.1407035175879397,0.457286432160804,0.2864321608040201,0.2864321608040201,-0.47738693467336685,0.2964824120603015,-0.6633165829145728,0.2914572864321608,-0.8291457286432161,0.2814070351758794,-1.0,0.25125628140703515,-0.5778894472361809,-0.020100502512562814,-0.020100502512562814,0.06532663316582915,0.20100502512562815,0.21105527638190955,0.22110552763819097,0.2864321608040201,-0.4623115577889447,-0.2814070351758794,0.11557788944723618,-0.1407035175879397,0.2613065326633166,0.06532663316582915,0.2562814070351759,0.18090452261306533,-0.2864321608040201,-0.4824120603015075,0.16080402010050251,-0.36180904522613067,0.3065326633165829,-0.18592964824120603,0.3417085427135678,-0.07035175879396985
5,0.0,0.0,0.022099447513812154,0.27624309392265195,-0.0055248618784530384,0.5193370165745856,0.1270718232044199,0.5027624309392266,0.287292817679558,0.3259668508287293,-0.5193370165745856,0.32044198895027626,-0.6906077348066298,0.2983425414364641,-0.8397790055248618,0.292817679558011,-1.0,0.2596685082872928,-0.6132596685082873,0.0,-0.03867403314917127,0.09392265193370165,0.1878453038674033,0.24861878453038674,0.19889502762430938,0.3149171270718232,-0.4972375690607735,-0.26519337016574585,0.09944751381215469,-0.13259668508287292,0.2430939226519337,0.06629834254143646,0.22099447513812154,0.17679558011049723,-0.32044198895027626,-0.4696132596685083,0.14917127071823205,-0.35359116022099446,0.281767955801105,-0.17679558011049723,0.292817679558011,-0.06629834254143646
5,0.0,0.0,0.005319148936170213,0.23404255319148937,-0.005319148936170213,0.425531914893617,0.13829787234042554,0.4095744680851064,0.2872340425531915,0.26595744680851063,-0.4734042553191489,0.23404255319148937,-0.6595744680851063,0.2127659574468085,-0.8297872340425532,0.18617021276595744,-1.0,0.1276595744680851,-0.5638297872340425,-0.05851063829787234,-0.07446808510638298,0.026595744680851064,0.15425531914893617,0.17553191489361702,0.15425531914893617,0.22340425531914893,-0.4574468085106383,-0.2925531914893617,0.0797872340425532,-0.18085106382978725,0.2127659574468085,0.015957446808510637,0.18085106382978725,0.10638297872340426,-0.2872340425531915,-0.4574468085106383,0.1276595744680851,-0.32978723404255317,0.2393617021276596,-0.16489361702127658,0.23404255319148937,-0.0797872340425532
5,0.0,0.0,-0.011235955056179775,0.2303370786516854,-0.03932584269662921,0.4157303370786517,0.06179775280898876,0.38202247191011235,0.12921348314606743,0.24719101123595505,-0.5224719101123596,0.21348314606741572,-0.6910112359550562,0.1797752808988764,-0.848314606741573,0.15168539325842698,-1.0,0.10112359550561797,-0.6067415730337079,-0.07865168539325842,-0.1348314606741573,-0.0056179775280898875,0.056179775280898875,0.12921348314606743,0.07865168539325842,0.19101123595505617,-0.5,-0.3146067415730337,0.03932584269662921,-0.16853932584269662,0.15168539325842698,0.0,0.1348314606741573,0.07865168539325842,-0.3258426966292135,-0.47752808988764045,0.07865168539325842,-0.3202247191011236,0.1797752808988764,-0.1853932584269663,0.15730337078651685,-0.12359550561797752
5,0.0,0.0,-0.005555555555555556,0.2222222222222222,-0.044444444444444446,0.40555555555555556,0.03888888888888889,0.37777777777777777,0.1111111111111111,0.2222222222222222,-0.5055555555555555,0.2222222222222222,-0.6888888888888889,0.2,-0.8444444444444444,0.17777777777777778,-1.0,0.13333333333333333,-0.5944444444444444,-0.05555555555555555,-0.14444444444444443,0.03888888888888889,0.10555555555555556,0.16666666666666666,0.14444444444444443,0.2222222222222222,-0.5055555555555555,-0.2722222222222222,-0.011111111111111112,-0.15,0.16666666666666666,0.022222222222222223,0.17777777777777778,0.1111111111111111,-0.35,-0.4388888888888889,0.03333333333333333,-0.3055555555555556,0.17777777777777778,-0.15555555555555556,0.2,-0.06666666666666667
5,0.0,0.0,-0.017241379310344827,0.21839080459770116,-0.04597701149425287,0.39080459770114945,0.022988505747126436,0.3735632183908046,0.06896551724137931,0.28160919540229884,-0.4942528735632184,0.2471264367816092,-0.6839080459770115,0.23563218390804597,-0.8448275862068966,0.21264367816091953,-1.0,0.1724137931034483,-0.5919540229885057,0.005747126436781609,-0.14942528735632185,0.05172413793103448,0.08045977011494253,0.14942528735632185,0.10344827586206896,0.1724137931034483,-0.5172413793103449,-0.20689655172413793,-0.040229885057471264,-0.13218390804597702,0.09770114942528736,-0.011494252873563218,0.07471264367816093,0.04597701149425287,-0.3850574712643678,-0.3793103448275862,-0.005747126436781609,-0.27586206896551724,0.09770114942528736,-0.1896551724137931,0.06896551724137931,-0.15517241379310345
5,0.0,0.0,-0.01694915254237288,0.1807909604519774,-0.05649717514124294,0.3107344632768362,-0.05084745762711865,0.2824858757062147,-0.02824858757062147,0.22598870056497175,-0.5141242937853108,0.192090395480226,-0.6949152542372882,0.1751412429378531,-0.847457627118644,0.14124293785310735,-1.0,0.0903954802259887,-0.5819209039548022,-0.022598870056497175,-0.23728813559322035,0.01694915254237288,-0.04519774011299435,0.11864406779661017,-0.02824858757062147,0.15819209039548024,-0.5084745762711864,-0.20903954802259886,-0.14124293785310735,-0.15254237288135594,0.0,-0.01694915254237288,0.0,0.05649717514124294,-0.3785310734463277,-0.3559322033898305,-0.096045197740113,-0.2994350282485876,0.03389830508474576,-0.1864406779661017,0.062146892655367235,-0.11299435028248588
5,0.0,0.0,-0.05714285714285714,0.15,-0.12857142857142856,0.24285714285714285,-0.11428571428571428,0.16428571428571428,-0.05714285714285714,0.07857142857142857,-0.4857142857142857,0.17857142857142858,-0.6571428571428571,0.19285714285714287,-0.8357142857142857,0.17142857142857143,-1.0,0.1357142857142857,-0.55,-0.03571428571428571,-0.22142857142857142,0.007142857142857143,-0.02142857142857143,0.06428571428571428,0.02142857142857143,0.07857142857142857,-0.4714285714285714,-0.21428571428571427,-0.12142857142857143,-0.16428571428571428,0.007142857142857143,-0.09285714285714286,0.02857142857142857,-0.07142857142857142,-0.34285714285714286,-0.35,-0.05714285714285714,-0.30714285714285716,0.04285714285714286,-0.24285714285714285,0.05,-0.22857142857142856
5,0.0,0.0,-0.052941176470588235,0.16470588235294117,-0.047058823529411764,0.27647058823529413,-0.1,0.08823529411764706,-0.12352941176470589,-0.14705882352941177,0.45294117647058824,0.08823529411764706,0.711764705882353,-0.023529411764705882,0.8764705882352941,-0.15294117647058825,1.0,-0.29411764705882354,0.5,-0.1411764705882353,0.3411764705882353,-0.29411764705882354,0.041176470588235294,-0.21764705882352942,-0.06470588235294118,-0.12352941176470589,0.45294117647058824,-0.32941176470588235,0.24705882352941178,-0.45294117647058824,0.0058823529411764705,-0.34705882352941175,-0.07058823529411765,-0.23529411764705882,0.36470588235294116,-0.4764705882352941,0.2411764705882353,-0.611764705882353,0.029411764705882353,-0.5235294117647059,-0.07058823529411765,-0.4235294117647059
5,0.0,0.0,-0.03529411764705882,0.16470588235294117,-0.029411764705882353,0.28823529411764703,-0.1,0.09411764705882353,-0.1588235294117647,-0.14705882352941177,0.4588235294117647,0.08235294117647059,0.7,-0.029411764705882353,0.8647058823529412,-0.17058823529411765,1.0,-0.3,0.5058823529411764,-0.14705882352941177,0.3058823529411765,-0.2823529411764706,0.0,-0.20588235294117646,-0.08823529411764706,-0.11176470588235295,0.45294117647058824,-0.3352941176470588,0.21764705882352942,-0.45294117647058824,-0.023529411764705882,-0.3411764705882353,-0.09411764705882353,-0.2235294117647059,0.36470588235294116,-0.4823529411764706,0.21176470588235294,-0.6176470588235294,0.0,-0.5235294117647059,-0.08823529411764706,-0.4117647058823529
5,0.0,0.0,-0.08609271523178808,0.152317880794702,-0.11258278145695365,0.24503311258278146,-0.25165562913907286,0.059602649006622516,-0.3708609271523179,-0.17880794701986755,0.4503311258278146,0.06622516556291391,0.695364238410596,-0.06622516556291391,0.8675496688741722,-0.2251655629139073,1.0,-0.37748344370860926,0.4966887417218543,-0.2119205298013245,0.2251655629139073,-0.3841059602649007,-0.10596026490066225,-0.304635761589404,-0.2582781456953642,-0.1986754966887417,0.4370860927152318,-0.4370860927152318,0.1390728476821192,-0.5761589403973509,-0.13245033112582782,-0.4503311258278146,-0.271523178807947,-0.32450331125827814,0.3443708609271523,-0.6026490066225165,0.12582781456953643,-0.7615894039735099,-0.11258278145695365,-0.6622516556291391,-0.24503311258278146,-0.543046357615894
5,0.0,0.0,-0.06493506493506493,0.14935064935064934,-0.07792207792207792,0.2597402597402597,-0.2012987012987013,0.09740259740259741,-0.2987012987012987,-0.12337662337662338,0.4805194805194805,0.09090909090909091,0.7142857142857143,-0.045454545454545456,0.8701298701298701,-0.2012987012987013,1.0,-0.35064935064935066,0.525974025974026,-0.18181818181818182,0.2662337662337662,-0.33766233766233766,-0.07792207792207792,-0.24675324675324675,-0.24025974025974026,-0.13636363636363635,0.4675324675324675,-0.4025974025974026,0.16233766233766234,-0.512987012987013,-0.11688311688311688,-0.37662337662337664,-0.24675324675324675,-0.24675324675324675,0.37012987012987014,-0.564935064935065,0.14285714285714285,-0.6883116883116883,-0.1038961038961039,-0.5844155844155844,-0.22727272727272727,-0.474025974025974
5,0.0,0.0,-0.10365853658536585,0.1951219512195122,-0.1524390243902439,0.3170731707317073,-0.2073170731707317,0.14634146341463414,-0.23780487804878048,-0.10975609756097561,0.4329268292682927,0.18902439024390244,0.6829268292682927,0.07926829268292683,0.8658536585365854,-0.06707317073170732,1.0,-0.21341463414634146,0.49390243902439024,-0.07317073170731707,0.2804878048780488,-0.25,-0.036585365853658534,-0.18902439024390244,-0.14634146341463414,-0.08536585365853659,0.4451219512195122,-0.2865853658536585,0.18902439024390244,-0.43902439024390244,-0.06707317073170732,-0.32926829268292684,-0.15853658536585366,-0.18902439024390244,0.3597560975609756,-0.4451219512195122,0.18292682926829268,-0.5853658536585366,-0.042682926829268296,-0.5,-0.1524390243902439,-0.3780487804878049
5,0.0,0.0,-0.062111801242236024,0.15527950310559005,-0.09316770186335403,0.2981366459627329,-0.16149068322981366,0.13043478260869565,-0.21739130434782608,-0.10559006211180125,0.4720496894409938,0.12422360248447205,0.6956521739130435,0.012422360248447204,0.8633540372670807,-0.13043478260869565,1.0,-0.2795031055900621,0.5341614906832298,-0.14285714285714285,0.2857142857142857,-0.2795031055900621,-0.049689440993788817,-0.2111801242236025,-0.19254658385093168,-0.11180124223602485,0.4782608695652174,-0.36024844720496896,0.19875776397515527,-0.4720496894409938,-0.06832298136645963,-0.36024844720496896,-0.17391304347826086,-0.2360248447204969,0.36645962732919257,-0.5279503105590062,0.17391304347826086,-0.639751552795031,-0.062111801242236024,-0.5527950310559007,-0.16149068322981366,-0.4409937888198758
5,0.0,0.0,-0.06832298136645963,0.12422360248447205,-0.09316770186335403,0.21739130434782608,-0.19875776397515527,0.049689440993788817,-0.2732919254658385,-0.17391304347826086,0.422360248447205,0.07453416149068323,0.6708074534161491,-0.031055900621118012,0.8509316770186336,-0.14285714285714285,1.0,-0.2546583850931677,0.4782608695652174,-0.17391304347826086,0.2236024844720497,-0.3105590062111801,-0.08074534161490683,-0.2608695652173913,-0.2236024844720497,-0.17391304347826086,0.42857142857142855,-0.37267080745341613,0.15527950310559005,-0.4968944099378882,-0.09937888198757763,-0.40372670807453415,-0.2236024844720497,-0.2919254658385093,0.3416149068322981,-0.5279503105590062,0.16149068322981366,-0.6708074534161491,-0.062111801242236024,-0.5962732919254659,-0.18633540372670807,-0.484472049689441
5,0.0,0.0,-0.059880239520958084,0.19760479041916168,-0.0658682634730539,0.3532934131736527,-0.17365269461077845,0.17365269461077845,-0.25149700598802394,-0.0718562874251497,0.4251497005988024,0.1377245508982036,0.6826347305389222,0.041916167664670656,0.8562874251497006,-0.07784431137724551,1.0,-0.19760479041916168,0.48502994011976047,-0.11976047904191617,0.25748502994011974,-0.2275449101796407,-0.05389221556886228,-0.16766467065868262,-0.19161676646706588,-0.0718562874251497,0.4311377245508982,-0.31736526946107785,0.17365269461077845,-0.41916167664670656,-0.07784431137724551,-0.30538922155688625,-0.18562874251497005,-0.18562874251497005,0.3413173652694611,-0.47305389221556887,0.17964071856287425,-0.592814371257485,-0.03592814371257485,-0.5089820359281437,-0.15568862275449102,-0.39520958083832336
5,0.0,0.0,-0.049019607843137254,0.16176470588235295,-0.03431372549019608,0.2647058823529412,-0.058823529411764705,0.09313725490196079,-0.06862745098039216,-0.12254901960784313,0.4166666666666667,0.12745098039215685,0.6764705882352942,0.049019607843137254,0.8529411764705882,-0.029411764705882353,1.0,-0.11274509803921569,0.46568627450980393,-0.07352941176470588,0.3235294117647059,-0.19607843137254902,0.06862745098039216,-0.15196078431372548,-0.029411764705882353,-0.07352941176470588,0.4215686274509804,-0.23529411764705882,0.24019607843137256,-0.3382352941176471,0.0392156862745098,-0.2696078431372549,-0.0392156862745098,-0.18137254901960784,0.35294117647058826,-0.3627450980392157,0.23529411764705882,-0.46568627450980393,0.05392156862745098,-0.4117647058823529,-0.0392156862745098,-0.3382352941176471
5,0.0,0.0,-0.04950495049504951,0.14356435643564355,-0.04950495049504951,0.22772277227722773,-0.09900990099009901,0.04950495049504951,-0.1188118811881188,-0.15841584158415842,0.400990099009901,0.07425742574257425,0.6683168316831684,-0.0049504950495049506,0.8514851485148515,-0.08415841584158416,1.0,-0.15841584158415842,0.4405940594059406,-0.1188118811881188,0.2871287128712871,-0.2376237623762376,0.0297029702970297,-0.19306930693069307,-0.07920792079207921,-0.1188118811881188,0.39603960396039606,-0.2722772277227723,0.20297029702970298,-0.3811881188118812,0.0,-0.30198019801980197,-0.0891089108910891,-0.21287128712871287,0.3217821782178218,-0.3910891089108911,0.2079207920792079,-0.5148514851485149,0.034653465346534656,-0.45544554455445546,-0.06435643564356436,-0.37623762376237624
5,0.0,0.0,-0.034482758620689655,0.15763546798029557,-0.009852216748768473,0.2512315270935961,-0.06896551724137931,0.059113300492610835,-0.09852216748768473,-0.15270935960591134,0.4088669950738916,0.07881773399014778,0.6748768472906403,0.0,0.8472906403940886,-0.06896551724137931,1.0,-0.13793103448275862,0.43349753694581283,-0.11822660098522167,0.32019704433497537,-0.22660098522167488,0.07881773399014778,-0.17733990147783252,-0.014778325123152709,-0.10837438423645321,0.3793103448275862,-0.27586206896551724,0.22167487684729065,-0.3694581280788177,0.029556650246305417,-0.30049261083743845,-0.03940886699507389,-0.22167487684729065,0.30049261083743845,-0.39901477832512317,0.21674876847290642,-0.5024630541871922,0.04926108374384237,-0.45320197044334976,-0.029556650246305417,-0.3842364532019704
5,0.0,0.0,-0.014634146341463415,0.11707317073170732,0.024390243902439025,0.18048780487804877,-0.014634146341463415,0.00975609756097561,-0.024390243902439025,-0.1902439024390244,0.424390243902439,0.00975609756097561,0.6731707317073171,-0.06829268292682927,0.8536585365853658,-0.14146341463414633,1.0,-0.21951219512195122,0.4195121951219512,-0.18536585365853658,0.35609756097560974,-0.2780487804878049,0.13170731707317074,-0.21951219512195122,0.03902439024390244,-0.16097560975609757,0.36097560975609755,-0.33170731707317075,0.2634146341463415,-0.424390243902439,0.07804878048780488,-0.34146341463414637,0.004878048780487805,-0.2731707317073171,0.28292682926829266,-0.45365853658536587,0.22439024390243903,-0.5463414634146342,0.07317073170731707,-0.47317073170731705,0.004878048780487805,-0.40487804878048783
5,0.0,0.0,-0.03755868544600939,0.14553990610328638,-0.014084507042253521,0.23943661971830985,-0.03286384976525822,0.07511737089201878,-0.04225352112676056,-0.12206572769953052,0.40375586854460094,0.07042253521126761,0.676056338028169,-0.004694835680751174,0.8497652582159625,-0.06572769953051644,1.0,-0.1267605633802817,0.41784037558685444,-0.107981220657277,0.3145539906103286,-0.19718309859154928,0.08450704225352113,-0.1596244131455399,-0.046948356807511735,-0.10328638497652583,0.36619718309859156,-0.24882629107981222,0.22535211267605634,-0.3380281690140845,0.014084507042253521,-0.26291079812206575,-0.09389671361502347,-0.18779342723004694,0.2863849765258216,-0.36619718309859156,0.215962441314554,-0.4835680751173709,0.046948356807511735,-0.4225352112676056,-0.056338028169014086,-0.3474178403755869
5,0.0,0.0,-0.027149321266968326,0.12669683257918551,0.004524886877828055,0.18552036199095023,-0.013574660633484163,0.027149321266968326,-0.01809954751131222,-0.1493212669683258,0.4343891402714932,0.01809954751131222,0.6968325791855203,-0.06787330316742081,0.8642533936651584,-0.12669683257918551,1.0,-0.18552036199095023,0.4343891402714932,-0.15384615384615385,0.3257918552036199,-0.25339366515837103,0.09954751131221719,-0.2081447963800905,-0.02262443438914027,-0.13574660633484162,0.37104072398190047,-0.29411764705882354,0.23529411764705882,-0.3936651583710407,0.04072398190045249,-0.3257918552036199,-0.06334841628959276,-0.248868778280543,0.2895927601809955,-0.4072398190045249,0.22624434389140272,-0.5203619909502263,0.07239819004524888,-0.47058823529411764,-0.02262443438914027,-0.40271493212669685
5,0.0,0.0,0.0,0.14761904761904762,0.06190476190476191,0.23333333333333334,0.004761904761904762,0.0761904761904762,-0.05238095238095238,-0.10952380952380952,0.41904761904761906,0.01904761904761905,0.6761904761904762,-0.07142857142857142,0.8476190476190476,-0.1523809523809524,1.0,-0.22857142857142856,0.43333333333333335,-0.18571428571428572,0.30952380952380953,-0.2761904761904762,0.06190476190476191,-0.19047619047619047,-0.02857142857142857,-0.10476190476190476,0.35714285714285715,-0.3380952380952381,0.20476190476190476,-0.42857142857142855,0.023809523809523808,-0.319047619047619,-0.03333333333333333,-0.22380952380952382,0.2571428571428571,-0.4523809523809524,0.1523809523809524,-0.5380952380952381,0.0,-0.4380952380952381,-0.05714285714285714,-0.34285714285714286
5,0.0,0.0,0.014778325123152709,0.14285714285714285,0.06896551724137931,0.2512315270935961,0.0049261083743842365,0.13793103448275862,-0.06896551724137931,-0.009852216748768473,0.43349753694581283,0.019704433497536946,0.6896551724137931,-0.09359605911330049,0.8571428571428571,-0.1921182266009852,1.0,-0.30049261083743845,0.4433497536945813,-0.19704433497536947,0.270935960591133,-0.2512315270935961,0.029556650246305417,-0.13793103448275862,-0.054187192118226604,-0.059113300492610835,0.35960591133004927,-0.35960591133004927,0.1330049261083744,-0.4088669950738916,-0.04926108374384237,-0.2660098522167488,-0.08866995073891626,-0.15763546798029557,0.2413793103448276,-0.4827586206896552,0.06403940886699508,-0.5369458128078818,-0.08866995073891626,-0.4039408866995074,-0.12315270935960591,-0.30049261083743845
5,0.0,0.0,0.08108108108108109,0.16216216216216217,0.14054054054054055,0.22702702702702704,0.043243243243243246,0.15675675675675677,-0.11351351351351352,0.005405405405405406,0.4540540540540541,-0.10270270270270271,0.6810810810810811,-0.24324324324324326,0.8432432432432433,-0.3621621621621622,1.0,-0.4918918918918919,0.3837837837837838,-0.32972972972972975,0.1837837837837838,-0.32432432432432434,-0.016216216216216217,-0.13513513513513514,-0.043243243243243246,-0.016216216216216217,0.24864864864864866,-0.4864864864864865,0.005405405405405406,-0.4864864864864865,-0.12432432432432433,-0.2864864864864865,-0.10810810810810811,-0.16756756756756758,0.0972972972972973,-0.6,-0.11351351351351352,-0.6432432432432432,-0.22162162162162163,-0.4702702702702703,-0.21081081081081082,-0.32972972972972975
5,0.0,0.0,0.028735632183908046,0.1781609195402299,0.08045977011494253,0.3505747126436782,-0.022988505747126436,0.3390804597701149,-0.13793103448275862,0.22988505747126436,0.4367816091954023,0.07471264367816093,0.6839080459770115,-0.04597701149425287,0.8563218390804598,-0.16666666666666666,1.0,-0.3103448275862069,0.40804597701149425,-0.1839080459770115,0.1724137931034483,-0.15517241379310345,-0.06896551724137931,0.06321839080459771,-0.13793103448275862,0.19540229885057472,0.27011494252873564,-0.3563218390804598,-0.040229885057471264,-0.27586206896551724,-0.1839080459770115,-0.04597701149425287,-0.1896551724137931,0.09195402298850575,0.11494252873563218,-0.47126436781609193,-0.14367816091954022,-0.39655172413793105,-0.26436781609195403,-0.20689655172413793,-0.25287356321839083,-0.08620689655172414
5,0.0,0.0,0.03592814371257485,0.17964071856287425,0.09580838323353294,0.32934131736526945,0.011976047904191617,0.32335329341317365,-0.11377245508982035,0.25149700598802394,0.47904191616766467,0.041916167664670656,0.7365269461077845,-0.10778443113772455,0.8862275449101796,-0.24550898203592814,1.0,-0.38323353293413176,0.39520958083832336,-0.19161676646706588,0.4251497005988024,-0.30538922155688625,0.17365269461077845,-0.11377245508982035,0.029940119760479042,0.029940119760479042,0.23952095808383234,-0.3652694610778443,0.07784431137724551,-0.40718562874251496,-0.11976047904191617,-0.16167664670658682,-0.19161676646706588,0.005988023952095809,0.0658682634730539,-0.47904191616766467,-0.11377245508982035,-0.5029940119760479,-0.25149700598802394,-0.2994011976047904,-0.2694610778443114,-0.15568862275449102
5,0.0,0.0,0.04819277108433735,0.18072289156626506,0.12650602409638553,0.3433734939759036,0.018072289156626505,0.3433734939759036,-0.1144578313253012,0.2710843373493976,0.4939759036144578,0.03614457831325301,0.7409638554216867,-0.12048192771084337,0.8795180722891566,-0.25301204819277107,1.0,-0.3855421686746988,0.39759036144578314,-0.20481927710843373,0.41566265060240964,-0.28313253012048195,0.18674698795180722,-0.08433734939759036,0.05421686746987952,0.07228915662650602,0.23493975903614459,-0.37349397590361444,0.060240963855421686,-0.3674698795180723,-0.10843373493975904,-0.1144578313253012,-0.1566265060240964,0.05421686746987952,0.04216867469879518,-0.4759036144578313,-0.14457831325301204,-0.463855421686747,-0.25903614457831325,-0.25903614457831325,-0.26506024096385544,-0.1144578313253012
5,0.0,0.0,0.07333333333333333,0.2,0.16,0.37333333333333335,0.03333333333333333,0.36,-0.12666666666666668,0.28,0.5133333333333333,0.013333333333333334,0.7466666666666667,-0.17333333333333334,0.88,-0.34,1.0,-0.5,0.3933333333333333,-0.26666666666666666,0.36,-0.36,0.13333333333333333,-0.10666666666666667,0.03333333333333333,0.06666666666666667,0.20666666666666667,-0.44666666666666666,-0.02,-0.4266666666666667,-0.17333333333333334,-0.14666666666666667,-0.18666666666666668,0.03333333333333333,0.006666666666666667,-0.5533333333333333,-0.24,-0.5266666666666666,-0.36,-0.30666666666666664,-0.35333333333333333,-0.14666666666666667
5,0.0,0.0,0.10067114093959731,0.21476510067114093,0.2348993288590604,0.38926174496644295,0.10738255033557047,0.3691275167785235,-0.04697986577181208,0.2483221476510067,0.5973154362416108,-0.08053691275167785,0.7919463087248322,-0.26174496644295303,0.912751677852349,-0.436241610738255,1.0,-0.6174496644295302,0.47651006711409394,-0.35570469798657717,0.3087248322147651,-0.3825503355704698,0.12751677852348994,-0.10067114093959731,0.12751677852348994,0.04697986577181208,0.2684563758389262,-0.5167785234899329,-0.06711409395973154,-0.4228187919463087,-0.14093959731543623,-0.15436241610738255,-0.06711409395973154,-0.03355704697986577,0.053691275167785234,-0.610738255033557,-0.2483221476510067,-0.5033557046979866,-0.30201342281879195,-0.2751677852348993,-0.21476510067114093,-0.1610738255033557
5,0.0,0.0,0.18045112781954886,0.17293233082706766,0.38345864661654133,0.3533834586466165,0.24812030075187969,0.39097744360902253,0.03007518796992481,0.3383458646616541,0.6616541353383458,-0.15789473684210525,0.7819548872180451,-0.3308270676691729,0.8947368421052632,-0.5263157894736842,1.0,-0.7593984962406015,0.46616541353383456,-0.5112781954887218,0.12030075187969924,-0.17293233082706766,0.06015037593984962,0.11278195488721804,0.15037593984962405,0.13533834586466165,0.18796992481203006,-0.6616541353383458,-0.20300751879699247,-0.16541353383458646,-0.13533834586466165,0.03007518796992481,0.03007518796992481,0.0,-0.09774436090225563,-0.7142857142857143,-0.40601503759398494,-0.3157894736842105,-0.38345864661654133,-0.12781954887218044,-0.2631578947368421,-0.13533834586466165
5,0.0,0.0,0.21238938053097345,0.22123893805309736,0.415929203539823,0.4336283185840708,0.1504424778761062,0.46017699115044247,-0.12389380530973451,0.39823008849557523,0.7079646017699115,-0.23008849557522124,0.7964601769911505,-0.40707964601769914,0.8938053097345132,-0.6194690265486725,1.0,-0.8849557522123894,0.4424778761061947,-0.6194690265486725,0.07079646017699115,-0.17699115044247787,-0.017699115044247787,0.168141592920354,0.04424778761061947,0.23008849557522124,0.09734513274336283,-0.7699115044247787,-0.3185840707964602,-0.18584070796460178,-0.26548672566371684,0.061946902654867256,-0.07964601769911504,0.02654867256637168,-0.22123893805309736,-0.8053097345132744,-0.5575221238938053,-0.36283185840707965,-0.5486725663716814,-0.08849557522123894,-0.415929203539823,-0.02654867256637168
5,0.0,0.0,0.23140495867768596,0.18181818181818182,0.4793388429752066,0.35537190082644626,0.2644628099173554,0.3884297520661157,-0.01652892561983471,0.36363636363636365,0.7107438016528925,-0.256198347107438,0.8099173553719008,-0.4297520661157025,0.9008264462809917,-0.628099173553719,1.0,-0.8677685950413223,0.45454545454545453,-0.6363636363636364,0.1322314049586777,-0.12396694214876033,0.0743801652892562,0.19008264462809918,0.15702479338842976,0.15702479338842976,0.11570247933884298,-0.7603305785123967,-0.23140495867768596,-0.12396694214876033,-0.15702479338842976,0.09917355371900827,0.008264462809917356,0.008264462809917356,-0.2066115702479339,-0.768595041322314,-0.4793388429752066,-0.2892561983471074,-0.4297520661157025,-0.05785123966942149,-0.2975206611570248,-0.06611570247933884
5,0.0,0.0,0.27906976744186046,0.05426356589147287,0.6124031007751938,0.07751937984496124,0.4806201550387597,0.1937984496124031,0.15503875968992248,0.29457364341085274,0.6124031007751938,-0.4806201550387597,0.6976744186046512,-0.6434108527131783,0.7596899224806202,-0.7906976744186046,0.8372093023255814,-1.0,0.2713178294573643,-0.7674418604651163,0.17054263565891473,-0.2558139534883721,0.17054263565891473,0.03875968992248062,0.21705426356589147,-0.007751937984496124,-0.06976744186046512,-0.7984496124031008,-0.16279069767441862,-0.17829457364341086,-0.11627906976744186,0.015503875968992248,-0.03875968992248062,-0.13178294573643412,-0.37209302325581395,-0.7286821705426356,-0.43410852713178294,-0.24031007751937986,-0.3953488372093023,-0.06976744186046512,-0.3488372093023256,-0.17829457364341086
5,0.0,0.0,0.23255813953488372,0.03875968992248062,0.5116279069767442,0.08527131782945736,0.40310077519379844,0.16279069767441862,0.1937984496124031,0.23255813953488372,0.6201550387596899,-0.49612403100775193,0.7209302325581395,-0.6434108527131783,0.7751937984496124,-0.7984496124031008,0.8372093023255814,-1.0,0.3178294573643411,-0.7674418604651163,0.2248062015503876,-0.29457364341085274,0.17829457364341086,-0.015503875968992248,0.1937984496124031,-0.07751937984496124,-0.007751937984496124,-0.7984496124031008,-0.11627906976744186,-0.21705426356589147,-0.06201550387596899,-0.031007751937984496,0.015503875968992248,-0.14728682170542637,-0.31007751937984496,-0.7286821705426356,-0.3953488372093023,-0.31007751937984496,-0.3333333333333333,-0.10852713178294573,-0.26356589147286824,-0.13953488372093023
5,0.0,0.0,0.2230769230769231,0.046153846153846156,0.5,0.08461538461538462,0.4,0.16153846153846155,0.19230769230769232,0.2076923076923077,0.6153846153846154,-0.5,0.7153846153846154,-0.6384615384615384,0.7615384615384615,-0.8,0.823076923076923,-1.0,0.3153846153846154,-0.7692307692307693,0.19230769230769232,-0.27692307692307694,0.17692307692307693,0.0,0.23076923076923078,-0.06923076923076923,-0.015384615384615385,-0.8,-0.13846153846153847,-0.19230769230769232,-0.06153846153846154,-0.015384615384615385,0.03076923076923077,-0.14615384615384616,-0.3153846153846154,-0.7384615384615385,-0.4153846153846154,-0.27692307692307694,-0.34615384615384615,-0.09230769230769231,-0.2692307692307692,-0.13076923076923078
5,0.0,0.0,0.25,0.04838709677419355,0.5483870967741935,0.0967741935483871,0.49193548387096775,0.20161290322580644,0.28225806451612906,0.25806451612903225,0.5806451612903226,-0.532258064516129,0.6854838709677419,-0.6532258064516129,0.7580645161290323,-0.8145161290322581,0.8387096774193549,-1.0,0.23387096774193547,-0.75,0.28225806451612906,-0.1693548387096774,0.24193548387096775,0.07258064516129033,0.21774193548387097,0.016129032258064516,-0.10483870967741936,-0.717741935483871,-0.056451612903225805,-0.06451612903225806,0.0,0.08064516129032258,0.024193548387096774,-0.056451612903225805,-0.4032258064516129,-0.5806451612903226,-0.3629032258064516,-0.11290322580645161,-0.3225806451612903,0.04032258064516129,-0.31451612903225806,-0.016129032258064516
5,0.0,0.0,0.2807017543859649,0.02631578947368421,0.5877192982456141,0.06140350877192982,0.5087719298245614,0.23684210526315788,0.30701754385964913,0.3684210526315789,0.6052631578947368,-0.5350877192982456,0.7192982456140351,-0.6491228070175439,0.8070175438596491,-0.8157894736842105,0.8947368421052632,-1.0,0.22807017543859648,-0.7456140350877193,0.2982456140350877,-0.13157894736842105,0.2807017543859649,0.08771929824561403,0.22807017543859648,0.07017543859649122,-0.14035087719298245,-0.6929824561403509,-0.07017543859649122,0.008771929824561403,0.008771929824561403,0.13157894736842105,0.043859649122807015,0.02631578947368421,-0.47368421052631576,-0.5350877192982456,-0.41228070175438597,-0.02631578947368421,-0.35964912280701755,0.11403508771929824,-0.32456140350877194,0.07017543859649122
5,0.0,0.0,0.275,-0.016666666666666666,0.5666666666666667,-0.025,0.6,0.10833333333333334,0.48333333333333334,0.225,0.5416666666666666,-0.625,0.6666666666666666,-0.725,0.7666666666666667,-0.8583333333333333,0.8666666666666667,-1.0,0.175,-0.75,0.35833333333333334,-0.15,0.4083333333333333,0.058333333333333334,0.39166666666666666,0.041666666666666664,-0.15,-0.6333333333333333,0.058333333333333334,0.05,0.15833333333333333,0.13333333333333333,0.19166666666666668,0.008333333333333333,-0.4166666666666667,-0.425,-0.23333333333333334,0.075,-0.15,0.15833333333333333,-0.15,0.058333333333333334
5,0.0,0.0,0.2698412698412698,-0.047619047619047616,0.5317460317460317,-0.09523809523809523,0.626984126984127,-0.015873015873015872,0.6984126984126984,0.07142857142857142,0.5158730158730159,-0.6904761904761905,0.6587301587301587,-0.7619047619047619,0.7698412698412699,-0.8809523809523809,0.8888888888888888,-1.0,0.1984126984126984,-0.7857142857142857,0.46825396825396826,-0.1746031746031746,0.49206349206349204,0.015873015873015872,0.4603174603174603,0.015873015873015872,-0.0873015873015873,-0.6507936507936508,0.1746031746031746,0.031746031746031744,0.1984126984126984,0.07142857142857142,0.15873015873015872,-0.06349206349206349,-0.3412698412698413,-0.42857142857142855,-0.14285714285714285,0.07142857142857142,-0.12698412698412698,0.11904761904761904,-0.1746031746031746,-0.007936507936507936
5,0.0,0.0,0.3178294573643411,-0.10077519379844961,0.6046511627906976,-0.16279069767441862,0.7674418604651163,-0.05426356589147287,0.8682170542635659,0.09302325581395349,0.5581395348837209,-0.6744186046511628,0.7441860465116279,-0.7209302325581395,0.8682170542635659,-0.8217054263565892,1.0,-0.9302325581395349,0.24806201550387597,-0.7286821705426356,0.6201550387596899,-0.10852713178294573,0.6124031007751938,0.05426356589147287,0.5503875968992248,0.06201550387596899,-0.023255813953488372,-0.5426356589147286,0.37209302325581395,0.10852713178294573,0.35658914728682173,0.10077519379844961,0.3023255813953488,-0.031007751937984496,-0.24806201550387597,-0.29457364341085274,0.08527131782945736,0.1937984496124031,0.09302325581395349,0.1937984496124031,0.03875968992248062,0.09302325581395349
5,0.0,0.0,0.37398373983739835,-0.0975609756097561,0.7073170731707317,-0.17886178861788618,0.8780487804878049,-0.06504065040650407,0.8536585365853658,0.08130081300813008,0.5365853658536586,-0.6991869918699187,0.7317073170731707,-0.7560975609756098,0.8699186991869918,-0.8780487804878049,1.0,-1.0,0.21951219512195122,-0.7235772357723578,0.6016260162601627,-0.13821138211382114,0.6341463414634146,0.04878048780487805,0.5609756097560976,0.08943089430894309,-0.06504065040650407,-0.5365853658536586,0.34959349593495936,0.10569105691056911,0.3821138211382114,0.13008130081300814,0.34146341463414637,0.024390243902439025,-0.3089430894308943,-0.2601626016260163,0.056910569105691054,0.2032520325203252,0.10569105691056911,0.23577235772357724,0.07317073170731707,0.16260162601626016
5,0.0,0.0,0.36507936507936506,-0.09523809523809523,0.6984126984126984,-0.1746031746031746,0.873015873015873,-0.047619047619047616,0.9047619047619048,0.1111111111111111,0.5317460317460317,-0.6904761904761905,0.7222222222222222,-0.753968253968254,0.8571428571428571,-0.873015873015873,1.0,-0.9841269841269841,0.23015873015873015,-0.6984126984126984,0.626984126984127,-0.12698412698412698,0.626984126984127,0.015873015873015872,0.5555555555555556,0.007936507936507936,-0.03968253968253968,-0.49206349206349204,0.3888888888888889,0.1111111111111111,0.3968253968253968,0.12698412698412698,0.3492063492063492,0.015873015873015872,-0.2619047619047619,-0.23015873015873015,0.1111111111111111,0.20634920634920634,0.1349206349206349,0.2222222222222222,0.07936507936507936,0.11904761904761904
5,0.0,0.0,0.4015748031496063,-0.13385826771653545,0.7480314960629921,-0.2283464566929134,0.9291338582677166,-0.13385826771653545,0.968503937007874,0.015748031496062992,0.5433070866141733,-0.7244094488188977,0.7244094488188977,-0.7795275590551181,0.8661417322834646,-0.8976377952755905,0.9921259842519685,-1.0,0.2440944881889764,-0.7165354330708661,0.6141732283464567,-0.25984251968503935,0.6299212598425197,-0.06299212598425197,0.5669291338582677,0.015748031496062992,-0.023622047244094488,-0.5196850393700787,0.3937007874015748,0.03937007874015748,0.3937007874015748,0.09448818897637795,0.33070866141732286,0.031496062992125984,-0.2440944881889764,-0.25196850393700787,0.13385826771653545,0.15748031496062992,0.14960629921259844,0.2047244094488189,0.07086614173228346,0.14960629921259844
5,0.0,0.0,0.38686131386861317,-0.1386861313868613,0.7226277372262774,-0.21897810218978103,0.8978102189781022,-0.0948905109489051,0.9051094890510949,0.08029197080291971,0.5693430656934306,-0.6642335766423357,0.7518248175182481,-0.7153284671532847,0.8832116788321168,-0.8248175182481752,1.0,-0.9197080291970803,0.30656934306569344,-0.656934306569343,0.6715328467153284,-0.17518248175182483,0.656934306569343,-0.029197080291970802,0.583941605839416,-0.021897810218978103,0.058394160583941604,-0.46715328467153283,0.45985401459854014,0.06569343065693431,0.4233576642335766,0.072992700729927,0.35036496350364965,-0.0364963503649635,-0.145985401459854,-0.21897810218978103,0.2116788321167883,0.17518248175182483,0.2116788321167883,0.18248175182481752,0.13138686131386862,0.10218978102189781
5,0.0,0.0,0.36551724137931035,-0.09655172413793103,0.6827586206896552,-0.16551724137931034,0.8551724137931035,-0.05517241379310345,0.8620689655172413,0.06896551724137931,0.5517241379310345,-0.6068965517241379,0.7379310344827587,-0.696551724137931,0.8758620689655172,-0.8068965517241379,1.0,-0.9172413793103448,0.296551724137931,-0.6,0.6344827586206897,-0.23448275862068965,0.6482758620689655,-0.04827586206896552,0.5862068965517241,-0.006896551724137931,0.06206896551724138,-0.42758620689655175,0.4482758620689655,0.006896551724137931,0.4482758620689655,0.08275862068965517,0.3724137931034483,0.041379310344827586,-0.13793103448275862,-0.2,0.2206896551724138,0.13793103448275862,0.2413793103448276,0.2,0.15862068965517243,0.16551724137931034
5,0.0,0.0,0.3212121212121212,-0.10909090909090909,0.6181818181818182,-0.15757575757575756,0.8242424242424242,-0.06666666666666667,0.9272727272727272,0.05454545454545454,0.5393939393939394,-0.4909090909090909,0.7151515151515152,-0.5818181818181818,0.8666666666666667,-0.6787878787878788,1.0,-0.7757575757575758,0.3151515151515151,-0.4727272727272727,0.6909090909090909,-0.17575757575757575,0.7393939393939394,0.024242424242424242,0.7090909090909091,0.12727272727272726,0.12727272727272726,-0.30303030303030304,0.509090909090909,0.048484848484848485,0.5151515151515151,0.12121212121212122,0.41818181818181815,0.10303030303030303,-0.01818181818181818,-0.10303030303030303,0.3212121212121212,0.18181818181818182,0.3393939393939394,0.21818181818181817,0.24242424242424243,0.19393939393939394
6,0.0,0.0,0.18556701030927836,-0.06701030927835051,0.35051546391752575,-0.19072164948453607,0.4742268041237113,-0.29896907216494845,0.5773195876288659,-0.4020618556701031,0.22164948453608246,-0.5,0.37628865979381443,-0.5979381443298969,0.4536082474226804,-0.5412371134020618,0.4896907216494845,-0.44329896907216493,0.12371134020618557,-0.5670103092783505,0.20618556701030927,-0.7783505154639175,0.32989690721649484,-0.8711340206185567,0.44329896907216493,-0.9278350515463918,0.015463917525773196,-0.5773195876288659,-0.005154639175257732,-0.7938144329896907,0.061855670103092786,-0.9123711340206185,0.15463917525773196,-1.0,-0.09278350515463918,-0.5360824742268041,-0.18556701030927836,-0.6958762886597938,-0.17525773195876287,-0.8041237113402062,-0.12371134020618557,-0.9020618556701031
6,0.0,0.0,0.1836734693877551,-0.07653061224489796,0.32142857142857145,-0.1836734693877551,0.4387755102040816,-0.28061224489795916,0.5306122448979592,-0.3877551020408163,0.20408163265306123,-0.4846938775510204,0.3469387755102041,-0.5867346938775511,0.42346938775510207,-0.5306122448979592,0.45918367346938777,-0.4336734693877551,0.10714285714285714,-0.5561224489795918,0.1836734693877551,-0.7653061224489796,0.30612244897959184,-0.8571428571428571,0.41836734693877553,-0.9183673469387755,0.0,-0.5612244897959183,-0.025510204081632654,-0.7806122448979592,0.03571428571428571,-0.9030612244897959,0.12755102040816327,-1.0,-0.10714285714285714,-0.5204081632653061,-0.20408163265306123,-0.6836734693877551,-0.1989795918367347,-0.7908163265306123,-0.14795918367346939,-0.8877551020408163
6,0.0,0.0,0.18652849740932642,-0.07253886010362694,0.34196891191709844,-0.18134715025906736,0.46632124352331605,-0.2849740932642487,0.5544041450777202,-0.39378238341968913,0.21761658031088082,-0.49222797927461137,0.37305699481865284,-0.5854922279792746,0.45077720207253885,-0.5284974093264249,0.48704663212435234,-0.43005181347150256,0.12435233160621761,-0.5647668393782384,0.20725388601036268,-0.772020725388601,0.33678756476683935,-0.8704663212435233,0.45077720207253885,-0.9326424870466321,0.015544041450777202,-0.5751295336787565,-0.0051813471502590676,-0.7979274611398963,0.06217616580310881,-0.9119170984455959,0.15544041450777202,-1.0,-0.09844559585492228,-0.533678756476684,-0.19170984455958548,-0.694300518134715,-0.18652849740932642,-0.7979274611398963,-0.13989637305699482,-0.8911917098445595
6,0.0,0.0,0.18974358974358974,-0.07179487179487179,0.3435897435897436,-0.1794871794871795,0.4666666666666667,-0.27692307692307694,0.5487179487179488,-0.38974358974358975,0.2153846153846154,-0.48717948717948717,0.3641025641025641,-0.5846153846153846,0.4461538461538462,-0.5282051282051282,0.48717948717948717,-0.4358974358974359,0.12307692307692308,-0.558974358974359,0.20512820512820512,-0.7692307692307693,0.3282051282051282,-0.8666666666666667,0.441025641025641,-0.9282051282051282,0.010256410256410256,-0.5692307692307692,-0.010256410256410256,-0.7897435897435897,0.05641025641025641,-0.9076923076923077,0.14871794871794872,-1.0,-0.09743589743589744,-0.5230769230769231,-0.18974358974358974,-0.6871794871794872,-0.1794871794871795,-0.7948717948717948,-0.13333333333333333,-0.8923076923076924
6,0.0,0.0,0.18652849740932642,-0.07253886010362694,0.3471502590673575,-0.17616580310880828,0.48186528497409326,-0.2694300518134715,0.5544041450777202,-0.38341968911917096,0.22279792746113988,-0.49740932642487046,0.37305699481865284,-0.5906735751295337,0.45077720207253885,-0.533678756476684,0.48704663212435234,-0.43523316062176165,0.13471502590673576,-0.5647668393782384,0.21761658031088082,-0.7772020725388601,0.34196891191709844,-0.8756476683937824,0.45595854922279794,-0.9430051813471503,0.02072538860103627,-0.5803108808290155,0.010362694300518135,-0.7979274611398963,0.07772020725388601,-0.9119170984455959,0.17098445595854922,-1.0,-0.08808290155440414,-0.5440414507772021,-0.18134715025906736,-0.7046632124352331,-0.18134715025906736,-0.8082901554404145,-0.12953367875647667,-0.9015544041450777
6,0.0,0.0,0.18461538461538463,-0.07179487179487179,0.3384615384615385,-0.1794871794871795,0.46153846153846156,-0.27692307692307694,0.5487179487179488,-0.37948717948717947,0.2153846153846154,-0.48205128205128206,0.35384615384615387,-0.5794871794871795,0.4307692307692308,-0.5333333333333333,0.4717948717948718,-0.441025641025641,0.12307692307692308,-0.5538461538461539,0.20512820512820512,-0.764102564102564,0.3230769230769231,-0.8615384615384616,0.4358974358974359,-0.9230769230769231,0.015384615384615385,-0.5641025641025641,-0.005128205128205128,-0.7897435897435897,0.05641025641025641,-0.9076923076923077,0.14871794871794872,-1.0,-0.09743589743589744,-0.5230769230769231,-0.18974358974358974,-0.6871794871794872,-0.18461538461538463,-0.7948717948717948,-0.13846153846153847,-0.8871794871794871
6,0.0,0.0,0.18134715025906736,-0.06735751295336788,0.33678756476683935,-0.17098445595854922,0.46632124352331605,-0.26424870466321243,0.5440414507772021,-0.36787564766839376,0.22279792746113988,-0.48186528497409326,0.36787564766839376,-0.5751295336787565,0.43523316062176165,-0.5233160621761658,0.46632124352331605,-0.42487046632124353,0.12435233160621761,-0.5544041450777202,0.20207253886010362,-0.7668393782383419,0.32642487046632124,-0.8652849740932642,0.44041450777202074,-0.927461139896373,0.010362694300518135,-0.5699481865284974,-0.0051813471502590676,-0.7927461139896373,0.05699481865284974,-0.9119170984455959,0.15025906735751296,-1.0,-0.09844559585492228,-0.5284974093264249,-0.19170984455958548,-0.689119170984456,-0.18652849740932642,-0.7979274611398963,-0.13471502590673576,-0.8911917098445595
6,0.0,0.0,0.17435897435897435,-0.06666666666666667,0.3282051282051282,-0.16923076923076924,0.4564102564102564,-0.26153846153846155,0.5282051282051282,-0.36923076923076925,0.21025641025641026,-0.48717948717948717,0.358974358974359,-0.5846153846153846,0.4256410256410256,-0.5230769230769231,0.4512820512820513,-0.4205128205128205,0.11794871794871795,-0.558974358974359,0.2,-0.7692307692307693,0.3230769230769231,-0.8666666666666667,0.4307692307692308,-0.9282051282051282,0.005128205128205128,-0.5692307692307692,-0.010256410256410256,-0.7897435897435897,0.05641025641025641,-0.9076923076923077,0.14358974358974358,-1.0,-0.10256410256410256,-0.5282051282051282,-0.2,-0.6923076923076923,-0.2,-0.7948717948717948,-0.14358974358974358,-0.8923076923076924
6,0.0,0.0,0.18556701030927836,-0.06701030927835051,0.3402061855670103,-0.17525773195876287,0.4690721649484536,-0.26288659793814434,0.5463917525773195,-0.3711340206185567,0.22164948453608246,-0.4896907216494845,0.3711340206185567,-0.5876288659793815,0.4381443298969072,-0.5154639175257731,0.4639175257731959,-0.41237113402061853,0.12371134020618557,-0.5567010309278351,0.20618556701030927,-0.7731958762886598,0.32989690721649484,-0.865979381443299,0.4381443298969072,-0.9278350515463918,0.010309278350515464,-0.5721649484536082,-0.005154639175257732,-0.788659793814433,0.05670103092783505,-0.9072164948453608,0.14948453608247422,-1.0,-0.10309278350515463,-0.5257731958762887,-0.1958762886597938,-0.6855670103092784,-0.1958762886597938,-0.7938144329896907,-0.14432989690721648,-0.8917525773195877
6,0.0,0.0,0.18461538461538463,-0.06666666666666667,0.3435897435897436,-0.17435897435897435,0.4717948717948718,-0.26666666666666666,0.5435897435897435,-0.36923076923076925,0.22564102564102564,-0.48717948717948717,0.36923076923076925,-0.5846153846153846,0.441025641025641,-0.5230769230769231,0.4717948717948718,-0.4205128205128205,0.1282051282051282,-0.5538461538461539,0.21025641025641026,-0.7692307692307693,0.3282051282051282,-0.8666666666666667,0.441025641025641,-0.9230769230769231,0.015384615384615385,-0.5641025641025641,0.0,-0.7897435897435897,0.06153846153846154,-0.9076923076923077,0.14871794871794872,-1.0,-0.09743589743589744,-0.5230769230769231,-0.19487179487179487,-0.6820512820512821,-0.19487179487179487,-0.7897435897435897,-0.14871794871794872,-0.8871794871794871
6,0.0,0.0,0.19170984455958548,-0.06217616580310881,0.35233160621761656,-0.16062176165803108,0.48186528497409326,-0.2538860103626943,0.5595854922279793,-0.3626943005181347,0.23834196891191708,-0.47668393782383417,0.38341968911917096,-0.5751295336787565,0.45595854922279794,-0.5129533678756477,0.48704663212435234,-0.41450777202072536,0.13471502590673576,-0.5492227979274611,0.22279792746113988,-0.772020725388601,0.34196891191709844,-0.8652849740932642,0.45595854922279794,-0.927461139896373,0.015544041450777202,-0.5647668393782384,0.015544041450777202,-0.7875647668393783,0.07772020725388601,-0.9067357512953368,0.16580310880829016,-1.0,-0.09844559585492228,-0.5233160621761658,-0.19689119170984457,-0.689119170984456,-0.19689119170984457,-0.7979274611398963,-0.15544041450777202,-0.8911917098445595
6,0.0,0.0,0.19170984455958548,-0.06217616580310881,0.35751295336787564,-0.16062176165803108,0.47668393782383417,-0.2694300518134715,0.5751295336787565,-0.37305699481865284,0.2694300518134715,-0.47668393782383417,0.40932642487046633,-0.5803108808290155,0.47668393782383417,-0.5129533678756477,0.5129533678756477,-0.41450777202072536,0.16580310880829016,-0.5544041450777202,0.26424870466321243,-0.7668393782383419,0.37305699481865284,-0.8601036269430051,0.47668393782383417,-0.927461139896373,0.04145077720207254,-0.5699481865284974,0.05699481865284974,-0.7823834196891192,0.11398963730569948,-0.9067357512953368,0.19689119170984457,-1.0,-0.08808290155440414,-0.5284974093264249,-0.16580310880829016,-0.689119170984456,-0.17098445595854922,-0.7979274611398963,-0.13989637305699482,-0.8963730569948186
6,0.0,0.0,0.193717277486911,-0.05235602094240838,0.36649214659685864,-0.14136125654450263,0.49214659685863876,-0.24083769633507854,0.5654450261780105,-0.35602094240837695,0.3036649214659686,-0.46596858638743455,0.45549738219895286,-0.5602094240837696,0.5026178010471204,-0.4973821989528796,0.5078534031413613,-0.39790575916230364,0.19895287958115182,-0.5497382198952879,0.3089005235602094,-0.7591623036649214,0.418848167539267,-0.8586387434554974,0.5130890052356021,-0.9267015706806283,0.06806282722513089,-0.5706806282722513,0.09424083769633508,-0.7801047120418848,0.15706806282722513,-0.9057591623036649,0.2356020942408377,-1.0,-0.07329842931937172,-0.5340314136125655,-0.14136125654450263,-0.7015706806282722,-0.14136125654450263,-0.806282722513089,-0.11518324607329843,-0.9057591623036649
6,0.0,0.0,0.19576719576719576,-0.05291005291005291,0.37037037037037035,-0.14814814814814814,0.48677248677248675,-0.24867724867724866,0.5555555555555556,-0.35978835978835977,0.31746031746031744,-0.4708994708994709,0.4603174603174603,-0.5714285714285714,0.4973544973544973,-0.4973544973544973,0.4973544973544973,-0.3915343915343915,0.20634920634920634,-0.5502645502645502,0.31216931216931215,-0.7619047619047619,0.41798941798941797,-0.8571428571428571,0.5132275132275133,-0.9312169312169312,0.07407407407407407,-0.5661375661375662,0.10052910052910052,-0.7777777777777778,0.15873015873015872,-0.9047619047619048,0.23809523809523808,-1.0,-0.06878306878306878,-0.5291005291005291,-0.13227513227513227,-0.6931216931216931,-0.13756613756613756,-0.8042328042328042,-0.1111111111111111,-0.9047619047619048
6,0.0,0.0,0.2,-0.04864864864864865,0.3783783783783784,-0.14054054054054055,0.4972972972972973,-0.24864864864864866,0.5513513513513514,-0.3675675675675676,0.34054054054054056,-0.4594594594594595,0.4810810810810811,-0.5675675675675675,0.5135135135135135,-0.518918918918919,0.5081081081081081,-0.42702702702702705,0.22702702702702704,-0.5459459459459459,0.33513513513513515,-0.7567567567567568,0.43243243243243246,-0.8594594594594595,0.5243243243243243,-0.9351351351351351,0.08648648648648649,-0.572972972972973,0.12432432432432433,-0.7837837837837838,0.1837837837837838,-0.9081081081081082,0.2594594594594595,-1.0,-0.06486486486486487,-0.5459459459459459,-0.12432432432432433,-0.7081081081081081,-0.12972972972972974,-0.8162162162162162,-0.10270270270270271,-0.9135135135135135
6,0.0,0.0,0.19576719576719576,-0.0582010582010582,0.36507936507936506,-0.14814814814814814,0.4708994708994709,-0.24867724867724866,0.5132275132275133,-0.37566137566137564,0.3386243386243386,-0.4656084656084656,0.4708994708994709,-0.5661375661375662,0.49206349206349204,-0.5026455026455027,0.48148148148148145,-0.4074074074074074,0.2275132275132275,-0.5502645502645502,0.3386243386243386,-0.7566137566137566,0.43386243386243384,-0.8624338624338624,0.5185185185185185,-0.9470899470899471,0.09523809523809523,-0.5767195767195767,0.13756613756613756,-0.783068783068783,0.19576719576719576,-0.9047619047619048,0.2698412698412698,-1.0,-0.05291005291005291,-0.544973544973545,-0.1111111111111111,-0.708994708994709,-0.1164021164021164,-0.8201058201058201,-0.09523809523809523,-0.9153439153439153
6,0.0,0.0,0.19786096256684493,-0.0481283422459893,0.37433155080213903,-0.12834224598930483,0.47593582887700536,-0.23529411764705882,0.5133689839572193,-0.3689839572192513,0.36363636363636365,-0.44919786096256686,0.48663101604278075,-0.5561497326203209,0.49732620320855614,-0.47593582887700536,0.47058823529411764,-0.3689839572192513,0.25133689839572193,-0.5401069518716578,0.3582887700534759,-0.7486631016042781,0.44919786096256686,-0.8556149732620321,0.5294117647058824,-0.946524064171123,0.11229946524064172,-0.5668449197860963,0.16042780748663102,-0.7754010695187166,0.2192513368983957,-0.9037433155080213,0.28342245989304815,-1.0,-0.0427807486631016,-0.5454545454545454,-0.09090909090909091,-0.7112299465240641,-0.0962566844919786,-0.8181818181818182,-0.08021390374331551,-0.9144385026737968
6,0.0,0.0,0.20108695652173914,-0.03804347826086957,0.3858695652173913,-0.125,0.4945652173913043,-0.22826086956521738,0.5380434782608695,-0.3532608695652174,0.391304347826087,-0.44565217391304346,0.5163043478260869,-0.5489130434782609,0.5108695652173914,-0.47282608695652173,0.4782608695652174,-0.3641304347826087,0.27717391304347827,-0.5434782608695652,0.3858695652173913,-0.75,0.47282608695652173,-0.8586956521739131,0.5543478260869565,-0.9565217391304348,0.1358695652173913,-0.5760869565217391,0.19021739130434784,-0.782608695652174,0.24456521739130435,-0.9021739130434783,0.31521739130434784,-1.0,-0.02717391304347826,-0.5543478260869565,-0.07065217391304347,-0.7228260869565217,-0.07608695652173914,-0.8260869565217391,-0.05434782608695652,-0.9184782608695652
6,0.0,0.0,0.1989247311827957,-0.03763440860215054,0.3763440860215054,-0.12365591397849462,0.478494623655914,-0.23118279569892472,0.5161290322580645,-0.3655913978494624,0.3978494623655914,-0.45698924731182794,0.510752688172043,-0.5645161290322581,0.4838709677419355,-0.46774193548387094,0.43548387096774194,-0.3548387096774194,0.2849462365591398,-0.553763440860215,0.3924731182795699,-0.7526881720430108,0.478494623655914,-0.8602150537634409,0.5591397849462365,-0.956989247311828,0.13978494623655913,-0.5860215053763441,0.20430107526881722,-0.7849462365591398,0.25806451612903225,-0.9032258064516129,0.3225806451612903,-1.0,-0.016129032258064516,-0.5591397849462365,-0.053763440860215055,-0.7258064516129032,-0.05913978494623656,-0.8279569892473119,-0.03763440860215054,-0.9193548387096774
6,0.0,0.0,0.18478260869565216,-0.03260869565217391,0.3641304347826087,-0.10869565217391304,0.46195652173913043,-0.21739130434782608,0.5,-0.3423913043478261,0.4076086956521739,-0.45108695652173914,0.5217391304347826,-0.5597826086956522,0.4891304347826087,-0.4673913043478261,0.43478260869565216,-0.3532608695652174,0.29347826086956524,-0.5434782608695652,0.41304347826086957,-0.7445652173913043,0.4945652173913043,-0.8586956521739131,0.5706521739130435,-0.9565217391304348,0.15760869565217392,-0.5815217391304348,0.22282608695652173,-0.7771739130434783,0.2826086956521739,-0.9021739130434783,0.34782608695652173,-1.0,-0.005434782608695652,-0.5597826086956522,-0.03804347826086957,-0.7282608695652174,-0.03804347826086957,-0.8369565217391305,-0.016304347826086956,-0.9293478260869565
6,0.0,0.0,0.18032786885245902,-0.0273224043715847,0.36065573770491804,-0.09836065573770492,0.45901639344262296,-0.20218579234972678,0.4918032786885246,-0.3333333333333333,0.4207650273224044,-0.4426229508196721,0.5300546448087432,-0.5519125683060109,0.4918032786885246,-0.45901639344262296,0.4371584699453552,-0.3442622950819672,0.30601092896174864,-0.5409836065573771,0.4207650273224044,-0.7377049180327869,0.5027322404371585,-0.8524590163934426,0.5846994535519126,-0.9453551912568307,0.16939890710382513,-0.5792349726775956,0.23497267759562843,-0.7814207650273224,0.29508196721311475,-0.9016393442622951,0.36065573770491804,-1.0,0.00546448087431694,-0.5628415300546448,-0.02185792349726776,-0.726775956284153,-0.02185792349726776,-0.8360655737704918,0.00546448087431694,-0.9289617486338798
6,0.0,0.0,0.19230769230769232,-0.02197802197802198,0.37362637362637363,-0.09340659340659341,0.46153846153846156,-0.2032967032967033,0.5,-0.3241758241758242,0.43956043956043955,-0.42857142857142855,0.5439560439560439,-0.5494505494505495,0.521978021978022,-0.47802197802197804,0.46703296703296704,-0.3791208791208791,0.32967032967032966,-0.532967032967033,0.44505494505494503,-0.7362637362637363,0.5274725274725275,-0.8516483516483516,0.6043956043956044,-0.9505494505494505,0.18681318681318682,-0.5714285714285714,0.25824175824175827,-0.7747252747252747,0.31868131868131866,-0.8956043956043956,0.38461538461538464,-1.0,0.027472527472527472,-0.5604395604395604,0.005494505494505495,-0.7252747252747253,0.005494505494505495,-0.8351648351648352,0.02197802197802198,-0.9340659340659341
6,0.0,0.0,0.1935483870967742,-0.03225806451612903,0.3924731182795699,-0.15053763440860216,0.44623655913978494,-0.3064516129032258,0.43010752688172044,-0.43548387096774194,0.43548387096774194,-0.44623655913978494,0.5161290322580645,-0.5645161290322581,0.46774193548387094,-0.5161290322580645,0.4032258064516129,-0.45161290322580644,0.3279569892473118,-0.5483870967741935,0.44623655913978494,-0.7473118279569892,0.5,-0.8709677419354839,0.5483870967741935,-0.978494623655914,0.1989247311827957,-0.5860215053763441,0.27419354838709675,-0.7849462365591398,0.3172043010752688,-0.9032258064516129,0.3709677419354839,-1.0,0.043010752688172046,-0.5752688172043011,0.03763440860215054,-0.7365591397849462,0.03225806451612903,-0.8333333333333334,0.03763440860215054,-0.9139784946236559
6,0.0,0.0,0.1746031746031746,-0.037037037037037035,0.3439153439153439,-0.15343915343915343,0.37566137566137564,-0.291005291005291,0.3492063492063492,-0.4074074074074074,0.4074074074074074,-0.4444444444444444,0.48677248677248675,-0.5714285714285714,0.42857142857142855,-0.4973544973544973,0.3544973544973545,-0.4074074074074074,0.30687830687830686,-0.544973544973545,0.4126984126984127,-0.746031746031746,0.455026455026455,-0.8677248677248677,0.49206349206349204,-0.9788359788359788,0.17989417989417988,-0.582010582010582,0.25396825396825395,-0.7777777777777778,0.291005291005291,-0.8994708994708994,0.3333333333333333,-1.0,0.026455026455026454,-0.5714285714285714,0.026455026455026454,-0.7248677248677249,0.015873015873015872,-0.8201058201058201,0.021164021164021163,-0.9047619047619048
6,0.0,0.0,0.1736842105263158,-0.031578947368421054,0.3368421052631579,-0.15263157894736842,0.3526315789473684,-0.3,0.32105263157894737,-0.4105263157894737,0.4,-0.4473684210526316,0.46842105263157896,-0.5789473684210527,0.39473684210526316,-0.49473684210526314,0.30526315789473685,-0.4,0.3,-0.5421052631578948,0.4052631578947368,-0.7368421052631579,0.4421052631578947,-0.8631578947368421,0.4789473684210526,-0.9842105263157894,0.17894736842105263,-0.5789473684210527,0.25263157894736843,-0.7684210526315789,0.29473684210526313,-0.8947368421052632,0.3368421052631579,-1.0,0.03684210526315789,-0.5736842105263158,0.031578947368421054,-0.7263157894736842,0.02631578947368421,-0.8157894736842105,0.031578947368421054,-0.9
6,0.0,0.0,0.16304347826086957,-0.03260869565217391,0.32065217391304346,-0.15217391304347827,0.31521739130434784,-0.29347826086956524,0.2554347826086957,-0.391304347826087,0.3967391304347826,-0.44021739130434784,0.4673913043478261,-0.5543478260869565,0.3804347826086957,-0.4782608695652174,0.27717391304347827,-0.3967391304347826,0.29891304347826086,-0.5380434782608695,0.40217391304347827,-0.7282608695652174,0.43478260869565216,-0.8532608695652174,0.46195652173913043,-0.9782608695652174,0.17391304347826086,-0.5706521739130435,0.2554347826086957,-0.7663043478260869,0.29347826086956524,-0.8858695652173914,0.33152173913043476,-1.0,0.02717391304347826,-0.5597826086956522,0.03260869565217391,-0.7119565217391305,0.03804347826086957,-0.8043478260869565,0.043478260869565216,-0.8967391304347826
6,0.0,0.0,0.16304347826086957,-0.03260869565217391,0.31521739130434784,-0.15217391304347827,0.29891304347826086,-0.29347826086956524,0.22826086956521738,-0.391304347826087,0.3967391304347826,-0.44021739130434784,0.45652173913043476,-0.5543478260869565,0.3641304347826087,-0.483695652173913,0.2554347826086957,-0.40217391304347827,0.29891304347826086,-0.5380434782608695,0.40217391304347827,-0.7282608695652174,0.43478260869565216,-0.8532608695652174,0.4673913043478261,-0.9782608695652174,0.1793478260869565,-0.5706521739130435,0.2554347826086957,-0.7663043478260869,0.29347826086956524,-0.8858695652173914,0.33152173913043476,-1.0,0.03260869565217391,-0.5597826086956522,0.043478260869565216,-0.7119565217391305,0.04891304347826087,-0.8043478260869565,0.04891304347826087,-0.8913043478260869
6,0.0,0.0,0.13372093023255813,-0.01744186046511628,0.2558139534883721,-0.13372093023255813,0.21511627906976744,-0.3023255813953488,0.1569767441860465,-0.4476744186046512,0.4476744186046512,-0.4011627906976744,0.4476744186046512,-0.5581395348837209,0.313953488372093,-0.5465116279069767,0.18604651162790697,-0.5058139534883721,0.36046511627906974,-0.5116279069767442,0.47093023255813954,-0.7267441860465116,0.46511627906976744,-0.877906976744186,0.45930232558139533,-1.0,0.25,-0.563953488372093,0.36046511627906974,-0.7616279069767442,0.3953488372093023,-0.8895348837209303,0.42441860465116277,-0.9941860465116279,0.11046511627906977,-0.5581395348837209,0.1569767441860465,-0.7034883720930233,0.1744186046511628,-0.7965116279069767,0.19767441860465115,-0.8837209302325582
6,0.0,0.0,0.1286549707602339,-0.017543859649122806,0.2222222222222222,-0.13450292397660818,0.18128654970760233,-0.30409356725146197,0.14035087719298245,-0.4444444444444444,0.4502923976608187,-0.38596491228070173,0.4269005847953216,-0.543859649122807,0.2807017543859649,-0.5380116959064327,0.15204678362573099,-0.5029239766081871,0.3684210526315789,-0.5029239766081871,0.47368421052631576,-0.7192982456140351,0.4619883040935672,-0.8713450292397661,0.4444444444444444,-1.0,0.2573099415204678,-0.5497076023391813,0.3684210526315789,-0.7485380116959064,0.391812865497076,-0.8771929824561403,0.4269005847953216,-0.9883040935672515,0.11695906432748537,-0.5497076023391813,0.1695906432748538,-0.695906432748538,0.1871345029239766,-0.7894736842105263,0.2046783625730994,-0.8771929824561403
6,0.0,0.0,0.10919540229885058,-0.011494252873563218,0.1896551724137931,-0.14367816091954022,0.14367816091954022,-0.3103448275862069,0.06896551724137931,-0.4425287356321839,0.43103448275862066,-0.3735632183908046,0.3735632183908046,-0.5287356321839081,0.22988505747126436,-0.5229885057471264,0.11494252873563218,-0.4942528735632184,0.3563218390804598,-0.4827586206896552,0.4425287356321839,-0.7126436781609196,0.43103448275862066,-0.867816091954023,0.41954022988505746,-1.0,0.25287356321839083,-0.5344827586206896,0.3275862068965517,-0.735632183908046,0.3505747126436782,-0.8505747126436781,0.3735632183908046,-0.9482758620689655,0.1206896551724138,-0.5402298850574713,0.16666666666666666,-0.6781609195402298,0.1839080459770115,-0.7758620689655172,0.20114942528735633,-0.8620689655172413
6,0.0,0.0,0.1016949152542373,-0.01694915254237288,0.1694915254237288,-0.14689265536723164,0.11864406779661017,-0.3107344632768362,0.04519774011299435,-0.4519774011299435,0.4067796610169492,-0.3785310734463277,0.3333333333333333,-0.519774011299435,0.2033898305084746,-0.5084745762711864,0.096045197740113,-0.480225988700565,0.3389830508474576,-0.480225988700565,0.4124293785310734,-0.7062146892655368,0.4067796610169492,-0.864406779661017,0.4011299435028249,-1.0,0.23728813559322035,-0.519774011299435,0.3107344632768362,-0.711864406779661,0.327683615819209,-0.8418079096045198,0.3559322033898305,-0.9548022598870056,0.11299435028248588,-0.5141242937853108,0.1638418079096045,-0.655367231638418,0.1864406779661017,-0.751412429378531,0.2033898305084746,-0.8418079096045198
6,0.0,0.0,0.09248554913294797,-0.011560693641618497,0.13872832369942195,-0.13872832369942195,0.08670520231213873,-0.30057803468208094,0.028901734104046242,-0.44508670520231214,0.4161849710982659,-0.3699421965317919,0.3236994219653179,-0.5202312138728323,0.1907514450867052,-0.5028901734104047,0.08092485549132948,-0.47398843930635837,0.35260115606936415,-0.4682080924855491,0.4161849710982659,-0.7052023121387283,0.41040462427745666,-0.861271676300578,0.3988439306358382,-1.0,0.24855491329479767,-0.5086705202312138,0.3179190751445087,-0.7109826589595376,0.32947976878612717,-0.838150289017341,0.3583815028901734,-0.9595375722543352,0.12716763005780346,-0.5144508670520231,0.17341040462427745,-0.6473988439306358,0.1907514450867052,-0.7398843930635838,0.2138728323699422,-0.8323699421965318
6,0.0,0.0,0.08187134502923976,-0.023391812865497075,0.10526315789473684,-0.15204678362573099,0.017543859649122806,-0.30994152046783624,-0.04678362573099415,-0.43859649122807015,0.38011695906432746,-0.3684210526315789,0.28654970760233917,-0.52046783625731,0.14619883040935672,-0.5087719298245614,0.04678362573099415,-0.49122807017543857,0.3216374269005848,-0.4619883040935672,0.3684210526315789,-0.7017543859649122,0.3567251461988304,-0.8596491228070176,0.3508771929824561,-1.0,0.22807017543859648,-0.49707602339181284,0.2807017543859649,-0.7017543859649122,0.29239766081871343,-0.8304093567251462,0.3157894736842105,-0.9473684210526315,0.10526315789473684,-0.49707602339181284,0.14619883040935672,-0.631578947368421,0.16374269005847952,-0.7251461988304093,0.18128654970760233,-0.8128654970760234
6,0.0,0.0,0.024539877300613498,-0.018404907975460124,0.0,-0.147239263803681,-0.07975460122699386,-0.294478527607362,-0.12883435582822086,-0.4233128834355828,0.3312883435582822,-0.37423312883435583,0.2392638036809816,-0.5276073619631901,0.07975460122699386,-0.50920245398773,-0.049079754601226995,-0.49079754601226994,0.3006134969325153,-0.44785276073619634,0.3496932515337423,-0.6932515337423313,0.3312883435582822,-0.8588957055214724,0.3128834355828221,-1.0,0.22699386503067484,-0.4785276073619632,0.26380368098159507,-0.6932515337423313,0.27607361963190186,-0.8343558282208589,0.2883435582822086,-0.950920245398773,0.1165644171779141,-0.49079754601226994,0.15950920245398773,-0.6441717791411042,0.17177914110429449,-0.7484662576687117,0.19631901840490798,-0.8404907975460123
6,0.0,0.0,-0.03205128205128205,-0.02564102564102564,-0.08333333333333333,-0.15384615384615385,-0.1794871794871795,-0.3076923076923077,-0.24358974358974358,-0.4423076923076923,0.3076923076923077,-0.3717948717948718,0.1794871794871795,-0.532051282051282,0.01282051282051282,-0.5192307692307693,-0.11538461538461539,-0.4935897435897436,0.3141025641025641,-0.44871794871794873,0.33974358974358976,-0.6923076923076923,0.2948717948717949,-0.8653846153846154,0.23076923076923078,-1.0,0.2692307692307692,-0.5,0.28205128205128205,-0.7371794871794872,0.2692307692307692,-0.8782051282051282,0.25,-0.9807692307692307,0.17307692307692307,-0.5256410256410257,0.20512820512820512,-0.6987179487179487,0.21153846153846154,-0.8012820512820513,0.21794871794871795,-0.8846153846153846
6,0.0,0.0,-0.0736196319018405,-0.06134969325153374,-0.15337423312883436,-0.2085889570552147,-0.26380368098159507,-0.34355828220858897,-0.32515337423312884,-0.4601226993865031,0.2147239263803681,-0.4049079754601227,0.15950920245398773,-0.6441717791411042,0.10429447852760736,-0.7914110429447853,0.049079754601226995,-0.901840490797546,0.25153374233128833,-0.43558282208588955,0.2392638036809816,-0.7055214723926381,0.17791411042944785,-0.8773006134969326,0.10429447852760736,-1.0,0.2331288343558282,-0.44785276073619634,0.12269938650306748,-0.656441717791411,-0.024539877300613498,-0.6073619631901841,-0.12883435582822086,-0.5398773006134969,0.17791411042944785,-0.4539877300613497,0.12269938650306748,-0.6073619631901841,0.049079754601226995,-0.6073619631901841,0.006134969325153374,-0.5828220858895705
6,0.0,0.0,-0.06321839080459771,-0.14367816091954022,-0.14942528735632185,-0.28735632183908044,-0.27011494252873564,-0.40229885057471265,-0.3563218390804598,-0.5,0.1839080459770115,-0.4425287356321839,0.05747126436781609,-0.6206896551724138,-0.09770114942528736,-0.5977011494252874,-0.20689655172413793,-0.5574712643678161,0.22413793103448276,-0.4540229885057471,0.19540229885057472,-0.735632183908046,0.12643678160919541,-0.896551724137931,0.04597701149425287,-1.0,0.19540229885057472,-0.42528735632183906,0.1781609195402299,-0.6896551724137931,0.14942528735632185,-0.8390804597701149,0.11494252873563218,-0.9195402298850575,0.11494252873563218,-0.3850574712643678,0.08045977011494253,-0.5632183908045977,0.06321839080459771,-0.6494252873563219,0.034482758620689655,-0.7011494252873564
6,0.0,0.0,-0.07386363636363637,-0.08522727272727272,-0.17613636363636365,-0.23295454545454544,-0.3068181818181818,-0.36363636363636365,-0.39204545454545453,-0.48863636363636365,0.14772727272727273,-0.42613636363636365,-0.017045454545454544,-0.5909090909090909,-0.18181818181818182,-0.5568181818181818,-0.29545454545454547,-0.5113636363636364,0.17613636363636365,-0.4659090909090909,0.14204545454545456,-0.7272727272727273,0.07954545454545454,-0.8863636363636364,0.005681818181818182,-1.0,0.1590909090909091,-0.4659090909090909,0.1590909090909091,-0.6988636363636364,0.1534090909090909,-0.8636363636363636,0.13068181818181818,-0.9715909090909091,0.10227272727272728,-0.44886363636363635,0.125,-0.6022727272727273,0.14204545454545456,-0.6931818181818182,0.14204545454545456,-0.7670454545454546
6,0.0,0.0,-0.0903954802259887,-0.096045197740113,-0.1807909604519774,-0.22033898305084745,-0.3163841807909605,-0.3559322033898305,-0.4011299435028249,-0.4858757062146893,0.11864406779661017,-0.4293785310734463,-0.07909604519774012,-0.5875706214689266,-0.24293785310734464,-0.576271186440678,-0.3446327683615819,-0.519774011299435,0.1694915254237288,-0.4689265536723164,0.12994350282485875,-0.7288135593220338,0.062146892655367235,-0.8813559322033898,-0.022598870056497175,-1.0,0.1694915254237288,-0.480225988700565,0.22598870056497175,-0.7062146892655368,0.22033898305084745,-0.8531073446327684,0.1864406779661017,-0.96045197740113,0.12994350282485875,-0.4745762711864407,0.20903954802259886,-0.6384180790960452,0.23728813559322035,-0.7570621468926554,0.23728813559322035,-0.8587570621468926
6,0.0,0.0,-0.1005586592178771,-0.1005586592178771,-0.2011173184357542,-0.2346368715083799,-0.3407821229050279,-0.36312849162011174,-0.43575418994413406,-0.48044692737430167,0.08379888268156424,-0.441340782122905,-0.11173184357541899,-0.5810055865921788,-0.27932960893854747,-0.5642458100558659,-0.3743016759776536,-0.5027932960893855,0.13966480446927373,-0.4748603351955307,0.09497206703910614,-0.7318435754189944,0.01675977653631285,-0.888268156424581,-0.07262569832402235,-1.0,0.1452513966480447,-0.48044692737430167,0.2011173184357542,-0.7039106145251397,0.18994413407821228,-0.8435754189944135,0.1564245810055866,-0.9441340782122905,0.10614525139664804,-0.4692737430167598,0.1787709497206704,-0.6256983240223464,0.20670391061452514,-0.7318435754189944,0.20670391061452514,-0.8212290502793296
6,0.0,0.0,-0.1,-0.09444444444444444,-0.20555555555555555,-0.2222222222222222,-0.35,-0.3388888888888889,-0.45,-0.4722222222222222,0.06666666666666667,-0.43333333333333335,-0.1388888888888889,-0.5666666666666667,-0.3055555555555556,-0.5388888888888889,-0.4111111111111111,-0.4777777777777778,0.11666666666666667,-0.4722222222222222,0.07222222222222222,-0.7333333333333333,-0.016666666666666666,-0.8888888888888888,-0.1111111111111111,-1.0,0.12222222222222222,-0.4777777777777778,0.17222222222222222,-0.7111111111111111,0.15555555555555556,-0.85,0.10555555555555556,-0.95,0.08888888888888889,-0.4666666666666667,0.15,-0.6277777777777778,0.16666666666666666,-0.7388888888888889,0.15555555555555556,-0.8333333333333334
6,0.0,0.0,-0.13736263736263737,-0.1043956043956044,-0.2692307692307692,-0.21428571428571427,-0.42857142857142855,-0.3241758241758242,-0.532967032967033,-0.42857142857142855,-0.027472527472527472,-0.46703296703296704,-0.26373626373626374,-0.5659340659340659,-0.4065934065934066,-0.521978021978022,-0.4725274725274725,-0.44505494505494503,0.038461538461538464,-0.510989010989011,-0.07692307692307693,-0.7527472527472527,-0.18681318681318682,-0.8956043956043956,-0.2802197802197802,-1.0,0.06593406593406594,-0.510989010989011,0.06593406593406594,-0.7362637362637363,0.03296703296703297,-0.8681318681318682,-0.02197802197802198,-0.9560439560439561,0.04945054945054945,-0.47802197802197804,0.1043956043956044,-0.6263736263736264,0.12637362637362637,-0.7142857142857143,0.12087912087912088,-0.7857142857142857
6,0.0,0.0,-0.13114754098360656,-0.09836065573770492,-0.26229508196721313,-0.20765027322404372,-0.4207650273224044,-0.30601092896174864,-0.5300546448087432,-0.40437158469945356,-0.03278688524590164,-0.45901639344262296,-0.26229508196721313,-0.5628415300546448,-0.4098360655737705,-0.5081967213114754,-0.4808743169398907,-0.43169398907103823,0.03278688524590164,-0.5081967213114754,-0.09289617486338798,-0.7540983606557377,-0.19672131147540983,-0.8961748633879781,-0.2896174863387978,-1.0,0.060109289617486336,-0.5136612021857924,0.04918032786885246,-0.7431693989071039,0.01092896174863388,-0.8743169398907104,-0.03825136612021858,-0.9672131147540983,0.03825136612021858,-0.4918032786885246,0.08196721311475409,-0.6557377049180327,0.08743169398907104,-0.7486338797814208,0.07103825136612021,-0.825136612021858
6,0.0,0.0,-0.13829787234042554,-0.09574468085106383,-0.26595744680851063,-0.20212765957446807,-0.425531914893617,-0.2978723404255319,-0.5372340425531915,-0.3882978723404255,-0.047872340425531915,-0.4734042553191489,-0.28191489361702127,-0.5425531914893617,-0.425531914893617,-0.4787234042553192,-0.48404255319148937,-0.40425531914893614,0.010638297872340425,-0.5159574468085106,-0.13297872340425532,-0.7393617021276596,-0.22872340425531915,-0.8829787234042553,-0.30851063829787234,-1.0,0.03723404255319149,-0.5106382978723404,0.015957446808510637,-0.7340425531914894,-0.010638297872340425,-0.8617021276595744,-0.05851063829787234,-0.9574468085106383,0.02127659574468085,-0.4787234042553192,0.06382978723404255,-0.6329787234042553,0.07446808510638298,-0.7180851063829787,0.06914893617021277,-0.7872340425531915
6,0.0,0.0,-0.14835164835164835,-0.09340659340659341,-0.2967032967032967,-0.19230769230769232,-0.47802197802197804,-0.27472527472527475,-0.5989010989010989,-0.35714285714285715,-0.12087912087912088,-0.4945054945054945,-0.36813186813186816,-0.5494505494505495,-0.5,-0.4725274725274725,-0.5439560439560439,-0.3901098901098901,-0.054945054945054944,-0.5439560439560439,-0.23076923076923078,-0.7582417582417582,-0.3516483516483517,-0.8901098901098901,-0.45054945054945056,-1.0,-0.016483516483516484,-0.5384615384615384,-0.06043956043956044,-0.7637362637362637,-0.11538461538461539,-0.8901098901098901,-0.1813186813186813,-0.989010989010989,-0.01098901098901099,-0.4945054945054945,0.027472527472527472,-0.6483516483516484,0.03296703296703297,-0.7417582417582418,0.016483516483516484,-0.8241758241758241
6,0.0,0.0,-0.16022099447513813,-0.09392265193370165,-0.30939226519337015,-0.19337016574585636,-0.4972375690607735,-0.27624309392265195,-0.6243093922651933,-0.35911602209944754,-0.143646408839779,-0.5138121546961326,-0.4088397790055249,-0.5414364640883977,-0.5469613259668509,-0.4530386740331492,-0.585635359116022,-0.35911602209944754,-0.08839779005524862,-0.5580110497237569,-0.292817679558011,-0.7569060773480663,-0.4198895027624309,-0.8895027624309392,-0.5138121546961326,-1.0,-0.055248618784530384,-0.5359116022099447,-0.11049723756906077,-0.7624309392265194,-0.16574585635359115,-0.8950276243093923,-0.2154696132596685,-1.0,-0.055248618784530384,-0.48066298342541436,-0.011049723756906077,-0.6298342541436464,0.011049723756906077,-0.7292817679558011,0.022099447513812154,-0.8176795580110497
6,0.0,0.0,-0.18232044198895028,-0.09944751381215469,-0.3314917127071823,-0.19889502762430938,-0.5138121546961326,-0.281767955801105,-0.6298342541436464,-0.3701657458563536,-0.17679558011049723,-0.5248618784530387,-0.430939226519337,-0.5524861878453039,-0.5469613259668509,-0.44751381215469616,-0.569060773480663,-0.35359116022099446,-0.10497237569060773,-0.56353591160221,-0.3314917127071823,-0.7513812154696132,-0.48066298342541436,-0.850828729281768,-0.5911602209944752,-0.9281767955801105,-0.055248618784530384,-0.5469613259668509,-0.14917127071823205,-0.7790055248618785,-0.22099447513812154,-0.9060773480662984,-0.2983425414364641,-1.0,-0.03314917127071823,-0.49171270718232046,0.0055248618784530384,-0.6519337016574586,0.03314917127071823,-0.7458563535911602,0.03867403314917127,-0.8287292817679558
6,0.0,0.0,-0.20454545454545456,-0.09090909090909091,-0.35795454545454547,-0.1875,-0.5284090909090909,-0.26704545454545453,-0.6477272727272727,-0.3409090909090909,-0.2159090909090909,-0.5056818181818182,-0.4772727272727273,-0.5397727272727273,-0.5681818181818182,-0.4431818181818182,-0.5965909090909091,-0.3522727272727273,-0.14204545454545456,-0.5625,-0.4090909090909091,-0.7272727272727273,-0.5568181818181818,-0.8068181818181818,-0.6704545454545454,-0.8636363636363636,-0.07386363636363637,-0.5511363636363636,-0.2215909090909091,-0.7840909090909091,-0.3068181818181818,-0.9147727272727273,-0.38636363636363635,-1.0,-0.03977272727272727,-0.5,-0.011363636363636364,-0.6590909090909091,0.011363636363636364,-0.7613636363636364,0.011363636363636364,-0.8465909090909091
6,0.0,0.0,-0.1744186046511628,-0.08139534883720931,-0.3488372093023256,-0.18023255813953487,-0.5406976744186046,-0.2616279069767442,-0.6744186046511628,-0.3488372093023256,-0.18604651162790697,-0.5348837209302325,-0.47674418604651164,-0.563953488372093,-0.5930232558139535,-0.45930232558139533,-0.627906976744186,-0.36046511627906974,-0.12790697674418605,-0.5930232558139535,-0.4069767441860465,-0.7383720930232558,-0.5813953488372093,-0.813953488372093,-0.7093023255813954,-0.8604651162790697,-0.0872093023255814,-0.5813953488372093,-0.2441860465116279,-0.7906976744186046,-0.3546511627906977,-0.9186046511627907,-0.4476744186046512,-1.0,-0.0755813953488372,-0.5348837209302325,-0.05813953488372093,-0.6918604651162791,-0.046511627906976744,-0.7906976744186046,-0.046511627906976744,-0.877906976744186
6,0.0,0.0,-0.18285714285714286,-0.08571428571428572,-0.33714285714285713,-0.18285714285714286,-0.5314285714285715,-0.26285714285714284,-0.6628571428571428,-0.34285714285714286,-0.19428571428571428,-0.5314285714285715,-0.4742857142857143,-0.5657142857142857,-0.5828571428571429,-0.4514285714285714,-0.6114285714285714,-0.35428571428571426,-0.13142857142857142,-0.5714285714285714,-0.4057142857142857,-0.7314285714285714,-0.5657142857142857,-0.8057142857142857,-0.6914285714285714,-0.8571428571428571,-0.08571428571428572,-0.5657142857142857,-0.24571428571428572,-0.7828571428571428,-0.34285714285714286,-0.9085714285714286,-0.42857142857142855,-1.0,-0.06857142857142857,-0.52,-0.05714285714285714,-0.68,-0.045714285714285714,-0.7771428571428571,-0.05142857142857143,-0.8685714285714285
6,0.0,0.0,-0.22839506172839505,-0.04938271604938271,-0.41975308641975306,-0.1419753086419753,-0.6111111111111112,-0.2222222222222222,-0.7469135802469136,-0.29012345679012347,-0.25308641975308643,-0.48148148148148145,-0.5432098765432098,-0.5555555555555556,-0.6234567901234568,-0.4444444444444444,-0.654320987654321,-0.35802469135802467,-0.1728395061728395,-0.5617283950617284,-0.4691358024691358,-0.7222222222222222,-0.6358024691358025,-0.8148148148148148,-0.7777777777777778,-0.8827160493827161,-0.09876543209876543,-0.5740740740740741,-0.2716049382716049,-0.7901234567901234,-0.37037037037037035,-0.9135802469135802,-0.4506172839506173,-1.0,-0.043209876543209874,-0.5308641975308642,-0.04938271604938271,-0.6975308641975309,-0.04938271604938271,-0.8148148148148148,-0.06790123456790123,-0.9135802469135802
6,0.0,0.0,-0.18120805369127516,-0.020134228187919462,-0.3959731543624161,-0.10738255033557047,-0.6375838926174496,-0.174496644295302,-0.8322147651006712,-0.2483221476510067,-0.2684563758389262,-0.5369127516778524,-0.6308724832214765,-0.5369127516778524,-0.738255033557047,-0.40939597315436244,-0.7718120805369127,-0.28859060402684567,-0.24161073825503357,-0.6174496644295302,-0.6040268456375839,-0.7181208053691275,-0.825503355704698,-0.7449664429530202,-1.0,-0.7449664429530202,-0.2214765100671141,-0.6241610738255033,-0.5100671140939598,-0.785234899328859,-0.6845637583892618,-0.8456375838926175,-0.8389261744966443,-0.8791946308724832,-0.22818791946308725,-0.5838926174496645,-0.3691275167785235,-0.7651006711409396,-0.4697986577181208,-0.8523489932885906,-0.5973154362416108,-0.9194630872483222
6,0.0,0.0,-0.18493150684931506,-0.02054794520547945,-0.4178082191780822,-0.11643835616438356,-0.6643835616438356,-0.1780821917808219,-0.863013698630137,-0.2465753424657534,-0.2534246575342466,-0.5547945205479452,-0.6164383561643836,-0.5547945205479452,-0.7397260273972602,-0.4315068493150685,-0.773972602739726,-0.3219178082191781,-0.22602739726027396,-0.6301369863013698,-0.6095890410958904,-0.726027397260274,-0.8356164383561644,-0.726027397260274,-1.0,-0.6986301369863014,-0.22602739726027396,-0.636986301369863,-0.5273972602739726,-0.773972602739726,-0.7397260273972602,-0.8082191780821918,-0.9041095890410958,-0.7945205479452054,-0.2465753424657534,-0.589041095890411,-0.4520547945205479,-0.7328767123287672,-0.6164383561643836,-0.7671232876712328,-0.7671232876712328,-0.773972602739726
6,0.0,0.0,-0.19047619047619047,-0.027210884353741496,-0.41496598639455784,-0.11564625850340136,-0.6666666666666666,-0.17006802721088435,-0.8503401360544217,-0.24489795918367346,-0.2585034013605442,-0.5374149659863946,-0.6122448979591837,-0.5510204081632653,-0.7278911564625851,-0.42857142857142855,-0.7551020408163265,-0.30612244897959184,-0.22448979591836735,-0.6190476190476191,-0.6054421768707483,-0.7142857142857143,-0.8299319727891157,-0.7142857142857143,-1.0,-0.6870748299319728,-0.22448979591836735,-0.6258503401360545,-0.5374149659863946,-0.7619047619047619,-0.7346938775510204,-0.7891156462585034,-0.9047619047619048,-0.782312925170068,-0.24489795918367346,-0.5850340136054422,-0.46938775510204084,-0.7210884353741497,-0.6258503401360545,-0.7551020408163265,-0.7755102040816326,-0.7619047619047619
6,0.0,0.0,-0.18493150684931506,-0.02054794520547945,-0.4178082191780822,-0.1095890410958904,-0.6712328767123288,-0.17123287671232876,-0.863013698630137,-0.23972602739726026,-0.2534246575342466,-0.547945205479452,-0.6164383561643836,-0.5547945205479452,-0.7328767123287672,-0.4178082191780822,-0.7671232876712328,-0.3013698630136986,-0.23972602739726026,-0.6232876712328768,-0.6095890410958904,-0.726027397260274,-0.8356164383561644,-0.726027397260274,-1.0,-0.7054794520547946,-0.23972602739726026,-0.6301369863013698,-0.547945205479452,-0.773972602739726,-0.7534246575342466,-0.8013698630136986,-0.9178082191780822,-0.7945205479452054,-0.2671232876712329,-0.5821917808219178,-0.4794520547945205,-0.7397260273972602,-0.636986301369863,-0.773972602739726,-0.7876712328767124,-0.7876712328767124
6,0.0,0.0,-0.18120805369127516,-0.03355704697986577,-0.3959731543624161,-0.11409395973154363,-0.6442953020134228,-0.1610738255033557,-0.8322147651006712,-0.22818791946308725,-0.2550335570469799,-0.5436241610738255,-0.610738255033557,-0.5369127516778524,-0.7181208053691275,-0.40268456375838924,-0.7449664429530202,-0.28859060402684567,-0.2348993288590604,-0.6040268456375839,-0.6040268456375839,-0.7046979865771812,-0.8322147651006712,-0.7114093959731543,-1.0,-0.6912751677852349,-0.2348993288590604,-0.6040268456375839,-0.5436241610738255,-0.7449664429530202,-0.738255033557047,-0.7785234899328859,-0.8993288590604027,-0.785234899328859,-0.2550335570469799,-0.5503355704697986,-0.47651006711409394,-0.6912751677852349,-0.6308724832214765,-0.7315436241610739,-0.7718120805369127,-0.7516778523489933
6,0.0,0.0,-0.03225806451612903,-0.2645161290322581,-0.21935483870967742,-0.4258064516129032,-0.4258064516129032,-0.5032258064516129,-0.5870967741935483,-0.5161290322580645,-0.22580645161290322,-0.6,-0.5806451612903226,-0.6903225806451613,-0.7677419354838709,-0.7032258064516129,-0.9290322580645162,-0.7096774193548387,-0.2645161290322581,-0.4967741935483871,-0.6387096774193548,-0.632258064516129,-0.8387096774193549,-0.6516129032258065,-1.0,-0.6387096774193548,-0.3032258064516129,-0.33548387096774196,-0.6258064516129033,-0.43870967741935485,-0.6903225806451613,-0.4,-0.7161290322580646,-0.3548387096774194,-0.3419354838709677,-0.14838709677419354,-0.5806451612903226,-0.18064516129032257,-0.7290322580645161,-0.2064516129032258,-0.8516129032258064,-0.23225806451612904
6,0.0,0.0,-0.32857142857142857,-0.12857142857142856,-0.4857142857142857,-0.38571428571428573,-0.5142857142857142,-0.6285714285714286,-0.5714285714285714,-0.9,-0.17142857142857143,-1.0,-0.07142857142857142,-0.9714285714285714,-0.07142857142857142,-0.6428571428571429,-0.12857142857142856,-0.42857142857142855,0.1,-0.8571428571428571,0.2571428571428571,-0.8428571428571429,0.21428571428571427,-0.5142857142857142,0.14285714285714285,-0.34285714285714286,0.2857142857142857,-0.6,0.4,-0.4857142857142857,0.3,-0.21428571428571427,0.2,-0.11428571428571428,0.4,-0.2857142857142857,0.44285714285714284,-0.1,0.34285714285714286,0.11428571428571428,0.22857142857142856,0.2
6,0.0,0.0,-0.013333333333333334,0.02666666666666667,0.02666666666666667,-0.04,0.12,-0.04,0.18666666666666668,0.02666666666666667,0.05333333333333334,-0.92,0.26666666666666666,-0.7866666666666666,0.25333333333333335,-0.44,0.2,-0.2,0.10666666666666667,-1.0,0.36,-0.88,0.3466666666666667,-0.4666666666666667,0.28,-0.2,0.12,-0.9466666666666667,0.37333333333333335,-0.84,0.36,-0.49333333333333335,0.29333333333333333,-0.25333333333333335,0.13333333333333333,-0.8,0.32,-0.6533333333333333,0.29333333333333333,-0.37333333333333335,0.24,-0.2
6,0.0,0.0,-0.2676056338028169,-0.07042253521126761,-0.4647887323943662,-0.2676056338028169,-0.5070422535211268,-0.4788732394366197,-0.5070422535211268,-0.647887323943662,-0.323943661971831,-0.9577464788732394,-0.19718309859154928,-0.9154929577464789,-0.15492957746478872,-0.6056338028169014,-0.16901408450704225,-0.36619718309859156,-0.07042253521126761,-1.0,0.08450704225352113,-0.8309859154929577,0.08450704225352113,-0.43661971830985913,0.028169014084507043,-0.16901408450704225,0.15492957746478872,-0.9014084507042254,0.323943661971831,-0.6197183098591549,0.2676056338028169,-0.28169014084507044,0.19718309859154928,-0.07042253521126761,0.352112676056338,-0.7323943661971831,0.49295774647887325,-0.4647887323943662,0.43661971830985913,-0.16901408450704225,0.352112676056338,0.014084507042253521
6,0.0,0.0,-0.2857142857142857,-0.08571428571428572,-0.5285714285714286,-0.3142857142857143,-0.5857142857142857,-0.5285714285714286,-0.6,-0.8,-0.32857142857142857,-0.9714285714285714,-0.15714285714285714,-0.9285714285714286,-0.11428571428571428,-0.6,-0.12857142857142856,-0.34285714285714286,-0.014285714285714285,-1.0,0.14285714285714285,-0.8857142857142857,0.14285714285714285,-0.44285714285714284,0.11428571428571428,-0.2,0.22857142857142856,-0.9,0.4,-0.7142857142857143,0.35714285714285715,-0.37142857142857144,0.3,-0.21428571428571427,0.42857142857142855,-0.7142857142857143,0.5285714285714286,-0.45714285714285713,0.42857142857142855,-0.18571428571428572,0.3,-0.05714285714285714
6,0.0,0.0,0.3333333333333333,-0.05333333333333334,0.6,-0.06666666666666667,0.8133333333333334,0.04,0.9866666666666667,0.12,0.6,-0.96,0.8933333333333333,-0.7066666666666667,0.9733333333333334,-0.3466666666666667,0.9866666666666667,-0.04,0.37333333333333335,-1.0,0.7333333333333333,-0.7866666666666666,0.84,-0.4266666666666667,0.88,-0.13333333333333333,0.08,-0.8933333333333333,0.3333333333333333,-0.8266666666666667,0.48,-0.5066666666666667,0.56,-0.25333333333333335,-0.18666666666666668,-0.6666666666666666,-0.17333333333333334,-0.76,-0.10666666666666667,-0.7333333333333333,-0.02666666666666667,-0.68
6,0.0,0.0,0.1927710843373494,0.060240963855421686,0.46987951807228917,0.024096385542168676,0.7710843373493976,0.04819277108433735,1.0,0.08433734939759036,0.5180722891566265,-0.6265060240963856,0.7710843373493976,-0.6024096385542169,0.9156626506024096,-0.4819277108433735,0.9879518072289156,-0.3493975903614458,0.4578313253012048,-0.7228915662650602,0.7469879518072289,-0.7108433734939759,0.8795180722891566,-0.5542168674698795,0.9156626506024096,-0.40963855421686746,0.37349397590361444,-0.7349397590361446,0.6506024096385542,-0.7349397590361446,0.7831325301204819,-0.5903614457831325,0.8192771084337349,-0.4457831325301205,0.27710843373493976,-0.6867469879518072,0.4939759036144578,-0.7228915662650602,0.5783132530120482,-0.6265060240963856,0.6144578313253012,-0.5180722891566265
6,0.0,0.0,0.25263157894736843,-0.010526315789473684,0.5473684210526316,-0.11578947368421053,0.7894736842105263,-0.10526315789473684,1.0,-0.042105263157894736,0.4421052631578947,-0.5473684210526316,0.6947368421052632,-0.6105263157894737,0.8105263157894737,-0.47368421052631576,0.9052631578947369,-0.2736842105263158,0.3263157894736842,-0.5894736842105263,0.6210526315789474,-0.7052631578947368,0.8315789473684211,-0.6421052631578947,1.0,-0.5263157894736842,0.17894736842105263,-0.5789473684210527,0.43157894736842106,-0.7157894736842105,0.631578947368421,-0.6842105263157895,0.8210526315789474,-0.6210526315789474,0.010526315789473684,-0.5052631578947369,0.09473684210526316,-0.631578947368421,0.21052631578947367,-0.6947368421052632,0.3368421052631579,-0.7052631578947368
6,0.0,0.0,0.25892857142857145,-0.044642857142857144,0.5,-0.13392857142857142,0.7053571428571429,-0.13392857142857142,0.8928571428571429,-0.125,0.36607142857142855,-0.5803571428571429,0.6607142857142857,-0.5982142857142857,0.8035714285714286,-0.42857142857142855,0.8928571428571429,-0.23214285714285715,0.25892857142857145,-0.5892857142857143,0.5892857142857143,-0.7053571428571429,0.8303571428571429,-0.6160714285714286,1.0,-0.4732142857142857,0.14285714285714285,-0.5267857142857143,0.4017857142857143,-0.6964285714285714,0.6160714285714286,-0.6428571428571429,0.7857142857142857,-0.5714285714285714,0.03571428571428571,-0.4107142857142857,0.11607142857142858,-0.5357142857142857,0.23214285714285715,-0.6071428571428571,0.36607142857142855,-0.6517857142857143
6,0.0,0.0,0.2796610169491525,-0.0847457627118644,0.5169491525423728,-0.17796610169491525,0.711864406779661,-0.19491525423728814,0.8813559322033898,-0.1864406779661017,0.3050847457627119,-0.652542372881356,0.6186440677966102,-0.652542372881356,0.7711864406779662,-0.5169491525423728,0.8813559322033898,-0.3305084745762712,0.2033898305084746,-0.6610169491525424,0.576271186440678,-0.7457627118644068,0.8220338983050848,-0.6610169491525424,1.0,-0.5169491525423728,0.11016949152542373,-0.5847457627118644,0.4406779661016949,-0.711864406779661,0.6779661016949152,-0.6610169491525424,0.8728813559322034,-0.5932203389830508,0.05084745762711865,-0.4406779661016949,0.1440677966101695,-0.5677966101694916,0.2627118644067797,-0.6440677966101694,0.3983050847457627,-0.6949152542372882
6,0.0,0.0,0.3108108108108108,-0.08108108108108109,0.5202702702702703,-0.17567567567567569,0.7027027027027027,-0.18243243243243243,0.8783783783783784,-0.16216216216216217,0.34459459459459457,-0.5675675675675675,0.6824324324324325,-0.5067567567567568,0.7905405405405406,-0.36486486486486486,0.8581081081081081,-0.19594594594594594,0.25675675675675674,-0.527027027027027,0.6351351351351351,-0.6283783783783784,0.8445945945945946,-0.5608108108108109,1.0,-0.43243243243243246,0.17567567567567569,-0.4189189189189189,0.5405405405405406,-0.5945945945945946,0.75,-0.5540540540540541,0.918918918918919,-0.5,0.14189189189189189,-0.27702702702702703,0.2905405405405405,-0.41216216216216217,0.40540540540540543,-0.49324324324324326,0.5337837837837838,-0.5608108108108109
6,0.0,0.0,0.3496932515337423,-0.11042944785276074,0.5521472392638037,-0.19631901840490798,0.7116564417177914,-0.2147239263803681,0.8343558282208589,-0.19631901840490798,0.36809815950920244,-0.6257668711656442,0.6748466257668712,-0.588957055214724,0.8343558282208589,-0.5337423312883436,0.9754601226993865,-0.44785276073619634,0.294478527607362,-0.588957055214724,0.6687116564417178,-0.6134969325153374,0.8588957055214724,-0.5337423312883436,1.0,-0.43558282208588955,0.24539877300613497,-0.48466257668711654,0.5828220858895705,-0.5766871165644172,0.7730061349693251,-0.5276073619631901,0.9263803680981595,-0.4785276073619632,0.2392638036809816,-0.3312883435582822,0.38650306748466257,-0.43558282208588955,0.49693251533742333,-0.49693251533742333,0.6073619631901841,-0.5460122699386503
6,0.0,0.0,0.3393939393939394,-0.12121212121212122,0.5393939393939394,-0.21212121212121213,0.6909090909090909,-0.23636363636363636,0.8181818181818182,-0.21212121212121213,0.3515151515151515,-0.6363636363636364,0.6727272727272727,-0.6121212121212121,0.8242424242424242,-0.5515151515151515,0.9575757575757575,-0.46060606060606063,0.2909090909090909,-0.6,0.6727272727272727,-0.6424242424242425,0.8606060606060606,-0.5696969696969697,1.0,-0.4727272727272727,0.2545454545454545,-0.4909090909090909,0.593939393939394,-0.6060606060606061,0.7878787878787878,-0.5696969696969697,0.9393939393939394,-0.5272727272727272,0.2545454545454545,-0.3393939393939394,0.40606060606060607,-0.44242424242424244,0.5151515151515151,-0.5151515151515151,0.6363636363636364,-0.5636363636363636
6,0.0,0.0,0.3216374269005848,-0.10526315789473684,0.5029239766081871,-0.19883040935672514,0.6549707602339181,-0.21052631578947367,0.8128654970760234,-0.19298245614035087,0.3391812865497076,-0.5906432748538012,0.6549707602339181,-0.5730994152046783,0.7953216374269005,-0.52046783625731,0.9239766081871345,-0.43859649122807015,0.28654970760233917,-0.543859649122807,0.6549707602339181,-0.6140350877192983,0.8421052631578947,-0.5614035087719298,1.0,-0.47368421052631576,0.2573099415204678,-0.43859649122807015,0.6023391812865497,-0.5906432748538012,0.783625730994152,-0.5730994152046783,0.935672514619883,-0.5497076023391813,0.26900584795321636,-0.2982456140350877,0.4152046783625731,-0.42105263157894735,0.5146198830409356,-0.49707602339181284,0.631578947368421,-0.5672514619883041
6,0.0,0.0,0.32941176470588235,-0.1,0.5117647058823529,-0.20588235294117646,0.6588235294117647,-0.23529411764705882,0.8,-0.2,0.3352941176470588,-0.6058823529411764,0.6529411764705882,-0.5705882352941176,0.7823529411764706,-0.4588235294117647,0.8705882352941177,-0.3235294117647059,0.28823529411764703,-0.5705882352941176,0.6529411764705882,-0.6529411764705882,0.8411764705882353,-0.6235294117647059,1.0,-0.5470588235294118,0.2647058823529412,-0.4764705882352941,0.6,-0.6294117647058823,0.7764705882352941,-0.6352941176470588,0.9176470588235294,-0.6294117647058823,0.28823529411764703,-0.3411764705882353,0.43529411764705883,-0.4764705882352941,0.5352941176470588,-0.5588235294117647,0.6529411764705882,-0.6235294117647059
6,0.0,0.0,0.36054421768707484,-0.1564625850340136,0.5510204081632653,-0.29931972789115646,0.7210884353741497,-0.36054421768707484,0.891156462585034,-0.3945578231292517,0.272108843537415,-0.7074829931972789,0.5918367346938775,-0.7959183673469388,0.7619047619047619,-0.7142857142857143,0.8775510204081632,-0.5986394557823129,0.22448979591836735,-0.7006802721088435,0.5986394557823129,-0.8775510204081632,0.8299319727891157,-0.8775510204081632,1.0,-0.8231292517006803,0.2108843537414966,-0.6258503401360545,0.54421768707483,-0.8503401360544217,0.7551020408163265,-0.8843537414965986,0.9115646258503401,-0.891156462585034,0.25170068027210885,-0.5170068027210885,0.40816326530612246,-0.7006802721088435,0.5170068027210885,-0.8163265306122449,0.6190476190476191,-0.8979591836734694
6,0.0,0.0,0.3219178082191781,-0.1506849315068493,0.5136986301369864,-0.2945205479452055,0.684931506849315,-0.3561643835616438,0.8698630136986302,-0.4041095890410959,0.3082191780821918,-0.6712328767123288,0.5616438356164384,-0.7534246575342466,0.684931506849315,-0.6438356164383562,0.7534246575342466,-0.5068493150684932,0.2465753424657534,-0.678082191780822,0.5273972602739726,-0.8767123287671232,0.7465753424657534,-0.9246575342465754,0.9246575342465754,-0.9246575342465754,0.19863013698630136,-0.6232876712328768,0.4383561643835616,-0.863013698630137,0.6164383561643836,-0.952054794520548,0.7671232876712328,-1.0,0.18493150684931506,-0.5205479452054794,0.2876712328767123,-0.7123287671232876,0.3767123287671233,-0.8561643835616438,0.4726027397260274,-0.9726027397260274
6,0.0,0.0,0.2953020134228188,-0.1342281879194631,0.4899328859060403,-0.2751677852348993,0.6442953020134228,-0.3422818791946309,0.8120805369127517,-0.40268456375838924,0.3288590604026846,-0.6174496644295302,0.5436241610738255,-0.7315436241610739,0.6510067114093959,-0.6241610738255033,0.7046979865771812,-0.4966442953020134,0.28859060402684567,-0.6442953020134228,0.4899328859060403,-0.8456375838926175,0.6912751677852349,-0.9060402684563759,0.8456375838926175,-0.9060402684563759,0.2214765100671141,-0.6174496644295302,0.38926174496644295,-0.8523489932885906,0.5436241610738255,-0.9463087248322147,0.6845637583892618,-1.0,0.174496644295302,-0.5436241610738255,0.2348993288590604,-0.7248322147651006,0.31543624161073824,-0.8590604026845637,0.40268456375838924,-0.9664429530201343
6,0.0,0.0,0.2733333333333333,-0.12,0.47333333333333333,-0.26,0.64,-0.32666666666666666,0.8066666666666666,-0.3933333333333333,0.3333333333333333,-0.5933333333333334,0.5533333333333333,-0.7,0.6533333333333333,-0.5933333333333334,0.7066666666666667,-0.46,0.29333333333333333,-0.62,0.4866666666666667,-0.8266666666666667,0.68,-0.8866666666666667,0.8466666666666667,-0.8933333333333333,0.22666666666666666,-0.6066666666666667,0.37333333333333335,-0.84,0.5333333333333333,-0.94,0.68,-0.9933333333333333,0.16,-0.5466666666666666,0.19333333333333333,-0.7466666666666667,0.2733333333333333,-0.8866666666666667,0.36,-1.0
6,0.0,0.0,0.23225806451612904,-0.09032258064516129,0.4258064516129032,-0.22580645161290322,0.5870967741935483,-0.2967741935483871,0.7290322580645161,-0.36129032258064514,0.3096774193548387,-0.5612903225806452,0.4967741935483871,-0.6709677419354839,0.5870967741935483,-0.5548387096774193,0.6258064516129033,-0.4129032258064516,0.25161290322580643,-0.6064516129032258,0.4064516129032258,-0.8129032258064516,0.5870967741935483,-0.8709677419354839,0.7354838709677419,-0.8709677419354839,0.16129032258064516,-0.6,0.24516129032258063,-0.8451612903225807,0.3870967741935484,-0.9483870967741935,0.5290322580645161,-1.0,0.07096774193548387,-0.535483870967742,0.03225806451612903,-0.7419354838709677,0.07096774193548387,-0.8838709677419355,0.13548387096774195,-1.0
6,0.0,0.0,0.22580645161290322,-0.09032258064516129,0.4,-0.21935483870967742,0.5483870967741935,-0.2903225806451613,0.6838709677419355,-0.3548387096774194,0.2709677419354839,-0.5548387096774193,0.43870967741935485,-0.6774193548387096,0.535483870967742,-0.567741935483871,0.5741935483870968,-0.432258064516129,0.2064516129032258,-0.5870967741935483,0.36129032258064514,-0.7870967741935484,0.5483870967741935,-0.8451612903225807,0.6967741935483871,-0.864516129032258,0.11612903225806452,-0.5741935483870968,0.2,-0.8193548387096774,0.33548387096774196,-0.9290322580645162,0.47096774193548385,-1.0,0.01935483870967742,-0.5161290322580645,-0.05161290322580645,-0.7225806451612903,-0.012903225806451613,-0.864516129032258,0.06451612903225806,-0.9806451612903225
6,0.0,0.0,0.21019108280254778,-0.08917197452229299,0.3885350318471338,-0.21656050955414013,0.535031847133758,-0.2802547770700637,0.6624203821656051,-0.35668789808917195,0.25477707006369427,-0.5414012738853503,0.43312101910828027,-0.6496815286624203,0.5159235668789809,-0.5477707006369427,0.5477707006369427,-0.42038216560509556,0.17834394904458598,-0.5796178343949044,0.33121019108280253,-0.7770700636942676,0.5095541401273885,-0.8471337579617835,0.6560509554140127,-0.8662420382165605,0.08280254777070063,-0.5732484076433121,0.17197452229299362,-0.8152866242038217,0.29936305732484075,-0.9299363057324841,0.43312101910828027,-1.0,-0.01910828025477707,-0.5095541401273885,-0.12738853503184713,-0.7070063694267515,-0.10191082802547771,-0.8407643312101911,-0.025477707006369428,-0.9490445859872612
6,0.0,0.0,0.1746987951807229,-0.0783132530120482,0.3373493975903614,-0.18072289156626506,0.46987951807228917,-0.2469879518072289,0.572289156626506,-0.3373493975903614,0.19879518072289157,-0.5180722891566265,0.3674698795180723,-0.6144578313253012,0.4457831325301205,-0.5120481927710844,0.4819277108433735,-0.39759036144578314,0.1144578313253012,-0.572289156626506,0.21084337349397592,-0.7710843373493976,0.37349397590361444,-0.8313253012048193,0.5120481927710844,-0.8493975903614458,0.0,-0.572289156626506,-0.030120481927710843,-0.8012048192771084,0.05421686746987952,-0.9156626506024096,0.1686746987951807,-1.0,-0.0963855421686747,-0.5060240963855421,-0.2289156626506024,-0.6566265060240963,-0.23493975903614459,-0.7710843373493976,-0.19879518072289157,-0.8795180722891566
6,0.0,0.0,0.18292682926829268,-0.07317073170731707,0.34146341463414637,-0.17682926829268292,0.4878048780487805,-0.24390243902439024,0.5914634146341463,-0.3353658536585366,0.21951219512195122,-0.524390243902439,0.3902439024390244,-0.6219512195121951,0.4695121951219512,-0.5182926829268293,0.49390243902439024,-0.39634146341463417,0.12195121951219512,-0.5792682926829268,0.21951219512195122,-0.7804878048780488,0.3780487804878049,-0.8353658536585366,0.5182926829268293,-0.8475609756097561,0.006097560975609756,-0.5792682926829268,-0.024390243902439025,-0.8048780487804879,0.06097560975609756,-0.9207317073170732,0.17073170731707318,-1.0,-0.0975609756097561,-0.5121951219512195,-0.22560975609756098,-0.6585365853658537,-0.23780487804878048,-0.774390243902439,-0.1951219512195122,-0.8841463414634146
6,0.0,0.0,0.17964071856287425,-0.07784431137724551,0.33532934131736525,-0.18562874251497005,0.47904191616766467,-0.25748502994011974,0.5808383233532934,-0.3473053892215569,0.20958083832335328,-0.5269461077844312,0.3772455089820359,-0.6107784431137725,0.4550898203592814,-0.5149700598802395,0.48502994011976047,-0.40119760479041916,0.10778443113772455,-0.5808383233532934,0.19161676646706588,-0.7904191616766467,0.3413173652694611,-0.844311377245509,0.47305389221556887,-0.8562874251497006,-0.005988023952095809,-0.5748502994011976,-0.05389221556886228,-0.8023952095808383,0.023952095808383235,-0.9161676646706587,0.12574850299401197,-1.0,-0.11377245508982035,-0.5089820359281437,-0.24550898203592814,-0.6586826347305389,-0.25149700598802394,-0.7784431137724551,-0.2215568862275449,-0.8862275449101796
6,0.0,0.0,0.18072289156626506,-0.0783132530120482,0.3433734939759036,-0.18072289156626506,0.4879518072289157,-0.25301204819277107,0.5903614457831325,-0.3433734939759036,0.22289156626506024,-0.5240963855421686,0.4036144578313253,-0.608433734939759,0.4759036144578313,-0.5060240963855421,0.4939759036144578,-0.3855421686746988,0.12048192771084337,-0.5843373493975904,0.21084337349397592,-0.7951807228915663,0.3614457831325301,-0.8493975903614458,0.4879518072289157,-0.8614457831325302,0.006024096385542169,-0.5843373493975904,-0.03614457831325301,-0.8132530120481928,0.03614457831325301,-0.9216867469879518,0.13855421686746988,-1.0,-0.10240963855421686,-0.5180722891566265,-0.24096385542168675,-0.6686746987951807,-0.25301204819277107,-0.7831325301204819,-0.22289156626506024,-0.8855421686746988
6,0.0,0.0,0.18181818181818182,-0.07272727272727272,0.34545454545454546,-0.18181818181818182,0.4909090909090909,-0.24848484848484848,0.5878787878787879,-0.3393939393939394,0.21212121212121213,-0.5212121212121212,0.40606060606060607,-0.6121212121212121,0.48484848484848486,-0.509090909090909,0.503030303030303,-0.38181818181818183,0.11515151515151516,-0.5878787878787879,0.21212121212121213,-0.8,0.36363636363636365,-0.8909090909090909,0.49696969696969695,-0.9333333333333333,0.0,-0.5818181818181818,-0.03636363636363636,-0.8181818181818182,0.03636363636363636,-0.9272727272727272,0.13333333333333333,-1.0,-0.10909090909090909,-0.5151515151515151,-0.24242424242424243,-0.6606060606060606,-0.2545454545454545,-0.7757575757575758,-0.22424242424242424,-0.8787878787878788
6,0.0,0.0,0.19607843137254902,-0.0784313725490196,0.3660130718954248,-0.19607843137254902,0.5228758169934641,-0.27450980392156865,0.6209150326797386,-0.3790849673202614,0.23529411764705882,-0.5620915032679739,0.43137254901960786,-0.6601307189542484,0.5163398692810458,-0.5490196078431373,0.5424836601307189,-0.41830065359477125,0.12418300653594772,-0.6274509803921569,0.21568627450980393,-0.8627450980392157,0.37254901960784315,-0.934640522875817,0.5098039215686274,-0.9477124183006536,0.0,-0.6274509803921569,-0.0457516339869281,-0.8823529411764706,0.05228758169934641,-0.9673202614379085,0.16993464052287582,-1.0,-0.11764705882352941,-0.5686274509803921,-0.26143790849673204,-0.7254901960784313,-0.2679738562091503,-0.8496732026143791,-0.2222222222222222,-0.9477124183006536
6,0.0,0.0,0.19863013698630136,-0.0821917808219178,0.3835616438356164,-0.21232876712328766,0.547945205479452,-0.2876712328767123,0.6438356164383562,-0.3904109589041096,0.2465753424657534,-0.5958904109589042,0.4589041095890411,-0.6986301369863014,0.547945205479452,-0.589041095890411,0.5684931506849316,-0.4383561643835616,0.136986301369863,-0.6643835616438356,0.2054794520547945,-0.9178082191780822,0.363013698630137,-0.958904109589041,0.4863013698630137,-0.9178082191780822,0.00684931506849315,-0.6506849315068494,-0.0410958904109589,-0.9041095890410958,0.04794520547945205,-0.9863013698630136,0.15753424657534246,-1.0,-0.13013698630136986,-0.5821917808219178,-0.2808219178082192,-0.7534246575342466,-0.2808219178082192,-0.8835616438356164,-0.2191780821917808,-0.9794520547945206
6,0.0,0.0,0.20945945945945946,-0.08783783783783784,0.3783783783783784,-0.20945945945945946,0.5405405405405406,-0.2905405405405405,0.6418918918918919,-0.3918918918918919,0.25,-0.5945945945945946,0.46621621621621623,-0.6959459459459459,0.5540540540540541,-0.5878378378378378,0.5675675675675675,-0.4391891891891892,0.13513513513513514,-0.6621621621621622,0.19594594594594594,-0.918918918918919,0.35135135135135137,-0.9662162162162162,0.4797297297297297,-0.918918918918919,0.006756756756756757,-0.6486486486486487,-0.0472972972972973,-0.8986486486486487,0.0472972972972973,-0.9797297297297297,0.16216216216216217,-1.0,-0.12162162162162163,-0.5743243243243243,-0.27702702702702703,-0.7432432432432432,-0.27702702702702703,-0.8648648648648649,-0.22297297297297297,-0.9662162162162162
6,0.0,0.0,0.20945945945945946,-0.08108108108108109,0.38513513513513514,-0.21621621621621623,0.5472972972972973,-0.2905405405405405,0.6486486486486487,-0.3918918918918919,0.2635135135135135,-0.6013513513513513,0.4594594594594595,-0.6959459459459459,0.5472972972972973,-0.5878378378378378,0.5675675675675675,-0.4391891891891892,0.14864864864864866,-0.668918918918919,0.19594594594594594,-0.918918918918919,0.35135135135135137,-0.972972972972973,0.4797297297297297,-0.9391891891891891,0.013513513513513514,-0.6554054054054054,-0.0472972972972973,-0.9054054054054054,0.0472972972972973,-0.9797297297297297,0.16216216216216217,-1.0,-0.12162162162162163,-0.5743243243243243,-0.2702702702702703,-0.7432432432432432,-0.2702702702702703,-0.8716216216216216,-0.21621621621621623,-0.9594594594594594
6,0.0,0.0,0.20689655172413793,-0.10344827586206896,0.38620689655172413,-0.2413793103448276,0.5448275862068965,-0.3310344827586207,0.6551724137931034,-0.43448275862068964,0.25517241379310346,-0.6068965517241379,0.46206896551724136,-0.7034482758620689,0.5793103448275863,-0.6275862068965518,0.6482758620689655,-0.503448275862069,0.14482758620689656,-0.6758620689655173,0.21379310344827587,-0.9379310344827586,0.3586206896551724,-0.9793103448275862,0.4689655172413793,-0.9172413793103448,0.013793103448275862,-0.6689655172413793,-0.027586206896551724,-0.9241379310344827,0.06896551724137931,-1.0,0.1793103448275862,-1.0,-0.11724137931034483,-0.6,-0.2620689655172414,-0.7931034482758621,-0.2413793103448276,-0.9103448275862069,-0.1724137931034483,-0.9862068965517241
6,0.0,0.0,0.20408163265306123,-0.10884353741496598,0.3741496598639456,-0.25170068027210885,0.5306122448979592,-0.32653061224489793,0.6530612244897959,-0.4217687074829932,0.2585034013605442,-0.6054421768707483,0.4557823129251701,-0.7142857142857143,0.5714285714285714,-0.6326530612244898,0.6394557823129252,-0.4965986394557823,0.14965986394557823,-0.673469387755102,0.20408163265306123,-0.9319727891156463,0.3469387755102041,-0.9795918367346939,0.46938775510204084,-0.9183673469387755,0.027210884353741496,-0.6530612244897959,-0.034013605442176874,-0.9047619047619048,0.061224489795918366,-0.9931972789115646,0.17687074829931973,-1.0,-0.10204081632653061,-0.5782312925170068,-0.24489795918367346,-0.7755102040816326,-0.23129251700680273,-0.8979591836734694,-0.1564625850340136,-0.9863945578231292
6,0.0,0.0,0.20689655172413793,-0.09655172413793103,0.38620689655172413,-0.2413793103448276,0.5517241379310345,-0.32413793103448274,0.6689655172413793,-0.4206896551724138,0.2620689655172414,-0.6,0.4689655172413793,-0.7034482758620689,0.5862068965517241,-0.6344827586206897,0.6551724137931034,-0.503448275862069,0.15862068965517243,-0.6758620689655173,0.2206896551724138,-0.9379310344827586,0.36551724137931035,-0.9862068965517241,0.4896551724137931,-0.9172413793103448,0.027586206896551724,-0.6689655172413793,-0.013793103448275862,-0.9241379310344827,0.08275862068965517,-1.0,0.20689655172413793,-0.9862068965517241,-0.1103448275862069,-0.6,-0.25517241379310346,-0.7931034482758621,-0.23448275862068965,-0.9103448275862069,-0.15172413793103448,-0.9862068965517241
6,0.0,0.0,0.20945945945945946,-0.0945945945945946,0.3918918918918919,-0.22972972972972974,0.5472972972972973,-0.31756756756756754,0.6554054054054054,-0.41216216216216217,0.2635135135135135,-0.5945945945945946,0.4594594594594595,-0.7094594594594594,0.5743243243243243,-0.6351351351351351,0.6351351351351351,-0.5,0.14864864864864866,-0.6621621621621622,0.21621621621621623,-0.9256756756756757,0.3581081081081081,-0.9662162162162162,0.4797297297297297,-0.9121621621621622,0.02027027027027027,-0.6554054054054054,-0.013513513513513514,-0.9054054054054054,0.08108108108108109,-0.9864864864864865,0.19594594594594594,-1.0,-0.10810810810810811,-0.5945945945945946,-0.24324324324324326,-0.777027027027027,-0.22297297297297297,-0.8986486486486487,-0.14864864864864866,-0.972972972972973
6,0.0,0.0,0.20833333333333334,-0.10416666666666667,0.3958333333333333,-0.2361111111111111,0.5486111111111112,-0.3263888888888889,0.6666666666666666,-0.4236111111111111,0.2569444444444444,-0.6180555555555556,0.4652777777777778,-0.7361111111111112,0.5833333333333334,-0.6527777777777778,0.6527777777777778,-0.5208333333333334,0.14583333333333334,-0.6805555555555556,0.2152777777777778,-0.9513888888888888,0.3541666666666667,-0.9930555555555556,0.4791666666666667,-0.9305555555555556,0.013888888888888888,-0.6666666666666666,-0.034722222222222224,-0.9305555555555556,0.06944444444444445,-1.0,0.19444444444444445,-1.0,-0.11805555555555555,-0.5972222222222222,-0.2638888888888889,-0.7916666666666666,-0.25,-0.9097222222222222,-0.1736111111111111,-0.9861111111111112
6,0.0,0.0,0.2152777777777778,-0.08333333333333333,0.3958333333333333,-0.2222222222222222,0.5347222222222222,-0.3263888888888889,0.6319444444444444,-0.4375,0.2638888888888889,-0.6180555555555556,0.4652777777777778,-0.7569444444444444,0.5763888888888888,-0.6736111111111112,0.6458333333333334,-0.5416666666666666,0.14583333333333334,-0.6875,0.2152777777777778,-0.9513888888888888,0.3680555555555556,-0.9930555555555556,0.5,-0.9444444444444444,0.013888888888888888,-0.6666666666666666,-0.020833333333333332,-0.9236111111111112,0.08333333333333333,-1.0,0.2152777777777778,-1.0,-0.11805555555555555,-0.5972222222222222,-0.2569444444444444,-0.7847222222222222,-0.2361111111111111,-0.9097222222222222,-0.1527777777777778,-0.9930555555555556
6,0.0,0.0,0.2108843537414966,-0.08163265306122448,0.3877551020408163,-0.2108843537414966,0.5170068027210885,-0.30612244897959184,0.5918367346938775,-0.41496598639455784,0.2653061224489796,-0.6122448979591837,0.4557823129251701,-0.7346938775510204,0.5782312925170068,-0.6530612244897959,0.6462585034013606,-0.5238095238095238,0.1564625850340136,-0.673469387755102,0.21768707482993196,-0.9319727891156463,0.36054421768707484,-0.9795918367346939,0.4897959183673469,-0.9319727891156463,0.027210884353741496,-0.6598639455782312,-0.02040816326530612,-0.9047619047619048,0.07482993197278912,-0.9863945578231292,0.19047619047619047,-1.0,-0.10204081632653061,-0.5782312925170068,-0.23809523809523808,-0.7619047619047619,-0.22448979591836735,-0.8843537414965986,-0.14965986394557823,-0.9591836734693877
6,0.0,0.0,0.2191780821917808,-0.08904109589041095,0.3972602739726027,-0.2191780821917808,0.5273972602739726,-0.3219178082191781,0.6164383561643836,-0.4315068493150685,0.2808219178082192,-0.6095890410958904,0.4794520547945205,-0.7397260273972602,0.5958904109589042,-0.6506849315068494,0.6643835616438356,-0.5205479452054794,0.1643835616438356,-0.678082191780822,0.2191780821917808,-0.9452054794520548,0.3698630136986301,-0.9931506849315068,0.5068493150684932,-0.9383561643835616,0.03424657534246575,-0.6575342465753424,-0.00684931506849315,-0.9178082191780822,0.08904109589041095,-1.0,0.2191780821917808,-1.0,-0.10273972602739725,-0.5753424657534246,-0.2465753424657534,-0.773972602739726,-0.22602739726027396,-0.8972602739726028,-0.136986301369863,-0.9794520547945206
6,0.0,0.0,0.21379310344827587,-0.08275862068965517,0.4,-0.21379310344827587,0.5379310344827586,-0.3103448275862069,0.6275862068965518,-0.4206896551724138,0.2689655172413793,-0.6137931034482759,0.47586206896551725,-0.7310344827586207,0.593103448275862,-0.6482758620689655,0.6482758620689655,-0.5103448275862069,0.15862068965517243,-0.6758620689655173,0.2206896551724138,-0.9379310344827586,0.3724137931034483,-0.993103448275862,0.503448275862069,-0.9379310344827586,0.027586206896551724,-0.6620689655172414,-0.013793103448275862,-0.9172413793103448,0.08275862068965517,-0.993103448275862,0.21379310344827587,-1.0,-0.10344827586206896,-0.5862068965517241,-0.2482758620689655,-0.7724137931034483,-0.22758620689655173,-0.896551724137931,-0.14482758620689656,-0.9724137931034482
6,0.0,0.0,0.21476510067114093,-0.08053691275167785,0.38926174496644295,-0.21476510067114093,0.5302013422818792,-0.30201342281879195,0.6241610738255033,-0.40268456375838924,0.28187919463087246,-0.5906040268456376,0.48322147651006714,-0.7181208053691275,0.5906040268456376,-0.6375838926174496,0.6577181208053692,-0.5100671140939598,0.174496644295302,-0.6577181208053692,0.24161073825503357,-0.9194630872483222,0.3825503355704698,-0.9731543624161074,0.5100671140939598,-0.9328859060402684,0.04697986577181208,-0.6442953020134228,0.013422818791946308,-0.8859060402684564,0.10738255033557047,-0.9798657718120806,0.2214765100671141,-1.0,-0.08053691275167785,-0.5637583892617449,-0.21476510067114093,-0.7516778523489933,-0.19463087248322147,-0.8657718120805369,-0.11409395973154363,-0.9463087248322147
6,0.0,0.0,0.16666666666666666,-0.06451612903225806,0.3118279569892473,-0.1774193548387097,0.41935483870967744,-0.25806451612903225,0.5,-0.34408602150537637,0.21505376344086022,-0.46236559139784944,0.34946236559139787,-0.5483870967741935,0.43548387096774194,-0.5053763440860215,0.4946236559139785,-0.43548387096774194,0.13978494623655913,-0.5161290322580645,0.21505376344086022,-0.7204301075268817,0.3118279569892473,-0.8279569892473119,0.3978494623655914,-0.9086021505376344,0.043010752688172046,-0.510752688172043,0.053763440860215055,-0.7311827956989247,0.08602150537634409,-0.8763440860215054,0.13440860215053763,-1.0,-0.04838709677419355,-0.45161290322580644,-0.10752688172043011,-0.6075268817204301,-0.13440860215053763,-0.7258064516129032,-0.15053763440860216,-0.8387096774193549
6,0.0,0.0,0.16847826086956522,-0.06521739130434782,0.32065217391304346,-0.17391304347826086,0.43478260869565216,-0.266304347826087,0.5108695652173914,-0.3641304347826087,0.21739130434782608,-0.45652173913043476,0.3641304347826087,-0.532608695652174,0.45652173913043476,-0.5,0.5108695652173914,-0.44565217391304346,0.14130434782608695,-0.5108695652173914,0.22826086956521738,-0.717391304347826,0.33152173913043476,-0.8315217391304348,0.41304347826086957,-0.9184782608695652,0.04891304347826087,-0.5054347826086957,0.059782608695652176,-0.7282608695652174,0.08695652173913043,-0.875,0.125,-1.0,-0.043478260869565216,-0.44565217391304346,-0.11956521739130435,-0.6032608695652174,-0.15217391304347827,-0.7228260869565217,-0.17391304347826086,-0.8315217391304348
6,0.0,0.0,0.16756756756756758,-0.06486486486486487,0.31891891891891894,-0.1837837837837838,0.43243243243243246,-0.2810810810810811,0.5135135135135135,-0.372972972972973,0.22162162162162163,-0.4594594594594595,0.3567567567567568,-0.5405405405405406,0.4486486486486487,-0.5081081081081081,0.5027027027027027,-0.4486486486486487,0.14594594594594595,-0.5135135135135135,0.22702702702702704,-0.7189189189189189,0.32432432432432434,-0.827027027027027,0.40540540540540543,-0.9135135135135135,0.04864864864864865,-0.5081081081081081,0.06486486486486487,-0.7297297297297297,0.0918918918918919,-0.8756756756756757,0.12432432432432433,-1.0,-0.04864864864864865,-0.4486486486486487,-0.12432432432432433,-0.6054054054054054,-0.16216216216216217,-0.7189189189189189,-0.1837837837837838,-0.8324324324324325
6,0.0,0.0,0.16756756756756758,-0.05945945945945946,0.31891891891891894,-0.1783783783783784,0.43243243243243246,-0.2702702702702703,0.5135135135135135,-0.3621621621621622,0.22702702702702704,-0.4540540540540541,0.372972972972973,-0.5405405405405406,0.4648648648648649,-0.5027027027027027,0.5135135135135135,-0.43783783783783786,0.15135135135135136,-0.5081081081081081,0.24324324324324326,-0.7135135135135136,0.33513513513513515,-0.827027027027027,0.41081081081081083,-0.9135135135135135,0.05405405405405406,-0.5081081081081081,0.06486486486486487,-0.7297297297297297,0.0918918918918919,-0.8756756756756757,0.11891891891891893,-1.0,-0.04864864864864865,-0.4540540540540541,-0.12972972972972974,-0.6054054054054054,-0.16756756756756758,-0.7243243243243244,-0.1945945945945946,-0.8324324324324325
6,0.0,0.0,0.1657754010695187,-0.06951871657754011,0.3155080213903743,-0.18181818181818182,0.42780748663101603,-0.26737967914438504,0.5026737967914439,-0.3582887700534759,0.2192513368983957,-0.45454545454545453,0.3582887700534759,-0.5401069518716578,0.44919786096256686,-0.5026737967914439,0.5026737967914439,-0.4385026737967914,0.1443850267379679,-0.5080213903743316,0.24064171122994651,-0.7112299465240641,0.33689839572192515,-0.8288770053475936,0.41711229946524064,-0.9197860962566845,0.053475935828877004,-0.5026737967914439,0.06951871657754011,-0.7219251336898396,0.0962566844919786,-0.8770053475935828,0.12834224598930483,-1.0,-0.0427807486631016,-0.44385026737967914,-0.12299465240641712,-0.6042780748663101,-0.16042780748663102,-0.7219251336898396,-0.18181818181818182,-0.8342245989304813
6,0.0,0.0,0.1657754010695187,-0.06417112299465241,0.3155080213903743,-0.1711229946524064,0.42780748663101603,-0.25668449197860965,0.5080213903743316,-0.34759358288770054,0.2192513368983957,-0.44385026737967914,0.3582887700534759,-0.5347593582887701,0.44919786096256686,-0.49732620320855614,0.5026737967914439,-0.42780748663101603,0.1443850267379679,-0.5026737967914439,0.24064171122994651,-0.7005347593582888,0.33689839572192515,-0.8181818181818182,0.41711229946524064,-0.9144385026737968,0.053475935828877004,-0.49732620320855614,0.06951871657754011,-0.7219251336898396,0.0962566844919786,-0.8716577540106952,0.12834224598930483,-1.0,-0.0481283422459893,-0.44385026737967914,-0.11764705882352941,-0.6096256684491979,-0.15508021390374332,-0.7272727272727273,-0.1711229946524064,-0.839572192513369
6,0.0,0.0,0.16489361702127658,-0.05851063829787234,0.3191489361702128,-0.1595744680851064,0.4308510638297872,-0.2393617021276596,0.5159574468085106,-0.3191489361702128,0.24468085106382978,-0.4521276595744681,0.39361702127659576,-0.5372340425531915,0.4787234042553192,-0.48404255319148937,0.526595744680851,-0.40425531914893614,0.16489361702127658,-0.5106382978723404,0.26595744680851063,-0.7074468085106383,0.3670212765957447,-0.8191489361702128,0.44148936170212766,-0.9095744680851063,0.06382978723404255,-0.5106382978723404,0.09574468085106383,-0.7287234042553191,0.13297872340425532,-0.8776595744680851,0.1702127659574468,-1.0,-0.0425531914893617,-0.4574468085106383,-0.10638297872340426,-0.6223404255319149,-0.13297872340425532,-0.7446808510638298,-0.14361702127659576,-0.8617021276595744
6,0.0,0.0,0.1736842105263158,-0.05789473684210526,0.3263157894736842,-0.15789473684210525,0.4473684210526316,-0.23157894736842105,0.5210526315789473,-0.32105263157894737,0.24210526315789474,-0.4421052631578947,0.39473684210526316,-0.5210526315789473,0.4789473684210526,-0.46842105263157896,0.5263157894736842,-0.3894736842105263,0.1631578947368421,-0.5052631578947369,0.26842105263157895,-0.6894736842105263,0.3684210526315789,-0.8105263157894737,0.4473684210526316,-0.9052631578947369,0.06315789473684211,-0.5052631578947369,0.08947368421052632,-0.7263157894736842,0.12105263157894737,-0.8789473684210526,0.15263157894736842,-1.0,-0.042105263157894736,-0.45263157894736844,-0.11052631578947368,-0.6105263157894737,-0.14736842105263157,-0.7315789473684211,-0.16842105263157894,-0.8421052631578947
6,0.0,0.0,0.16489361702127658,-0.06914893617021277,0.31382978723404253,-0.17553191489361702,0.4308510638297872,-0.25,0.5159574468085106,-0.324468085106383,0.22340425531914893,-0.4574468085106383,0.3723404255319149,-0.5212765957446809,0.4627659574468085,-0.4627659574468085,0.5106382978723404,-0.3882978723404255,0.1595744680851064,-0.5053191489361702,0.24468085106382978,-0.7021276595744681,0.34574468085106386,-0.8138297872340425,0.4308510638297872,-0.9042553191489362,0.06914893617021277,-0.4946808510638298,0.0797872340425532,-0.7180851063829787,0.11170212765957446,-0.8723404255319149,0.15425531914893617,-1.0,-0.015957446808510637,-0.425531914893617,-0.10106382978723404,-0.5851063829787234,-0.13829787234042554,-0.7074468085106383,-0.15425531914893617,-0.8297872340425532
6,0.0,0.0,0.1912568306010929,-0.11475409836065574,0.32786885245901637,-0.2459016393442623,0.45901639344262296,-0.3114754098360656,0.5792349726775956,-0.37158469945355194,0.19672131147540983,-0.4972677595628415,0.366120218579235,-0.6065573770491803,0.48633879781420764,-0.5245901639344263,0.5628415300546448,-0.4371584699453552,0.15846994535519127,-0.5191256830601093,0.2568306010928962,-0.7377049180327869,0.3770491803278688,-0.8688524590163934,0.47540983606557374,-0.9672131147540983,0.1092896174863388,-0.47540983606557374,0.1366120218579235,-0.7213114754098361,0.18032786885245902,-0.8688524590163934,0.22404371584699453,-1.0,0.07103825136612021,-0.3879781420765027,0.04371584699453552,-0.5409836065573771,0.03278688524590164,-0.6612021857923497,0.03278688524590164,-0.7759562841530054
6,0.0,0.0,0.2,-0.12631578947368421,0.33157894736842103,-0.2631578947368421,0.4631578947368421,-0.33157894736842103,0.5789473684210527,-0.39473684210526316,0.18421052631578946,-0.5105263157894737,0.35789473684210527,-0.6210526315789474,0.47368421052631576,-0.5421052631578948,0.5578947368421052,-0.4473684210526316,0.14736842105263157,-0.5157894736842106,0.23684210526315788,-0.7421052631578947,0.3473684210526316,-0.8789473684210526,0.43157894736842106,-0.9894736842105263,0.10526315789473684,-0.46842105263157896,0.15263157894736842,-0.7105263157894737,0.2,-0.8631578947368421,0.23684210526315788,-1.0,0.08421052631578947,-0.3736842105263158,0.07894736842105263,-0.5157894736842106,0.07368421052631578,-0.6368421052631579,0.07894736842105263,-0.7578947368421053
6,0.0,0.0,0.19270833333333334,-0.125,0.3229166666666667,-0.265625,0.453125,-0.3333333333333333,0.5729166666666666,-0.3958333333333333,0.18229166666666666,-0.5104166666666666,0.34375,-0.6302083333333334,0.46875,-0.5572916666666666,0.5625,-0.484375,0.14583333333333334,-0.5104166666666666,0.203125,-0.7447916666666666,0.2864583333333333,-0.8854166666666666,0.34375,-1.0,0.109375,-0.4583333333333333,0.14583333333333334,-0.703125,0.19791666666666666,-0.8541666666666666,0.234375,-0.984375,0.10416666666666667,-0.3697916666666667,0.10416666666666667,-0.5208333333333334,0.09895833333333333,-0.6458333333333334,0.08854166666666667,-0.7604166666666666
6,0.0,0.0,0.2,-0.14210526315789473,0.3263157894736842,-0.2789473684210526,0.4473684210526316,-0.3526315789473684,0.5684210526315789,-0.4263157894736842,0.16842105263157894,-0.5105263157894737,0.33157894736842103,-0.631578947368421,0.45789473684210524,-0.5684210526315789,0.5473684210526316,-0.4842105263157895,0.1368421052631579,-0.5105263157894737,0.21052631578947367,-0.7473684210526316,0.32105263157894737,-0.8894736842105263,0.4052631578947368,-0.9947368421052631,0.1,-0.45789473684210524,0.1368421052631579,-0.7157894736842105,0.18947368421052632,-0.868421052631579,0.22631578947368422,-1.0,0.07894736842105263,-0.3631578947368421,0.06842105263157895,-0.5210526315789473,0.06842105263157895,-0.6526315789473685,0.07368421052631578,-0.7789473684210526
6,0.0,0.0,0.20512820512820512,-0.14871794871794872,0.3230769230769231,-0.2923076923076923,0.4461538461538462,-0.3641025641025641,0.5692307692307692,-0.4256410256410256,0.11282051282051282,-0.5230769230769231,0.3333333333333333,-0.6410256410256411,0.4666666666666667,-0.5692307692307692,0.5641025641025641,-0.48205128205128206,0.07692307692307693,-0.5076923076923077,0.19487179487179487,-0.7538461538461538,0.30256410256410254,-0.8923076923076924,0.37948717948717947,-1.0,0.07179487179487179,-0.4461538461538462,0.14358974358974358,-0.7128205128205128,0.2,-0.8615384615384616,0.2358974358974359,-0.9948717948717949,0.11282051282051282,-0.36923076923076925,0.1282051282051282,-0.5333333333333333,0.13333333333333333,-0.6512820512820513,0.13846153846153847,-0.7692307692307693
6,0.0,0.0,0.20618556701030927,-0.16494845360824742,0.31443298969072164,-0.30412371134020616,0.4329896907216495,-0.37628865979381443,0.5567010309278351,-0.4381443298969072,0.07216494845360824,-0.5309278350515464,0.31958762886597936,-0.6288659793814433,0.4484536082474227,-0.5773195876288659,0.5412371134020618,-0.5154639175257731,0.041237113402061855,-0.520618556701031,0.19072164948453607,-0.7577319587628866,0.28865979381443296,-0.8969072164948454,0.36082474226804123,-1.0,0.05670103092783505,-0.4690721649484536,0.17010309278350516,-0.7319587628865979,0.23711340206185566,-0.8711340206185567,0.28865979381443296,-0.9896907216494846,0.12371134020618557,-0.4020618556701031,0.16494845360824742,-0.5670103092783505,0.18041237113402062,-0.6855670103092784,0.20103092783505155,-0.7989690721649485
6,0.0,0.0,0.19696969696969696,-0.15656565656565657,0.29797979797979796,-0.29292929292929293,0.4090909090909091,-0.36363636363636365,0.5353535353535354,-0.41919191919191917,0.06060606060606061,-0.5353535353535354,0.30303030303030304,-0.6363636363636364,0.43434343434343436,-0.5656565656565656,0.5202020202020202,-0.4797979797979798,0.045454545454545456,-0.5151515151515151,0.20707070707070707,-0.7424242424242424,0.3181818181818182,-0.8737373737373737,0.4090909090909091,-0.9646464646464646,0.0707070707070707,-0.45454545454545453,0.1919191919191919,-0.7272727272727273,0.25757575757575757,-0.8787878787878788,0.30808080808080807,-1.0,0.15656565656565657,-0.3838383838383838,0.19696969696969696,-0.5606060606060606,0.21212121212121213,-0.6818181818181818,0.24242424242424243,-0.8080808080808081
6,0.0,0.0,0.17857142857142858,-0.15306122448979592,0.2857142857142857,-0.29591836734693877,0.40816326530612246,-0.3673469387755102,0.5357142857142857,-0.41836734693877553,0.05612244897959184,-0.5204081632653061,0.2602040816326531,-0.673469387755102,0.39285714285714285,-0.6428571428571429,0.4897959183673469,-0.5918367346938775,0.05102040816326531,-0.5102040816326531,0.19387755102040816,-0.7397959183673469,0.29081632653061223,-0.8775510204081632,0.3673469387755102,-0.9795918367346939,0.09183673469387756,-0.45408163265306123,0.18877551020408162,-0.7244897959183674,0.25510204081632654,-0.8775510204081632,0.29591836734693877,-1.0,0.1836734693877551,-0.39285714285714285,0.22959183673469388,-0.576530612244898,0.25,-0.6938775510204082,0.2755102040816326,-0.8061224489795918
6,0.0,0.0,0.08205128205128205,-0.19487179487179487,0.18461538461538463,-0.3128205128205128,0.3435897435897436,-0.36923076923076925,0.48205128205128206,-0.40512820512820513,0.0,-0.48717948717948717,0.2205128205128205,-0.6512820512820513,0.3435897435897436,-0.6205128205128205,0.4256410256410256,-0.5794871794871795,0.046153846153846156,-0.47692307692307695,0.17435897435897435,-0.7435897435897436,0.2512820512820513,-0.8923076923076924,0.3128205128205128,-1.0,0.11282051282051282,-0.4307692307692308,0.20512820512820512,-0.7128205128205128,0.26153846153846155,-0.8564102564102564,0.29743589743589743,-0.9692307692307692,0.2153846153846154,-0.36923076923076925,0.26666666666666666,-0.5692307692307692,0.28205128205128205,-0.6871794871794872,0.29743589743589743,-0.7948717948717948
6,0.0,0.0,0.0663265306122449,-0.1989795918367347,0.15306122448979592,-0.33163265306122447,0.3112244897959184,-0.3979591836734694,0.45918367346938777,-0.42346938775510207,-0.015306122448979591,-0.5,0.18877551020408162,-0.6632653061224489,0.30612244897959184,-0.6377551020408163,0.3877551020408163,-0.6071428571428571,0.030612244897959183,-0.4846938775510204,0.17346938775510204,-0.7397959183673469,0.2602040816326531,-0.8877551020408163,0.32142857142857145,-1.0,0.10714285714285714,-0.4387755102040816,0.21428571428571427,-0.7244897959183674,0.28061224489795916,-0.8775510204081632,0.3163265306122449,-1.0,0.22959183673469388,-0.3826530612244898,0.29591836734693877,-0.5867346938775511,0.33163265306122447,-0.7040816326530612,0.3673469387755102,-0.8163265306122449
6,0.0,0.0,0.025252525252525252,-0.21717171717171718,0.1111111111111111,-0.35353535353535354,0.2727272727272727,-0.41919191919191917,0.41414141414141414,-0.4393939393939394,-0.020202020202020204,-0.5,0.1717171717171717,-0.6767676767676768,0.29292929292929293,-0.696969696969697,0.3787878787878788,-0.702020202020202,0.030303030303030304,-0.5,0.16161616161616163,-0.7474747474747475,0.25252525252525254,-0.8939393939393939,0.31313131313131315,-1.0,0.1111111111111111,-0.45454545454545453,0.21717171717171718,-0.7171717171717171,0.2727272727272727,-0.8787878787878788,0.30303030303030304,-1.0,0.23737373737373738,-0.3939393939393939,0.3333333333333333,-0.5959595959595959,0.3787878787878788,-0.7222222222222222,0.4090909090909091,-0.8333333333333334
6,0.0,0.0,0.02512562814070352,-0.21105527638190955,0.08542713567839195,-0.3417085427135678,0.22110552763819097,-0.4120603015075377,0.36683417085427134,-0.44221105527638194,-0.04522613065326633,-0.49748743718592964,0.1507537688442211,-0.6532663316582915,0.2663316582914573,-0.6532663316582915,0.35175879396984927,-0.6381909547738693,0.01507537688442211,-0.49748743718592964,0.1507537688442211,-0.7487437185929648,0.23618090452261306,-0.8994974874371859,0.2964824120603015,-1.0,0.10050251256281408,-0.45226130653266333,0.19597989949748743,-0.7185929648241206,0.25125628140703515,-0.8743718592964824,0.271356783919598,-0.9899497487437185,0.23115577889447236,-0.39195979899497485,0.32160804020100503,-0.5979899497487438,0.37185929648241206,-0.7236180904522613,0.4120603015075377,-0.8341708542713567
6,0.0,0.0,-0.06030150753768844,-0.22110552763819097,-0.020100502512562814,-0.3869346733668342,0.11055276381909548,-0.47738693467336685,0.23618090452261306,-0.5125628140703518,-0.05025125628140704,-0.5025125628140703,0.1306532663316583,-0.6984924623115578,0.23115577889447236,-0.7688442211055276,0.31155778894472363,-0.8190954773869347,0.03015075376884422,-0.49246231155778897,0.1708542713567839,-0.7437185929648241,0.2562814070351759,-0.8944723618090452,0.32160804020100503,-1.0,0.1306532663316583,-0.4371859296482412,0.3065326633165829,-0.592964824120603,0.36180904522613067,-0.5879396984924623,0.36683417085427134,-0.5778894472361809,0.24623115577889448,-0.35678391959798994,0.35678391959798994,-0.5125628140703518,0.38190954773869346,-0.5829145728643216,0.3768844221105528,-0.6582914572864321
6,0.0,0.0,-0.06467661691542288,-0.21393034825870647,-0.05472636815920398,-0.39303482587064675,0.04975124378109453,-0.4975124378109453,0.15422885572139303,-0.5223880597014925,-0.0945273631840796,-0.47761194029850745,0.06965174129353234,-0.6318407960199005,0.17412935323383086,-0.6368159203980099,0.24378109452736318,-0.6119402985074627,0.004975124378109453,-0.4925373134328358,0.1044776119402985,-0.7562189054726368,0.18407960199004975,-0.900497512437811,0.24875621890547264,-0.9950248756218906,0.12935323383084577,-0.4577114427860697,0.208955223880597,-0.7512437810945274,0.2835820895522388,-0.8905472636815921,0.3333333333333333,-1.0,0.2736318407960199,-0.3781094527363184,0.38308457711442784,-0.5870646766169154,0.44776119402985076,-0.6915422885572139,0.5024875621890548,-0.7910447761194029
6,0.0,0.0,-0.09178743961352658,-0.2028985507246377,-0.10144927536231885,-0.3719806763285024,-0.014492753623188406,-0.4830917874396135,0.08695652173913043,-0.5217391304347826,-0.13043478260869565,-0.4782608695652174,0.00966183574879227,-0.6135265700483091,0.10144927536231885,-0.6086956521739131,0.1497584541062802,-0.5700483091787439,-0.01932367149758454,-0.4975845410628019,0.057971014492753624,-0.7536231884057971,0.12077294685990338,-0.8985507246376812,0.16908212560386474,-0.9951690821256038,0.1111111111111111,-0.45893719806763283,0.178743961352657,-0.748792270531401,0.22705314009661837,-0.893719806763285,0.2608695652173913,-1.0,0.26570048309178745,-0.3864734299516908,0.3719806763285024,-0.5942028985507246,0.4396135265700483,-0.6956521739130435,0.4927536231884058,-0.782608695652174
6,0.0,0.0,-0.08962264150943396,-0.20754716981132076,-0.09905660377358491,-0.37264150943396224,-0.009433962264150943,-0.4858490566037736,0.10377358490566038,-0.5235849056603774,-0.14150943396226415,-0.4669811320754717,0.014150943396226415,-0.6084905660377359,0.10849056603773585,-0.5943396226415094,0.1650943396226415,-0.5566037735849056,-0.02830188679245283,-0.4811320754716981,0.05188679245283019,-0.7405660377358491,0.10377358490566038,-0.8867924528301887,0.14622641509433962,-0.9811320754716981,0.10377358490566038,-0.44339622641509435,0.1792452830188679,-0.7405660377358491,0.2358490566037736,-0.8867924528301887,0.2641509433962264,-1.0,0.25471698113207547,-0.36792452830188677,0.3632075471698113,-0.5801886792452831,0.42924528301886794,-0.6839622641509434,0.47641509433962265,-0.7830188679245284
6,0.0,0.0,-0.0967741935483871,-0.20276497695852536,-0.10599078341013825,-0.3686635944700461,-0.018433179723502304,-0.4838709677419355,0.0967741935483871,-0.5207373271889401,-0.14746543778801843,-0.4608294930875576,0.004608294930875576,-0.5944700460829493,0.09216589861751152,-0.576036866359447,0.14285714285714285,-0.5345622119815668,-0.02304147465437788,-0.47465437788018433,0.03686635944700461,-0.7465437788018433,0.07834101382488479,-0.8847926267281107,0.1152073732718894,-0.9769585253456221,0.1152073732718894,-0.4423963133640553,0.17972350230414746,-0.7465437788018433,0.22580645161290322,-0.8940092165898618,0.2488479262672811,-1.0,0.25806451612903225,-0.37327188940092165,0.3686635944700461,-0.5898617511520737,0.42857142857142855,-0.6912442396313364,0.47465437788018433,-0.783410138248848
6,0.0,0.0,-0.12149532710280374,-0.18691588785046728,-0.14485981308411214,-0.35046728971962615,-0.06074766355140187,-0.4719626168224299,0.056074766355140186,-0.5093457943925234,-0.17289719626168223,-0.4532710280373832,-0.04672897196261682,-0.5841121495327103,0.03271028037383177,-0.5654205607476636,0.0794392523364486,-0.5233644859813084,-0.04672897196261682,-0.4766355140186916,-0.004672897196261682,-0.7429906542056075,0.028037383177570093,-0.883177570093458,0.06074766355140187,-0.9766355140186916,0.09345794392523364,-0.4485981308411215,0.1542056074766355,-0.7523364485981309,0.20093457943925233,-0.8925233644859814,0.22897196261682243,-1.0,0.24299065420560748,-0.38317757009345793,0.35046728971962615,-0.5934579439252337,0.411214953271028,-0.6962616822429907,0.45794392523364486,-0.7850467289719626
6,0.0,0.0,-0.13488372093023257,-0.17209302325581396,-0.15813953488372093,-0.3395348837209302,-0.07906976744186046,-0.46511627906976744,0.03255813953488372,-0.5069767441860465,-0.17674418604651163,-0.4558139534883721,-0.07906976744186046,-0.5767441860465117,-0.013953488372093023,-0.5581395348837209,0.027906976744186046,-0.5162790697674419,-0.05116279069767442,-0.48372093023255813,-0.037209302325581395,-0.7395348837209302,-0.023255813953488372,-0.8790697674418605,0.0,-0.9767441860465116,0.09302325581395349,-0.46511627906976744,0.14418604651162792,-0.7534883720930232,0.18604651162790697,-0.8976744186046511,0.20930232558139536,-1.0,0.24186046511627907,-0.4046511627906977,0.3395348837209302,-0.6046511627906976,0.4046511627906977,-0.7023255813953488,0.44651162790697674,-0.7906976744186046
6,0.0,0.0,-0.14553990610328638,-0.1784037558685446,-0.16901408450704225,-0.3380281690140845,-0.0892018779342723,-0.45539906103286387,0.028169014084507043,-0.49295774647887325,-0.18309859154929578,-0.45539906103286387,-0.09389671361502347,-0.5633802816901409,-0.03755868544600939,-0.5446009389671361,0.009389671361502348,-0.49765258215962443,-0.051643192488262914,-0.4788732394366197,-0.03755868544600939,-0.7370892018779343,-0.023474178403755867,-0.8779342723004695,0.004694835680751174,-0.9765258215962441,0.09389671361502347,-0.460093896713615,0.14084507042253522,-0.755868544600939,0.17370892018779344,-0.8967136150234741,0.19718309859154928,-1.0,0.23943661971830985,-0.40375586854460094,0.3474178403755869,-0.6056338028169014,0.4084507042253521,-0.704225352112676,0.45539906103286387,-0.7934272300469484
6,0.0,0.0,-0.1780821917808219,-0.1506849315068493,-0.2146118721461187,-0.319634703196347,-0.1506849315068493,-0.4429223744292237,-0.0547945205479452,-0.4840182648401826,-0.2146118721461187,-0.4703196347031963,-0.1735159817351598,-0.5707762557077626,-0.1278538812785388,-0.547945205479452,-0.0958904109589041,-0.5068493150684932,-0.0867579908675799,-0.5068493150684932,-0.1004566210045662,-0.7488584474885844,-0.1050228310502283,-0.8812785388127854,-0.091324200913242,-0.9771689497716894,0.0593607305936073,-0.4931506849315068,0.0958904109589041,-0.7579908675799086,0.1232876712328767,-0.8995433789954338,0.1415525114155251,-1.0,0.2100456621004566,-0.4383561643835616,0.3013698630136986,-0.6210045662100456,0.3515981735159817,-0.7214611872146118,0.3881278538812785,-0.8036529680365296
6,0.0,0.0,-0.18584070796460178,-0.11946902654867257,-0.24336283185840707,-0.27876106194690264,-0.22123893805309736,-0.415929203539823,-0.1592920353982301,-0.4778761061946903,-0.23893805309734514,-0.4646017699115044,-0.2345132743362832,-0.5663716814159292,-0.19469026548672566,-0.5309734513274337,-0.15486725663716813,-0.4778761061946903,-0.10619469026548672,-0.5088495575221239,-0.14601769911504425,-0.7477876106194691,-0.16371681415929204,-0.8761061946902655,-0.16371681415929204,-0.9734513274336283,0.035398230088495575,-0.5,0.05309734513274336,-0.7610619469026548,0.06637168141592921,-0.8982300884955752,0.07964601769911504,-1.0,0.17699115044247787,-0.4469026548672566,0.24778761061946902,-0.6371681415929203,0.29646017699115046,-0.7345132743362832,0.33185840707964603,-0.8141592920353983
6,0.0,0.0,-0.23214285714285715,-0.08928571428571429,-0.30357142857142855,-0.2544642857142857,-0.25892857142857145,-0.3794642857142857,-0.17857142857142858,-0.42857142857142855,-0.26339285714285715,-0.44642857142857145,-0.33035714285714285,-0.53125,-0.3080357142857143,-0.49107142857142855,-0.26339285714285715,-0.4375,-0.12946428571428573,-0.5089285714285714,-0.20535714285714285,-0.7232142857142857,-0.25,-0.84375,-0.26785714285714285,-0.9375,0.008928571428571428,-0.5089285714285714,0.0,-0.7455357142857143,0.004464285714285714,-0.8883928571428571,0.017857142857142856,-1.0,0.13392857142857142,-0.45982142857142855,0.18303571428571427,-0.625,0.22767857142857142,-0.7232142857142857,0.26339285714285715,-0.8035714285714286
6,0.0,0.0,0.09644670050761421,-0.18781725888324874,0.08121827411167512,-0.37055837563451777,0.03553299492385787,-0.49746192893401014,0.025380710659898477,-0.5736040609137056,0.06091370558375635,-0.5329949238578681,0.06598984771573604,-0.7360406091370558,0.07106598984771574,-0.8477157360406091,0.08121827411167512,-0.9137055837563451,-0.06091370558375635,-0.5482233502538071,-0.20812182741116753,-0.7817258883248731,-0.30456852791878175,-0.9187817258883249,-0.37055837563451777,-1.0,-0.18274111675126903,-0.5126903553299492,-0.350253807106599,-0.5939086294416244,-0.3553299492385787,-0.5177664974619289,-0.3248730964467005,-0.4467005076142132,-0.3147208121827411,-0.4416243654822335,-0.47715736040609136,-0.4720812182741117,-0.4720812182741117,-0.40609137055837563,-0.43147208121827413,-0.3350253807106599
6,0.0,0.0,0.19617224880382775,-0.16267942583732056,0.19617224880382775,-0.36363636363636365,0.11961722488038277,-0.5119617224880383,0.03349282296650718,-0.583732057416268,0.05263157894736842,-0.5885167464114832,0.03349282296650718,-0.7894736842105263,0.009569377990430622,-0.8803827751196173,0.004784688995215311,-0.9186602870813397,-0.11961722488038277,-0.5933014354066986,-0.18660287081339713,-0.8277511961722488,-0.24401913875598086,-0.9473684210526315,-0.2727272727272727,-1.0,-0.2727272727272727,-0.5215311004784688,-0.4688995215311005,-0.5933014354066986,-0.5502392344497608,-0.5454545454545454,-0.569377990430622,-0.48325358851674644,-0.3923444976076555,-0.37799043062200954,-0.5406698564593302,-0.37320574162679426,-0.569377990430622,-0.3349282296650718,-0.5406698564593302,-0.291866028708134
6,0.0,0.0,-0.2971698113207547,-0.08962264150943396,-0.46226415094339623,-0.25,-0.5471698113207547,-0.37264150943396224,-0.5801886792452831,-0.4481132075471698,-0.22641509433962265,-0.5283018867924528,-0.4009433962264151,-0.6698113207547169,-0.5094339622641509,-0.6462264150943396,-0.5660377358490566,-0.6037735849056604,-0.08962264150943396,-0.589622641509434,-0.1650943396226415,-0.8632075471698113,-0.2688679245283019,-0.9669811320754716,-0.3584905660377358,-1.0,0.014150943396226415,-0.5801886792452831,-0.08962264150943396,-0.7547169811320755,-0.1650943396226415,-0.7830188679245284,-0.2169811320754717,-0.7688679245283019,0.0660377358490566,-0.5094339622641509,-0.04245283018867924,-0.6037735849056604,-0.13679245283018868,-0.5943396226415094,-0.20754716981132076,-0.5330188679245284
6,0.0,0.0,-0.21266968325791855,-0.08597285067873303,-0.39819004524886875,-0.23529411764705882,-0.5384615384615384,-0.3574660633484163,-0.5927601809954751,-0.4479638009049774,-0.12669683257918551,-0.49321266968325794,-0.38009049773755654,-0.5475113122171946,-0.5158371040723982,-0.5067873303167421,-0.583710407239819,-0.4796380090497738,-0.04072398190045249,-0.5610859728506787,-0.18099547511312217,-0.751131221719457,-0.2669683257918552,-0.8597285067873304,-0.3257918552036199,-0.9592760180995475,0.00904977375565611,-0.5701357466063348,-0.06334841628959276,-0.751131221719457,-0.1085972850678733,-0.8868778280542986,-0.1493212669683258,-1.0,0.01809954751131222,-0.5429864253393665,0.0,-0.7058823529411765,-0.01809954751131222,-0.8144796380090498,-0.04072398190045249,-0.9140271493212669
6,0.0,0.0,-0.20098039215686275,-0.06372549019607843,-0.38235294117647056,-0.20098039215686275,-0.5245098039215687,-0.3333333333333333,-0.6029411764705882,-0.44607843137254904,-0.13725490196078433,-0.4411764705882353,-0.37745098039215685,-0.5294117647058824,-0.5245098039215687,-0.5098039215686274,-0.6029411764705882,-0.4852941176470588,-0.0392156862745098,-0.5147058823529411,-0.16666666666666666,-0.7254901960784313,-0.25,-0.8480392156862745,-0.3088235294117647,-0.9509803921568627,0.014705882352941176,-0.5392156862745098,-0.04411764705882353,-0.75,-0.07352941176470588,-0.8921568627450981,-0.10294117647058823,-1.0,0.024509803921568627,-0.5196078431372549,0.00980392156862745,-0.7058823529411765,0.00980392156862745,-0.8235294117647058,0.004901960784313725,-0.9264705882352942
6,0.0,0.0,-0.208955223880597,-0.07462686567164178,-0.373134328358209,-0.208955223880597,-0.5074626865671642,-0.34328358208955223,-0.5970149253731343,-0.44776119402985076,-0.1044776119402985,-0.43283582089552236,-0.36318407960199006,-0.5472636815920398,-0.5174129353233831,-0.527363184079602,-0.5970149253731343,-0.48756218905472637,0.009950248756218905,-0.5124378109452736,-0.12437810945273632,-0.7313432835820896,-0.22388059701492538,-0.8656716417910447,-0.2935323383084577,-0.9751243781094527,0.06467661691542288,-0.5373134328358209,0.0,-0.7611940298507462,-0.05472636815920398,-0.900497512437811,-0.10945273631840796,-1.0,0.06467661691542288,-0.527363184079602,0.05472636815920398,-0.7064676616915423,0.04477611940298507,-0.8159203980099502,0.014925373134328358,-0.9104477611940298
6,0.0,0.0,-0.19095477386934673,-0.07537688442211055,-0.34673366834170855,-0.20100502512562815,-0.4824120603015075,-0.32663316582914576,-0.5728643216080402,-0.4271356783919598,-0.08040201005025126,-0.41708542713567837,-0.33668341708542715,-0.5226130653266332,-0.49748743718592964,-0.507537688442211,-0.5829145728643216,-0.4723618090452261,0.02512562814070352,-0.49246231155778897,-0.12562814070351758,-0.7286432160804021,-0.23115577889447236,-0.8693467336683417,-0.31155778894472363,-0.9849246231155779,0.08040201005025126,-0.5175879396984925,0.020100502512562814,-0.7437185929648241,-0.02512562814070352,-0.8894472361809045,-0.07537688442211055,-1.0,0.07537688442211055,-0.49748743718592964,0.07537688442211055,-0.6934673366834171,0.06532663316582915,-0.8241206030150754,0.04020100502512563,-0.9296482412060302
6,0.0,0.0,-0.17616580310880828,-0.06217616580310881,-0.33678756476683935,-0.20207253886010362,-0.47668393782383417,-0.32124352331606215,-0.5647668393782384,-0.42487046632124353,-0.08290155440414508,-0.44559585492227977,-0.33678756476683935,-0.5544041450777202,-0.5025906735751295,-0.533678756476684,-0.5906735751295337,-0.49222797927461137,0.0051813471502590676,-0.5284974093264249,-0.14507772020725387,-0.7512953367875648,-0.24352331606217617,-0.8860103626943006,-0.30569948186528495,-1.0,0.03626943005181347,-0.5647668393782384,-0.06735751295336788,-0.7616580310880829,-0.13471502590673576,-0.8756476683937824,-0.19170984455958548,-0.9637305699481865,0.031088082901554404,-0.5440414507772021,-0.02072538860103627,-0.6994818652849741,-0.06217616580310881,-0.7927461139896373,-0.10880829015544041,-0.8601036269430051
6,0.0,0.0,-0.1746031746031746,-0.10052910052910052,-0.3439153439153439,-0.24867724867724866,-0.4973544973544973,-0.36507936507936506,-0.5925925925925926,-0.4497354497354497,-0.06878306878306878,-0.4656084656084656,-0.30158730158730157,-0.5873015873015873,-0.4708994708994709,-0.5767195767195767,-0.5767195767195767,-0.544973544973545,0.015873015873015872,-0.5238095238095238,-0.07407407407407407,-0.7619047619047619,-0.14814814814814814,-0.8888888888888888,-0.20105820105820105,-0.9947089947089947,0.05291005291005291,-0.5396825396825397,0.015873015873015872,-0.7566137566137566,-0.010582010582010581,-0.8941798941798942,-0.042328042328042326,-1.0,0.042328042328042326,-0.5185185185185185,0.037037037037037035,-0.6878306878306878,0.031746031746031744,-0.798941798941799,0.010582010582010581,-0.8835978835978836
6,0.0,0.0,-0.19270833333333334,-0.07291666666666667,-0.3489583333333333,-0.21875,-0.484375,-0.34375,-0.5677083333333334,-0.4375,-0.057291666666666664,-0.421875,-0.3229166666666667,-0.5416666666666666,-0.5,-0.5416666666666666,-0.609375,-0.5260416666666666,0.046875,-0.5,-0.0625,-0.75,-0.15104166666666666,-0.8958333333333334,-0.22395833333333334,-1.0,0.08854166666666667,-0.5208333333333334,0.026041666666666668,-0.7447916666666666,-0.026041666666666668,-0.8854166666666666,-0.08333333333333333,-0.9791666666666666,0.07291666666666667,-0.5052083333333334,0.041666666666666664,-0.6822916666666666,0.020833333333333332,-0.8020833333333334,-0.015625,-0.8854166666666666
6,0.0,0.0,-0.18781725888324874,-0.09644670050761421,-0.34517766497461927,-0.24873096446700507,-0.48223350253807107,-0.37055837563451777,-0.5786802030456852,-0.4619289340101523,-0.05583756345177665,-0.467005076142132,-0.3197969543147208,-0.5736040609137056,-0.4873096446700508,-0.5685279187817259,-0.5939086294416244,-0.5431472081218274,0.04568527918781726,-0.5329949238578681,-0.06091370558375635,-0.7563451776649747,-0.15228426395939088,-0.8883248730964467,-0.22842639593908629,-0.9949238578680203,0.08629441624365482,-0.5431472081218274,0.03553299492385787,-0.7614213197969543,-0.015228426395939087,-0.8984771573604061,-0.07106598984771574,-1.0,0.07106598984771574,-0.5228426395939086,0.06091370558375635,-0.6903553299492385,0.050761421319796954,-0.8020304568527918,0.015228426395939087,-0.8934010152284264
6,0.0,0.0,-0.16042780748663102,-0.11229946524064172,-0.27807486631016043,-0.25133689839572193,-0.39572192513368987,-0.3689839572192513,-0.47593582887700536,-0.45454545454545453,0.0106951871657754,-0.45454545454545453,-0.20320855614973263,-0.5614973262032086,-0.3689839572192513,-0.5614973262032086,-0.46524064171123,-0.5401069518716578,0.08021390374331551,-0.5026737967914439,0.0,-0.7379679144385026,-0.08021390374331551,-0.8663101604278075,-0.1443850267379679,-0.9679144385026738,0.11229946524064172,-0.5294117647058824,0.06417112299465241,-0.7647058823529411,0.0,-0.8983957219251337,-0.058823529411764705,-1.0,0.10160427807486631,-0.5240641711229946,0.08021390374331551,-0.7272727272727273,0.0427807486631016,-0.8556149732620321,-0.016042780748663103,-0.9625668449197861
6,0.0,0.0,-0.1736842105263158,-0.12631578947368421,-0.2894736842105263,-0.2789473684210526,-0.4052631578947368,-0.37894736842105264,-0.48947368421052634,-0.46842105263157896,-0.005263157894736842,-0.46842105263157896,-0.21578947368421053,-0.5684210526315789,-0.37894736842105264,-0.5526315789473685,-0.4789473684210526,-0.5263157894736842,0.05789473684210526,-0.5105263157894737,-0.02631578947368421,-0.7210526315789474,-0.07368421052631578,-0.8368421052631579,-0.11578947368421053,-0.9263157894736842,0.07894736842105263,-0.531578947368421,0.021052631578947368,-0.7578947368421053,-0.02631578947368421,-0.8947368421052632,-0.06842105263157895,-1.0,0.06842105263157895,-0.531578947368421,0.021052631578947368,-0.7315789473684211,-0.02631578947368421,-0.8578947368421053,-0.08947368421052632,-0.968421052631579
6,0.0,0.0,-0.1736842105263158,-0.11052631578947368,-0.32105263157894737,-0.2736842105263158,-0.4473684210526316,-0.4052631578947368,-0.5263157894736842,-0.5,-0.015789473684210527,-0.47368421052631576,-0.25263157894736843,-0.5947368421052631,-0.4052631578947368,-0.5894736842105263,-0.5,-0.5631578947368421,0.07368421052631578,-0.5210526315789473,-0.015789473684210527,-0.7578947368421053,-0.1,-0.8947368421052632,-0.1736842105263158,-1.0,0.10526315789473684,-0.5368421052631579,0.042105263157894736,-0.7473684210526316,-0.015789473684210527,-0.8789473684210526,-0.08421052631578947,-0.9789473684210527,0.08421052631578947,-0.5105263157894737,0.05789473684210526,-0.6789473684210526,0.021052631578947368,-0.7789473684210526,-0.031578947368421054,-0.8631578947368421
6,0.0,0.0,-0.16317991631799164,-0.09205020920502092,-0.2719665271966527,-0.200836820083682,-0.35564853556485354,-0.26359832635983266,-0.4351464435146444,-0.33472803347280333,-0.1589958158995816,-0.49372384937238495,-0.301255230125523,-0.5648535564853556,-0.3891213389121339,-0.4811715481171548,-0.4225941422594142,-0.3807531380753138,-0.08368200836820083,-0.5355648535564853,-0.12133891213389121,-0.7489539748953975,-0.17154811715481172,-0.8870292887029289,-0.21338912133891214,-1.0,0.0041841004184100415,-0.5104602510460251,0.04184100418410042,-0.7196652719665272,0.0502092050209205,-0.8661087866108786,0.04184100418410042,-0.99581589958159,0.07112970711297072,-0.42677824267782427,0.13389121338912133,-0.5732217573221757,0.1589958158995816,-0.6903765690376569,0.16736401673640167,-0.7949790794979079
6,0.0,0.0,-0.16666666666666666,-0.08547008547008547,-0.2777777777777778,-0.19230769230769232,-0.3717948717948718,-0.2564102564102564,-0.44871794871794873,-0.32905982905982906,-0.15384615384615385,-0.49145299145299143,-0.2948717948717949,-0.5683760683760684,-0.38461538461538464,-0.49145299145299143,-0.4230769230769231,-0.4017094017094017,-0.07692307692307693,-0.5341880341880342,-0.11538461538461539,-0.7521367521367521,-0.1794871794871795,-0.8846153846153846,-0.23931623931623933,-0.9914529914529915,0.008547008547008548,-0.5085470085470085,0.05128205128205128,-0.7222222222222222,0.042735042735042736,-0.8717948717948718,0.021367521367521368,-1.0,0.07692307692307693,-0.43162393162393164,0.13675213675213677,-0.5854700854700855,0.14957264957264957,-0.7094017094017094,0.14957264957264957,-0.8205128205128205
6,0.0,0.0,-0.16738197424892703,-0.0815450643776824,-0.2875536480686695,-0.18454935622317598,-0.38626609442060084,-0.2532188841201717,-0.45493562231759654,-0.34334763948497854,-0.1630901287553648,-0.48068669527896996,-0.3090128755364807,-0.5665236051502146,-0.39914163090128757,-0.4892703862660944,-0.4334763948497854,-0.39914163090128757,-0.08583690987124463,-0.5321888412017167,-0.12875536480686695,-0.7510729613733905,-0.18454935622317598,-0.8884120171673819,-0.24034334763948498,-1.0,0.004291845493562232,-0.5150214592274678,0.05150214592274678,-0.721030042918455,0.055793991416309016,-0.8669527896995708,0.034334763948497854,-0.9957081545064378,0.07725321888412018,-0.4334763948497854,0.15450643776824036,-0.592274678111588,0.1759656652360515,-0.721030042918455,0.18454935622317598,-0.8369098712446352
6,0.0,0.0,-0.17316017316017315,-0.07792207792207792,-0.2943722943722944,-0.1774891774891775,-0.3852813852813853,-0.24675324675324675,-0.45021645021645024,-0.341991341991342,-0.16883116883116883,-0.4805194805194805,-0.3116883116883117,-0.5584415584415584,-0.3939393939393939,-0.47619047619047616,-0.42424242424242425,-0.3852813852813853,-0.08658008658008658,-0.5324675324675324,-0.12121212121212122,-0.7489177489177489,-0.1774891774891775,-0.8874458874458875,-0.22943722943722944,-1.0,0.012987012987012988,-0.5108225108225108,0.06060606060606061,-0.7229437229437229,0.06060606060606061,-0.8701298701298701,0.04329004329004329,-1.0,0.09090909090909091,-0.4329004329004329,0.1645021645021645,-0.5930735930735931,0.18614718614718614,-0.7142857142857143,0.19480519480519481,-0.8268398268398268
6,0.0,0.0,-0.17699115044247787,-0.061946902654867256,-0.30973451327433627,-0.1592920353982301,-0.41150442477876104,-0.22566371681415928,-0.4690265486725664,-0.3185840707964602,-0.19469026548672566,-0.46017699115044247,-0.33185840707964603,-0.5353982300884956,-0.415929203539823,-0.4557522123893805,-0.4424778761061947,-0.36283185840707965,-0.10619469026548672,-0.5176991150442478,-0.1504424778761062,-0.7345132743362832,-0.20353982300884957,-0.8628318584070797,-0.2610619469026549,-0.9734513274336283,-0.004424778761061947,-0.5132743362831859,0.030973451327433628,-0.7256637168141593,0.02654867256637168,-0.8716814159292036,0.008849557522123894,-1.0,0.08849557522123894,-0.4424778761061947,0.1504424778761062,-0.6017699115044248,0.17256637168141592,-0.7212389380530974,0.17699115044247787,-0.831858407079646
6,0.0,0.0,-0.18141592920353983,-0.05752212389380531,-0.3230088495575221,-0.1504424778761062,-0.42920353982300885,-0.22123893805309736,-0.4823008849557522,-0.30973451327433627,-0.2079646017699115,-0.4690265486725664,-0.35398230088495575,-0.5486725663716814,-0.4336283185840708,-0.4646017699115044,-0.46017699115044247,-0.37168141592920356,-0.11946902654867257,-0.5309734513274337,-0.168141592920354,-0.7389380530973452,-0.22566371681415928,-0.8716814159292036,-0.2831858407079646,-0.9778761061946902,-0.01327433628318584,-0.5221238938053098,0.017699115044247787,-0.7300884955752213,0.008849557522123894,-0.8761061946902655,-0.017699115044247787,-1.0,0.07964601769911504,-0.45132743362831856,0.1415929203539823,-0.6106194690265486,0.16371681415929204,-0.7300884955752213,0.16371681415929204,-0.8451327433628318
6,0.0,0.0,-0.17982456140350878,-0.06140350877192982,-0.32456140350877194,-0.15350877192982457,-0.43859649122807015,-0.2236842105263158,-0.4780701754385965,-0.3157894736842105,-0.19736842105263158,-0.4692982456140351,-0.34649122807017546,-0.5482456140350878,-0.42543859649122806,-0.4605263157894737,-0.4517543859649123,-0.35964912280701755,-0.11403508771929824,-0.5263157894736842,-0.17105263157894737,-0.7368421052631579,-0.22807017543859648,-0.868421052631579,-0.2807017543859649,-0.9736842105263158,-0.013157894736842105,-0.5175438596491229,0.013157894736842105,-0.7324561403508771,0.0,-0.8728070175438597,-0.021929824561403508,-1.0,0.07894736842105263,-0.4473684210526316,0.14035087719298245,-0.6052631578947368,0.16228070175438597,-0.7280701754385965,0.16228070175438597,-0.8421052631578947
6,0.0,0.0,-0.18468468468468469,-0.036036036036036036,-0.35135135135135137,-0.12162162162162163,-0.4774774774774775,-0.20270270270270271,-0.4864864864864865,-0.3063063063063063,-0.26126126126126126,-0.44144144144144143,-0.40540540540540543,-0.5315315315315315,-0.47297297297297297,-0.4369369369369369,-0.4864864864864865,-0.34234234234234234,-0.17117117117117117,-0.5180180180180181,-0.25225225225225223,-0.7207207207207207,-0.3153153153153153,-0.8468468468468469,-0.3783783783783784,-0.9504504504504504,-0.05405405405405406,-0.527027027027027,-0.06306306306306306,-0.7387387387387387,-0.08558558558558559,-0.8783783783783784,-0.11261261261261261,-1.0,0.06306306306306306,-0.4774774774774775,0.0945945945945946,-0.6576576576576577,0.11261261261261261,-0.7837837837837838,0.11711711711711711,-0.9009009009009009
6,0.0,0.0,-0.18552036199095023,-0.03167420814479638,-0.34841628959276016,-0.12217194570135746,-0.4660633484162896,-0.20361990950226244,-0.4841628959276018,-0.3167420814479638,-0.2669683257918552,-0.4434389140271493,-0.4117647058823529,-0.5384615384615384,-0.47058823529411764,-0.45248868778280543,-0.4796380090497738,-0.3574660633484163,-0.17194570135746606,-0.5203619909502263,-0.2579185520361991,-0.7285067873303167,-0.3212669683257919,-0.8506787330316742,-0.38009049773755654,-0.9547511312217195,-0.049773755656108594,-0.5339366515837104,-0.058823529411764705,-0.746606334841629,-0.08144796380090498,-0.8823529411764706,-0.11312217194570136,-1.0,0.07239819004524888,-0.4841628959276018,0.1085972850678733,-0.6561085972850679,0.12669683257918551,-0.7737556561085973,0.12669683257918551,-0.8823529411764706
6,0.0,0.0,-0.1872146118721461,-0.0228310502283105,-0.3561643835616438,-0.1141552511415525,-0.4748858447488584,-0.2009132420091324,-0.4885844748858447,-0.3059360730593607,-0.2831050228310502,-0.4474885844748858,-0.4200913242009132,-0.5388127853881278,-0.4657534246575342,-0.4474885844748858,-0.45662100456621,-0.3515981735159817,-0.182648401826484,-0.5251141552511416,-0.2785388127853881,-0.730593607305936,-0.3424657534246575,-0.8493150684931506,-0.3972602739726027,-0.954337899543379,-0.0593607305936073,-0.5388127853881278,-0.091324200913242,-0.7488584474885844,-0.1141552511415525,-0.8812785388127854,-0.1415525114155251,-1.0,0.0730593607305936,-0.4885844748858447,0.091324200913242,-0.6621004566210046,0.1095890410958904,-0.776255707762557,0.1187214611872146,-0.8812785388127854
6,0.0,0.0,-0.18636363636363637,-0.02727272727272727,-0.3409090909090909,-0.12272727272727273,-0.4409090909090909,-0.21818181818181817,-0.45,-0.33181818181818185,-0.2909090909090909,-0.44545454545454544,-0.41363636363636364,-0.5318181818181819,-0.44545454545454544,-0.4409090909090909,-0.42727272727272725,-0.35,-0.19090909090909092,-0.5227272727272727,-0.2863636363636364,-0.7318181818181818,-0.34545454545454546,-0.8545454545454545,-0.39545454545454545,-0.9681818181818181,-0.06363636363636363,-0.5409090909090909,-0.10454545454545454,-0.7545454545454545,-0.12727272727272726,-0.8818181818181818,-0.15454545454545454,-1.0,0.07727272727272727,-0.5,0.09090909090909091,-0.6727272727272727,0.10909090909090909,-0.7863636363636364,0.11818181818181818,-0.8954545454545455
6,0.0,0.0,-0.18018018018018017,-0.02702702702702703,-0.34234234234234234,-0.12162162162162163,-0.44594594594594594,-0.2072072072072072,-0.44594594594594594,-0.3108108108108108,-0.30180180180180183,-0.44144144144144143,-0.4189189189189189,-0.527027027027027,-0.45495495495495497,-0.4369369369369369,-0.44594594594594594,-0.34234234234234234,-0.2072072072072072,-0.5180180180180181,-0.2972972972972973,-0.7297297297297297,-0.35585585585585583,-0.8513513513513513,-0.40540540540540543,-0.963963963963964,-0.07657657657657657,-0.5405405405405406,-0.12612612612612611,-0.7567567567567568,-0.14864864864864866,-0.8828828828828829,-0.17567567567567569,-1.0,0.06306306306306306,-0.5,0.07207207207207207,-0.6801801801801802,0.08558558558558559,-0.7927927927927928,0.09009009009009009,-0.9009009009009009
6,0.0,0.0,-0.18099547511312217,-0.03619909502262444,-0.3393665158371041,-0.13574660633484162,-0.4479638009049774,-0.22624434389140272,-0.4479638009049774,-0.3257918552036199,-0.3031674208144796,-0.43891402714932126,-0.416289592760181,-0.5384615384615384,-0.4479638009049774,-0.45701357466063347,-0.4298642533936652,-0.3665158371040724,-0.2081447963800905,-0.5203619909502263,-0.2986425339366516,-0.7375565610859729,-0.3574660633484163,-0.8687782805429864,-0.40271493212669685,-0.9773755656108597,-0.07692307692307693,-0.5429864253393665,-0.12669683257918551,-0.7601809954751131,-0.15384615384615385,-0.8914027149321267,-0.18099547511312217,-1.0,0.06334841628959276,-0.5113122171945701,0.07692307692307693,-0.6877828054298643,0.09049773755656108,-0.8054298642533937,0.09502262443438914,-0.9140271493212669
6,0.0,0.0,-0.18099547511312217,-0.027149321266968326,-0.3438914027149321,-0.12217194570135746,-0.45248868778280543,-0.2171945701357466,-0.4343891402714932,-0.3257918552036199,-0.31221719457013575,-0.4343891402714932,-0.4343891402714932,-0.5339366515837104,-0.45248868778280543,-0.45701357466063347,-0.4253393665158371,-0.3665158371040724,-0.2171945701357466,-0.5158371040723982,-0.3167420814479638,-0.7285067873303167,-0.3755656108597285,-0.8597285067873304,-0.42081447963800905,-0.9728506787330317,-0.09049773755656108,-0.5384615384615384,-0.14027149321266968,-0.755656108597285,-0.167420814479638,-0.8868778280542986,-0.19909502262443438,-1.0,0.049773755656108594,-0.5067873303167421,0.06334841628959276,-0.6832579185520362,0.08144796380090498,-0.7963800904977375,0.08144796380090498,-0.9049773755656109
6,0.0,0.0,-0.182648401826484,-0.0273972602739726,-0.3515981735159817,-0.1187214611872146,-0.4703196347031963,-0.2237442922374429,-0.4292237442922374,-0.3378995433789954,-0.3287671232876712,-0.4292237442922374,-0.4429223744292237,-0.5388127853881278,-0.4474885844748858,-0.45662100456621,-0.4155251141552511,-0.365296803652968,-0.228310502283105,-0.5159817351598174,-0.3333333333333333,-0.7351598173515982,-0.3881278538812785,-0.863013698630137,-0.4337899543378995,-0.9771689497716894,-0.1004566210045662,-0.5388127853881278,-0.1552511415525114,-0.7579908675799086,-0.1780821917808219,-0.8858447488584474,-0.2054794520547945,-1.0,0.0502283105022831,-0.5068493150684932,0.0593607305936073,-0.680365296803653,0.0730593607305936,-0.7899543378995434,0.0776255707762557,-0.8995433789954338
6,0.0,0.0,-0.1917808219178082,-0.0365296803652968,-0.3515981735159817,-0.1324200913242009,-0.4474885844748858,-0.2328767123287671,-0.4246575342465753,-0.3287671232876712,-0.3242009132420091,-0.4337899543378995,-0.4429223744292237,-0.5342465753424658,-0.4520547945205479,-0.4474885844748858,-0.4155251141552511,-0.3515981735159817,-0.2328767123287671,-0.5159817351598174,-0.3424657534246575,-0.730593607305936,-0.4018264840182648,-0.8584474885844748,-0.4520547945205479,-0.9817351598173516,-0.1050228310502283,-0.54337899543379,-0.1643835616438356,-0.7579908675799086,-0.1963470319634703,-0.8858447488584474,-0.228310502283105,-1.0,0.0365296803652968,-0.5159817351598174,0.0410958904109589,-0.6986301369863014,0.0502283105022831,-0.8127853881278538,0.0547945205479452,-0.9223744292237442
6,0.0,0.0,-0.19069767441860466,-0.027906976744186046,-0.3581395348837209,-0.13023255813953488,-0.4418604651162791,-0.24651162790697675,-0.4,-0.3627906976744186,-0.34418604651162793,-0.4325581395348837,-0.4511627906976744,-0.5488372093023256,-0.44651162790697674,-0.4744186046511628,-0.4,-0.39069767441860465,-0.25116279069767444,-0.5209302325581395,-0.3627906976744186,-0.7348837209302326,-0.42790697674418604,-0.8697674418604651,-0.4790697674418605,-0.9906976744186047,-0.12093023255813953,-0.5488372093023256,-0.19069767441860466,-0.7581395348837209,-0.22325581395348837,-0.8883720930232558,-0.26046511627906976,-1.0,0.027906976744186046,-0.5255813953488372,0.03255813953488372,-0.7023255813953488,0.04186046511627907,-0.8186046511627907,0.046511627906976744,-0.9209302325581395
6,0.0,0.0,-0.19339622641509435,-0.018867924528301886,-0.3584905660377358,-0.12735849056603774,-0.42924528301886794,-0.25,-0.3915094339622642,-0.3490566037735849,-0.37735849056603776,-0.419811320754717,-0.4811320754716981,-0.5330188679245284,-0.45754716981132076,-0.4669811320754717,-0.4056603773584906,-0.38207547169811323,-0.28773584905660377,-0.5094339622641509,-0.41037735849056606,-0.7264150943396226,-0.47641509433962265,-0.8632075471698113,-0.5330188679245284,-0.9858490566037735,-0.15566037735849056,-0.5424528301886793,-0.24528301886792453,-0.7594339622641509,-0.28773584905660377,-0.8867924528301887,-0.330188679245283,-1.0,0.0,-0.5283018867924528,-0.009433962264150943,-0.7075471698113207,-0.014150943396226415,-0.8160377358490566,-0.02358490566037736,-0.9150943396226415
6,0.0,0.0,-0.17452830188679244,-0.014150943396226415,-0.33962264150943394,-0.11320754716981132,-0.3867924528301887,-0.25,-0.33962264150943394,-0.37264150943396224,-0.3867924528301887,-0.4009433962264151,-0.4858490566037736,-0.5188679245283019,-0.4386792452830189,-0.4716981132075472,-0.36792452830188677,-0.41509433962264153,-0.2971698113207547,-0.5,-0.41509433962264153,-0.7122641509433962,-0.4811320754716981,-0.8443396226415094,-0.5283018867924528,-0.9669811320754716,-0.17452830188679244,-0.5330188679245284,-0.25943396226415094,-0.7547169811320755,-0.3018867924528302,-0.8820754716981132,-0.3443396226415094,-1.0,-0.02358490566037736,-0.5188679245283019,-0.0330188679245283,-0.6933962264150944,-0.03773584905660377,-0.8018867924528302,-0.05188679245283019,-0.9009433962264151
6,0.0,0.0,-0.1778846153846154,-0.014423076923076924,-0.33653846153846156,-0.11538461538461539,-0.375,-0.25,-0.3317307692307692,-0.3798076923076923,-0.3894230769230769,-0.40865384615384615,-0.4807692307692308,-0.5192307692307693,-0.4375,-0.47596153846153844,-0.375,-0.42788461538461536,-0.30288461538461536,-0.5,-0.4230769230769231,-0.7115384615384616,-0.49038461538461536,-0.8413461538461539,-0.5384615384615384,-0.9615384615384616,-0.18269230769230768,-0.5288461538461539,-0.2692307692307692,-0.7451923076923077,-0.3173076923076923,-0.8798076923076923,-0.3605769230769231,-1.0,-0.028846153846153848,-0.5144230769230769,-0.04326923076923077,-0.6923076923076923,-0.04807692307692308,-0.7980769230769231,-0.0673076923076923,-0.9038461538461539
6,0.0,0.0,-0.1782178217821782,-0.024752475247524754,-0.3415841584158416,-0.12871287128712872,-0.3564356435643564,-0.28217821782178215,-0.29207920792079206,-0.4207920792079208,-0.4405940594059406,-0.4158415841584158,-0.5099009900990099,-0.5594059405940595,-0.4207920792079208,-0.5247524752475248,-0.3217821782178218,-0.47029702970297027,-0.3564356435643564,-0.5099009900990099,-0.47029702970297027,-0.7277227722772277,-0.5346534653465347,-0.8663366336633663,-0.5841584158415841,-0.9900990099009901,-0.22772277227722773,-0.5445544554455446,-0.32673267326732675,-0.7574257425742574,-0.3712871287128713,-0.8861386138613861,-0.4158415841584158,-1.0,-0.06930693069306931,-0.5396039603960396,-0.10396039603960396,-0.7128712871287128,-0.11386138613861387,-0.8118811881188119,-0.12871287128712872,-0.9108910891089109
6,0.0,0.0,-0.17587939698492464,-0.02512562814070352,-0.3316582914572864,-0.1306532663316583,-0.3417085427135678,-0.2864321608040201,-0.27638190954773867,-0.44221105527638194,-0.457286432160804,-0.41708542713567837,-0.5125628140703518,-0.5577889447236181,-0.4020100502512563,-0.5226130653266332,-0.2964824120603015,-0.46733668341708545,-0.36683417085427134,-0.5175879396984925,-0.4824120603015075,-0.7336683417085427,-0.5477386934673367,-0.8743718592964824,-0.6030150753768844,-1.0,-0.24120603015075376,-0.5527638190954773,-0.33668341708542715,-0.7587939698492462,-0.3869346733668342,-0.8844221105527639,-0.4371859296482412,-1.0,-0.08040201005025126,-0.542713567839196,-0.11557788944723618,-0.7035175879396985,-0.1306532663316583,-0.8040201005025126,-0.1507537688442211,-0.8994974874371859
6,0.0,0.0,-0.17553191489361702,-0.0425531914893617,-0.31382978723404253,-0.1595744680851064,-0.2712765957446808,-0.3351063829787234,-0.19148936170212766,-0.4734042553191489,-0.4946808510638298,-0.425531914893617,-0.5,-0.5797872340425532,-0.3670212765957447,-0.5851063829787234,-0.24468085106382978,-0.5638297872340425,-0.4148936170212766,-0.526595744680851,-0.5319148936170213,-0.7287234042553191,-0.601063829787234,-0.8670212765957447,-0.6702127659574468,-0.9893617021276596,-0.2925531914893617,-0.5691489361702128,-0.39893617021276595,-0.7659574468085106,-0.4627659574468085,-0.8882978723404256,-0.526595744680851,-1.0,-0.13829787234042554,-0.5691489361702128,-0.18617021276595744,-0.723404255319149,-0.21808510638297873,-0.8138297872340425,-0.25,-0.9042553191489362
6,0.0,0.0,-0.17297297297297298,-0.032432432432432434,-0.3081081081081081,-0.15135135135135136,-0.2702702702702703,-0.33513513513513515,-0.1837837837837838,-0.4756756756756757,-0.5027027027027027,-0.41621621621621624,-0.5135135135135135,-0.572972972972973,-0.3783783783783784,-0.5783783783783784,-0.25405405405405407,-0.5513513513513514,-0.42162162162162165,-0.5135135135135135,-0.5459459459459459,-0.7189189189189189,-0.6162162162162163,-0.8594594594594595,-0.6864864864864865,-0.9891891891891892,-0.3027027027027027,-0.5567567567567567,-0.41081081081081083,-0.7621621621621621,-0.4756756756756757,-0.8864864864864865,-0.5405405405405406,-1.0,-0.14594594594594595,-0.5621621621621622,-0.2,-0.7189189189189189,-0.23243243243243245,-0.8108108108108109,-0.2756756756756757,-0.9027027027027027
6,0.0,0.0,-0.15517241379310345,-0.011494252873563218,-0.29310344827586204,-0.11494252873563218,-0.22988505747126436,-0.29310344827586204,-0.12643678160919541,-0.4482758620689655,-0.4885057471264368,-0.40229885057471265,-0.5057471264367817,-0.5747126436781609,-0.3793103448275862,-0.6091954022988506,-0.26436781609195403,-0.6206896551724138,-0.43103448275862066,-0.5,-0.5574712643678161,-0.7068965517241379,-0.632183908045977,-0.8563218390804598,-0.7068965517241379,-1.0,-0.3218390804597701,-0.5459770114942529,-0.4482758620689655,-0.7528735632183908,-0.5,-0.8563218390804598,-0.5459770114942529,-0.9425287356321839,-0.1781609195402299,-0.5459770114942529,-0.22413793103448276,-0.7068965517241379,-0.27011494252873564,-0.8103448275862069,-0.3218390804597701,-0.9137931034482759
6,0.0,0.0,-0.14204545454545456,-0.017045454545454544,-0.24431818181818182,-0.14204545454545456,-0.17045454545454544,-0.3465909090909091,-0.07954545454545454,-0.5113636363636364,-0.4715909090909091,-0.38636363636363635,-0.4772727272727273,-0.5852272727272727,-0.3409090909090909,-0.6193181818181818,-0.21022727272727273,-0.6193181818181818,-0.4147727272727273,-0.48863636363636365,-0.5511363636363636,-0.7045454545454546,-0.6363636363636364,-0.8636363636363636,-0.7159090909090909,-1.0,-0.3068181818181818,-0.5397727272727273,-0.42045454545454547,-0.7329545454545454,-0.48863636363636365,-0.8636363636363636,-0.5454545454545454,-0.9772727272727273,-0.17613636363636365,-0.5568181818181818,-0.24431818181818182,-0.7102272727272727,-0.29545454545454547,-0.8068181818181818,-0.3522727272727273,-0.9034090909090909
6,0.0,0.0,-0.10909090909090909,0.012121212121212121,-0.20606060606060606,-0.11515151515151516,-0.1393939393939394,-0.3393939393939394,-0.05454545454545454,-0.5272727272727272,-0.503030303030303,-0.3515151515151515,-0.4909090909090909,-0.5575757575757576,-0.32727272727272727,-0.5818181818181818,-0.2,-0.5575757575757576,-0.43636363636363634,-0.4666666666666667,-0.5878787878787879,-0.696969696969697,-0.6545454545454545,-0.8606060606060606,-0.7333333333333333,-1.0,-0.32727272727272727,-0.5272727272727272,-0.36363636363636365,-0.6848484848484848,-0.28484848484848485,-0.6121212121212121,-0.24848484848484848,-0.5454545454545454,-0.20606060606060606,-0.5575757575757576,-0.296969696969697,-0.7272727272727273,-0.3575757575757576,-0.8242424242424242,-0.42424242424242425,-0.896969696969697
6,0.0,0.0,-0.08333333333333333,-0.011904761904761904,-0.16666666666666666,-0.1488095238095238,-0.08928571428571429,-0.3630952380952381,0.0,-0.5357142857142857,-0.5059523809523809,-0.34523809523809523,-0.47023809523809523,-0.5595238095238095,-0.2916666666666667,-0.5892857142857143,-0.1488095238095238,-0.5773809523809523,-0.44047619047619047,-0.4523809523809524,-0.5892857142857143,-0.6607142857142857,-0.6726190476190477,-0.8392857142857143,-0.7559523809523809,-1.0,-0.3392857142857143,-0.5119047619047619,-0.39285714285714285,-0.6904761904761905,-0.35119047619047616,-0.7023809523809523,-0.34523809523809523,-0.6964285714285714,-0.21428571428571427,-0.5535714285714286,-0.31547619047619047,-0.7083333333333334,-0.39880952380952384,-0.7916666666666666,-0.48214285714285715,-0.8630952380952381
6,0.0,0.0,-0.058823529411764705,-0.01764705882352941,-0.11176470588235295,-0.17058823529411765,-0.047058823529411764,-0.38235294117647056,0.01764705882352941,-0.5588235294117647,-0.48823529411764705,-0.3352941176470588,-0.4294117647058823,-0.5529411764705883,-0.2529411764705882,-0.6,-0.12941176470588237,-0.6,-0.43529411764705883,-0.4470588235294118,-0.5764705882352941,-0.6647058823529411,-0.6352941176470588,-0.8411764705882353,-0.7058823529411765,-1.0,-0.3411764705882353,-0.5117647058823529,-0.34705882352941175,-0.6647058823529411,-0.23529411764705882,-0.6058823529411764,-0.18823529411764706,-0.5411764705882353,-0.23529411764705882,-0.5529411764705883,-0.3352941176470588,-0.7058823529411765,-0.38823529411764707,-0.7941176470588235,-0.4588235294117647,-0.8588235294117647
6,0.0,0.0,-0.023255813953488372,-0.05232558139534884,-0.0755813953488372,-0.19186046511627908,-0.023255813953488372,-0.3953488372093023,0.03488372093023256,-0.5697674418604651,-0.47674418604651164,-0.37209302325581395,-0.4127906976744186,-0.5988372093023255,-0.2441860465116279,-0.6453488372093024,-0.11627906976744186,-0.6453488372093024,-0.47674418604651164,-0.45348837209302323,-0.6104651162790697,-0.6744186046511628,-0.6627906976744186,-0.8546511627906976,-0.7034883720930233,-1.0,-0.4011627906976744,-0.4941860465116279,-0.5,-0.7034883720930233,-0.5232558139534884,-0.7965116279069767,-0.5581395348837209,-0.8604651162790697,-0.29651162790697677,-0.5174418604651163,-0.36046511627906974,-0.6569767441860465,-0.4069767441860465,-0.7267441860465116,-0.45930232558139533,-0.7906976744186046
6,0.0,0.0,0.03636363636363636,-0.07272727272727272,0.024242424242424242,-0.22424242424242424,0.06060606060606061,-0.4303030303030303,0.09090909090909091,-0.6181818181818182,-0.44242424242424244,-0.36363636363636365,-0.3333333333333333,-0.6060606060606061,-0.15151515151515152,-0.6666666666666666,-0.006060606060606061,-0.6727272727272727,-0.4909090909090909,-0.44242424242424244,-0.6,-0.6545454545454545,-0.6424242424242425,-0.8424242424242424,-0.6787878787878788,-1.0,-0.4727272727272727,-0.4909090909090909,-0.6303030303030303,-0.6848484848484848,-0.6848484848484848,-0.8484848484848485,-0.7212121212121212,-0.9818181818181818,-0.42424242424242425,-0.5212121212121212,-0.5696969696969697,-0.6909090909090909,-0.6424242424242425,-0.8121212121212121,-0.6909090909090909,-0.9212121212121213
6,0.0,0.0,0.023391812865497075,-0.08187134502923976,0.011695906432748537,-0.2573099415204678,0.06432748538011696,-0.4678362573099415,0.10526315789473684,-0.6374269005847953,-0.4152046783625731,-0.3742690058479532,-0.29239766081871343,-0.6257309941520468,-0.1286549707602339,-0.6842105263157895,-0.005847953216374269,-0.6783625730994152,-0.4619883040935672,-0.4327485380116959,-0.5555555555555556,-0.672514619883041,-0.6140350877192983,-0.8421052631578947,-0.6608187134502924,-0.9824561403508771,-0.4269005847953216,-0.4678362573099415,-0.543859649122807,-0.6900584795321637,-0.6140350877192983,-0.8538011695906432,-0.6666666666666666,-1.0,-0.36257309941520466,-0.49122807017543857,-0.4619883040935672,-0.6783625730994152,-0.5380116959064327,-0.7953216374269005,-0.6023391812865497,-0.9122807017543859
6,0.0,0.0,0.03954802259887006,-0.10734463276836158,0.05649717514124294,-0.2994350282485876,0.11864406779661017,-0.5028248587570622,0.13559322033898305,-0.6610169491525424,-0.3785310734463277,-0.4067796610169492,-0.24293785310734464,-0.6497175141242938,-0.096045197740113,-0.6892655367231638,0.005649717514124294,-0.672316384180791,-0.423728813559322,-0.4519774011299435,-0.4915254237288136,-0.6892655367231638,-0.5480225988700564,-0.864406779661017,-0.5988700564971752,-1.0,-0.4011299435028249,-0.4745762711864407,-0.5028248587570622,-0.6892655367231638,-0.576271186440678,-0.847457627118644,-0.6384180790960452,-0.9774011299435028,-0.3389830508474576,-0.480225988700565,-0.4406779661016949,-0.655367231638418,-0.5141242937853108,-0.768361581920904,-0.576271186440678,-0.8700564971751412
6,0.0,0.0,0.04891304347826087,-0.11413043478260869,0.07608695652173914,-0.32608695652173914,0.15760869565217392,-0.5380434782608695,0.20108695652173914,-0.7010869565217391,-0.33152173913043476,-0.46195652173913043,-0.15760869565217392,-0.6847826086956522,-0.005434782608695652,-0.6956521739130435,0.10326086956521739,-0.657608695652174,-0.3532608695652174,-0.4891304347826087,-0.40217391304347827,-0.7228260869565217,-0.46195652173913043,-0.8804347826086957,-0.5217391304347826,-0.9945652173913043,-0.31521739130434784,-0.5,-0.391304347826087,-0.7228260869565217,-0.45652173913043476,-0.8804347826086957,-0.5163043478260869,-1.0,-0.24456521739130435,-0.5054347826086957,-0.32065217391304346,-0.6956521739130435,-0.40217391304347827,-0.8097826086956522,-0.4782608695652174,-0.907608695652174
6,0.0,0.0,0.12745098039215685,-0.09803921568627451,0.22549019607843138,-0.24509803921568626,0.3333333333333333,-0.4019607843137255,0.4117647058823529,-0.5392156862745098,-0.06862745098039216,-0.4068627450980392,0.11764705882352941,-0.6029411764705882,0.25,-0.6078431372549019,0.3235294117647059,-0.5735294117647058,-0.16176470588235295,-0.4411764705882353,-0.11274509803921569,-0.696078431372549,-0.09803921568627451,-0.8676470588235294,-0.10294117647058823,-1.0,-0.20588235294117646,-0.43137254901960786,-0.23529411764705882,-0.6470588235294118,-0.24019607843137256,-0.7941176470588235,-0.24509803921568626,-0.9166666666666666,-0.21568627450980393,-0.39705882352941174,-0.31862745098039214,-0.5098039215686274,-0.38235294117647056,-0.5833333333333334,-0.4215686274509804,-0.6519607843137255
6,0.0,0.0,-0.12834224598930483,-0.17647058823529413,-0.18716577540106952,-0.39037433155080214,-0.1925133689839572,-0.5614973262032086,-0.18181818181818182,-0.679144385026738,-0.17647058823529413,-0.45989304812834225,-0.1925133689839572,-0.7219251336898396,-0.21390374331550802,-0.8823529411764706,-0.22994652406417113,-1.0,-0.06417112299465241,-0.4117647058823529,0.12834224598930483,-0.6631016042780749,0.22459893048128343,-0.7112299465240641,0.2727272727272727,-0.732620320855615,0.0855614973262032,-0.32620320855614976,0.25668449197860965,-0.5721925133689839,0.31016042780748665,-0.679144385026738,0.32085561497326204,-0.7540106951871658,0.22459893048128343,-0.22994652406417113,0.37433155080213903,-0.3850267379679144,0.43315508021390375,-0.48128342245989303,0.45454545454545453,-0.5721925133689839
6,0.0,0.0,0.13953488372093023,-0.1511627906976744,0.23837209302325582,-0.36627906976744184,0.3023255813953488,-0.5290697674418605,0.3430232558139535,-0.6337209302325582,0.05232558139534884,-0.5,0.1511627906976744,-0.7325581395348837,0.22093023255813954,-0.813953488372093,0.2616279069767442,-0.8662790697674418,-0.046511627906976744,-0.4941860465116279,0.09883720930232558,-0.7616279069767442,0.1744186046511628,-0.8604651162790697,0.21511627906976744,-0.9186046511627907,-0.11627906976744186,-0.45348837209302323,-0.09302325581395349,-0.7209302325581395,-0.10465116279069768,-0.8837209302325582,-0.12209302325581395,-1.0,-0.1686046511627907,-0.38953488372093026,-0.27906976744186046,-0.5406976744186046,-0.36627906976744184,-0.627906976744186,-0.436046511627907,-0.6976744186046512
6,0.0,0.0,0.0,-0.17676767676767677,0.025252525252525252,-0.3888888888888889,0.08080808080808081,-0.5555555555555556,0.15151515151515152,-0.6666666666666666,-0.05555555555555555,-0.45454545454545453,-0.06565656565656566,-0.7121212121212122,-0.08080808080808081,-0.8737373737373737,-0.09595959595959595,-1.0,-0.050505050505050504,-0.4090909090909091,0.12626262626262627,-0.6515151515151515,0.2222222222222222,-0.696969696969697,0.2727272727272727,-0.7070707070707071,-0.010101010101010102,-0.3383838383838384,0.09595959595959595,-0.5656565656565656,0.14646464646464646,-0.6515151515151515,0.16161616161616163,-0.696969696969697,0.030303030303030304,-0.25757575757575757,0.030303030303030304,-0.3838383838383838,0.015151515151515152,-0.45454545454545453,-0.010101010101010102,-0.5
6,0.0,0.0,0.1724137931034483,-0.09852216748768473,0.2955665024630542,-0.24630541871921183,0.3842364532019704,-0.37438423645320196,0.43842364532019706,-0.4827586206896552,0.07881773399014778,-0.4088669950738916,0.24630541871921183,-0.5665024630541872,0.3497536945812808,-0.5812807881773399,0.41379310344827586,-0.5615763546798029,-0.04926108374384237,-0.4433497536945813,-0.009852216748768473,-0.7093596059113301,0.0049261083743842365,-0.8768472906403941,0.0,-1.0,-0.13793103448275862,-0.42857142857142855,-0.1724137931034483,-0.6600985221674877,-0.18719211822660098,-0.812807881773399,-0.20689655172413793,-0.9310344827586207,-0.18719211822660098,-0.37438423645320196,-0.29064039408866993,-0.4975369458128079,-0.3694581280788177,-0.5714285714285714,-0.43349753694581283,-0.6305418719211823
6,0.0,0.0,0.10396039603960396,-0.13366336633663367,0.18316831683168316,-0.297029702970297,0.2871287128712871,-0.43564356435643564,0.36633663366336633,-0.5396039603960396,-0.0297029702970297,-0.4207920792079208,0.09900990099009901,-0.6237623762376238,0.21287128712871287,-0.6287128712871287,0.28217821782178215,-0.599009900990099,-0.08415841584158416,-0.40594059405940597,-0.04950495049504951,-0.693069306930693,-0.019801980198019802,-0.8712871287128713,-0.0049504950495049506,-1.0,-0.09900990099009901,-0.35148514851485146,-0.0297029702970297,-0.5594059405940595,0.019801980198019802,-0.6188118811881188,0.04455445544554455,-0.6386138613861386,-0.08415841584158416,-0.2871287128712871,-0.06435643564356436,-0.39603960396039606,-0.04455445544554455,-0.4504950495049505,-0.034653465346534656,-0.49504950495049505
6,0.0,0.0,0.1282051282051282,-0.09230769230769231,0.2,-0.2153846153846154,0.28205128205128205,-0.358974358974359,0.35384615384615387,-0.47692307692307695,-0.06666666666666667,-0.37435897435897436,0.10256410256410256,-0.5538461538461539,0.23076923076923078,-0.5846153846153846,0.3128205128205128,-0.5794871794871795,-0.16923076923076924,-0.40512820512820513,-0.14871794871794872,-0.6615384615384615,-0.1282051282051282,-0.8461538461538461,-0.1282051282051282,-1.0,-0.23076923076923078,-0.4,-0.2923076923076923,-0.6307692307692307,-0.3128205128205128,-0.7897435897435897,-0.3282051282051282,-0.9282051282051282,-0.2512820512820513,-0.37435897435897436,-0.3641025641025641,-0.49743589743589745,-0.4256410256410256,-0.5794871794871795,-0.4717948717948718,-0.6564102564102564
6,0.0,0.0,0.08247422680412371,-0.10824742268041238,0.14948453608247422,-0.29381443298969073,0.2268041237113402,-0.44329896907216493,0.27319587628865977,-0.5721649484536082,-0.05154639175257732,-0.36597938144329895,0.11855670103092783,-0.5618556701030928,0.23195876288659795,-0.5927835051546392,0.29381443298969073,-0.6030927835051546,-0.13402061855670103,-0.36597938144329895,-0.11855670103092783,-0.6597938144329897,-0.11855670103092783,-0.8505154639175257,-0.12371134020618557,-1.0,-0.17525773195876287,-0.3402061855670103,-0.2268041237113402,-0.6030927835051546,-0.25257731958762886,-0.7835051546391752,-0.27835051546391754,-0.9226804123711341,-0.17525773195876287,-0.31443298969072164,-0.26288659793814434,-0.4948453608247423,-0.3247422680412371,-0.6134020618556701,-0.3711340206185567,-0.7061855670103093
6,0.0,0.0,-0.12568306010928962,-0.1912568306010929,-0.23497267759562843,-0.4426229508196721,-0.3333333333333333,-0.6338797814207651,-0.453551912568306,-0.7650273224043715,-0.23497267759562843,-0.43169398907103823,-0.26229508196721313,-0.6885245901639344,-0.28415300546448086,-0.8579234972677595,-0.30601092896174864,-1.0,-0.13114754098360656,-0.33879781420765026,-0.03825136612021858,-0.6229508196721312,-0.01639344262295082,-0.8142076502732241,-0.01092896174863388,-0.9617486338797814,0.01092896174863388,-0.25136612021857924,0.16939890710382513,-0.5191256830601093,0.20218579234972678,-0.639344262295082,0.19672131147540983,-0.7158469945355191,0.15846994535519127,-0.18032786885245902,0.3005464480874317,-0.37158469945355194,0.3442622950819672,-0.4918032786885246,0.366120218579235,-0.5901639344262295
6,0.0,0.0,0.11864406779661017,-0.11299435028248588,0.20903954802259886,-0.2655367231638418,0.2994350282485876,-0.4067796610169492,0.3220338983050847,-0.536723163841808,-0.06779661016949153,-0.3559322033898305,0.1016949152542373,-0.5536723163841808,0.21468926553672316,-0.5706214689265536,0.2655367231638418,-0.5706214689265536,-0.1751412429378531,-0.3502824858757062,-0.1751412429378531,-0.6440677966101694,-0.1807909604519774,-0.847457627118644,-0.1977401129943503,-1.0,-0.21468926553672316,-0.3389830508474576,-0.2824858757062147,-0.6045197740112994,-0.3163841807909605,-0.8022598870056498,-0.3446327683615819,-0.9548022598870056,-0.21468926553672316,-0.3333333333333333,-0.2994350282485876,-0.5141242937853108,-0.3615819209039548,-0.6440677966101694,-0.4180790960451977,-0.7457627118644068
6,0.0,0.0,-0.11475409836065574,-0.1912568306010929,-0.14207650273224043,-0.3879781420765027,-0.07650273224043716,-0.5300546448087432,-0.01092896174863388,-0.6120218579234973,-0.23497267759562843,-0.4371584699453552,-0.29508196721311475,-0.6284153005464481,-0.36065573770491804,-0.7486338797814208,-0.43169398907103823,-0.8524590163934426,-0.15300546448087432,-0.34972677595628415,-0.14207650273224043,-0.6338797814207651,-0.14207650273224043,-0.8469945355191257,-0.14207650273224043,-1.0,-0.01639344262295082,-0.26229508196721313,0.07103825136612021,-0.5300546448087432,0.08196721311475409,-0.6612021857923497,0.060109289617486336,-0.7377049180327869,0.1366120218579235,-0.1912568306010929,0.273224043715847,-0.3825136612021858,0.3224043715846995,-0.4972677595628415,0.3442622950819672,-0.5956284153005464
6,0.0,0.0,-0.3,-0.023076923076923078,-0.5230769230769231,-0.15384615384615385,-0.6,-0.3153846153846154,-0.5461538461538461,-0.43846153846153846,-0.5153846153846153,-0.5384615384615384,-0.6923076923076923,-0.7461538461538462,-0.8153846153846154,-0.8846153846153846,-0.8846153846153846,-1.0,-0.36923076923076925,-0.5769230769230769,-0.5769230769230769,-0.7692307692307693,-0.7307692307692307,-0.8692307692307693,-0.823076923076923,-0.9615384615384616,-0.2153846153846154,-0.5307692307692308,-0.43846153846153846,-0.5307692307692308,-0.5076923076923077,-0.45384615384615384,-0.5,-0.4153846153846154,-0.06923076923076923,-0.4076923076923077,-0.2692307692307692,-0.2846153846153846,-0.3153846153846154,-0.2,-0.2846153846153846,-0.15384615384615385
6,0.0,0.0,-0.2085889570552147,0.049079754601226995,-0.4049079754601227,0.024539877300613498,-0.5276073619631901,-0.018404907975460124,-0.5337423312883436,-0.12269938650306748,-0.5398773006134969,-0.3619631901840491,-0.6871165644171779,-0.4233128834355828,-0.6319018404907976,-0.3128834355828221,-0.5398773006134969,-0.2147239263803681,-0.4662576687116564,-0.48466257668711654,-0.6625766871165644,-0.6687116564417178,-0.7791411042944786,-0.7852760736196319,-0.8711656441717791,-0.8895705521472392,-0.3312883435582822,-0.5521472392638037,-0.49079754601226994,-0.7607361963190185,-0.5766871165644172,-0.8895705521472392,-0.656441717791411,-1.0,-0.15337423312883436,-0.5644171779141104,-0.22085889570552147,-0.754601226993865,-0.25153374233128833,-0.8773006134969326,-0.2883435582822086,-0.9877300613496932
6,0.0,0.0,-0.18617021276595744,0.0,-0.35638297872340424,-0.06382978723404255,-0.46808510638297873,-0.11702127659574468,-0.48936170212765956,-0.18617021276595744,-0.4148936170212766,-0.39893617021276595,-0.5425531914893617,-0.4627659574468085,-0.5319148936170213,-0.3617021276595745,-0.4787234042553192,-0.26063829787234044,-0.3351063829787234,-0.5,-0.4787234042553192,-0.6914893617021277,-0.5638297872340425,-0.8085106382978723,-0.6329787234042553,-0.9148936170212766,-0.2074468085106383,-0.5478723404255319,-0.30319148936170215,-0.7553191489361702,-0.35106382978723405,-0.8882978723404256,-0.39893617021276595,-1.0,-0.05319148936170213,-0.5319148936170213,-0.06914893617021277,-0.7074468085106383,-0.07446808510638298,-0.8191489361702128,-0.0851063829787234,-0.9202127659574468
6,0.0,0.0,-0.18556701030927836,0.0,-0.36082474226804123,-0.05670103092783505,-0.4742268041237113,-0.11855670103092783,-0.4793814432989691,-0.19072164948453607,-0.38144329896907214,-0.4020618556701031,-0.5051546391752577,-0.4639175257731959,-0.5103092783505154,-0.3711340206185567,-0.4742268041237113,-0.27319587628865977,-0.29381443298969073,-0.5,-0.42783505154639173,-0.6958762886597938,-0.5051546391752577,-0.8195876288659794,-0.5721649484536082,-0.9226804123711341,-0.15979381443298968,-0.5360824742268041,-0.2422680412371134,-0.7474226804123711,-0.28865979381443296,-0.8814432989690721,-0.32989690721649484,-1.0,-0.005154639175257732,-0.5103092783505154,-0.010309278350515464,-0.6907216494845361,-0.005154639175257732,-0.8041237113402062,-0.005154639175257732,-0.9123711340206185
6,0.0,0.0,-0.19095477386934673,-0.005025125628140704,-0.35678391959798994,-0.07035175879396985,-0.46733668341708545,-0.12060301507537688,-0.49748743718592964,-0.20100502512562815,-0.36683417085427134,-0.40703517587939697,-0.49246231155778897,-0.4723618090452261,-0.5025125628140703,-0.36683417085427134,-0.4723618090452261,-0.2613065326633166,-0.2814070351758794,-0.5025125628140703,-0.4120603015075377,-0.6984924623115578,-0.49246231155778897,-0.8140703517587939,-0.5628140703517588,-0.9195979899497487,-0.1507537688442211,-0.5376884422110553,-0.23115577889447236,-0.7537688442211056,-0.271356783919598,-0.8844221105527639,-0.31155778894472363,-1.0,-0.005025125628140704,-0.5125628140703518,-0.010050251256281407,-0.6884422110552764,-0.005025125628140704,-0.8040201005025126,-0.005025125628140704,-0.914572864321608
6,0.0,0.0,-0.18446601941747573,-0.019417475728155338,-0.3446601941747573,-0.0825242718446602,-0.46601941747572817,-0.13592233009708737,-0.5048543689320388,-0.21844660194174756,-0.33495145631067963,-0.4174757281553398,-0.470873786407767,-0.48058252427184467,-0.5,-0.3786407766990291,-0.47572815533980584,-0.2815533980582524,-0.24757281553398058,-0.5097087378640777,-0.36893203883495146,-0.7087378640776699,-0.44660194174757284,-0.8252427184466019,-0.5145631067961165,-0.9271844660194175,-0.1262135922330097,-0.5388349514563107,-0.18446601941747573,-0.7475728155339806,-0.22330097087378642,-0.883495145631068,-0.25728155339805825,-1.0,0.009708737864077669,-0.5,0.019417475728155338,-0.6747572815533981,0.03398058252427184,-0.7912621359223301,0.038834951456310676,-0.8980582524271845
6,0.0,0.0,-0.18309859154929578,-0.03286384976525822,-0.3427230046948357,-0.10328638497652583,-0.460093896713615,-0.1596244131455399,-0.49295774647887325,-0.24413145539906103,-0.30985915492957744,-0.4272300469483568,-0.4460093896713615,-0.48826291079812206,-0.48826291079812206,-0.38967136150234744,-0.4788732394366197,-0.29107981220657275,-0.22535211267605634,-0.5070422535211268,-0.3333333333333333,-0.7089201877934272,-0.4084507042253521,-0.8262910798122066,-0.4694835680751174,-0.9342723004694836,-0.107981220657277,-0.5305164319248826,-0.15023474178403756,-0.7464788732394366,-0.18309859154929578,-0.8826291079812206,-0.22535211267605634,-1.0,0.028169014084507043,-0.48826291079812206,0.051643192488262914,-0.6619718309859155,0.06572769953051644,-0.7793427230046949,0.07042253521126761,-0.8873239436619719
6,0.0,0.0,-0.19069767441860466,-0.04186046511627907,-0.34418604651162793,-0.12093023255813953,-0.4558139534883721,-0.17674418604651163,-0.5209302325581395,-0.26046511627906976,-0.29767441860465116,-0.4372093023255814,-0.4418604651162791,-0.5023255813953489,-0.49767441860465117,-0.4046511627906977,-0.49767441860465117,-0.30697674418604654,-0.2186046511627907,-0.5116279069767442,-0.3209302325581395,-0.7116279069767442,-0.4,-0.827906976744186,-0.46511627906976744,-0.9255813953488372,-0.10232558139534884,-0.5302325581395348,-0.14883720930232558,-0.7488372093023256,-0.18604651162790697,-0.8837209302325582,-0.22325581395348837,-1.0,0.023255813953488372,-0.48372093023255813,0.04186046511627907,-0.6558139534883721,0.046511627906976744,-0.772093023255814,0.046511627906976744,-0.8837209302325582
6,0.0,0.0,-0.19069767441860466,-0.06046511627906977,-0.3395348837209302,-0.15348837209302327,-0.4511627906976744,-0.19534883720930232,-0.5348837209302325,-0.26046511627906976,-0.26976744186046514,-0.4697674418604651,-0.4325581395348837,-0.5441860465116279,-0.5023255813953489,-0.4325581395348837,-0.5255813953488372,-0.3209302325581395,-0.19069767441860466,-0.5255813953488372,-0.2744186046511628,-0.7302325581395349,-0.3581395348837209,-0.8325581395348837,-0.4372093023255814,-0.9162790697674419,-0.08372093023255814,-0.5162790697674419,-0.11162790697674418,-0.7395348837209302,-0.15348837209302327,-0.8744186046511628,-0.20465116279069767,-1.0,0.027906976744186046,-0.44651162790697674,0.046511627906976744,-0.6093023255813953,0.037209302325581395,-0.7209302325581395,0.013953488372093023,-0.8325581395348837
6,0.0,0.0,-0.21052631578947367,-0.10047846889952153,-0.35406698564593303,-0.19138755980861244,-0.4784688995215311,-0.22966507177033493,-0.569377990430622,-0.28708133971291866,-0.2583732057416268,-0.507177033492823,-0.44019138755980863,-0.5598086124401914,-0.5263157894736842,-0.44976076555023925,-0.5598086124401914,-0.3444976076555024,-0.19617224880382775,-0.5358851674641149,-0.291866028708134,-0.7416267942583732,-0.3875598086124402,-0.8516746411483254,-0.4688995215311005,-0.9282296650717703,-0.11483253588516747,-0.5023923444976076,-0.13875598086124402,-0.7368421052631579,-0.19138755980861244,-0.8803827751196173,-0.23923444976076555,-1.0,-0.04784688995215311,-0.41626794258373206,-0.023923444976076555,-0.5741626794258373,-0.03349282296650718,-0.6889952153110048,-0.05741626794258373,-0.8038277511961722
6,0.0,0.0,-0.23414634146341465,-0.14634146341463414,-0.37073170731707317,-0.24878048780487805,-0.5024390243902439,-0.2926829268292683,-0.6146341463414634,-0.34146341463414637,-0.24390243902439024,-0.5414634146341464,-0.4682926829268293,-0.6048780487804878,-0.5560975609756098,-0.48292682926829267,-0.6146341463414634,-0.36585365853658536,-0.1951219512195122,-0.5170731707317073,-0.32195121951219513,-0.7560975609756098,-0.4292682926829268,-0.8829268292682927,-0.526829268292683,-0.9804878048780488,-0.14634146341463414,-0.43902439024390244,-0.2097560975609756,-0.7219512195121951,-0.25853658536585367,-0.8731707317073171,-0.3073170731707317,-1.0,-0.13170731707317074,-0.3463414634146341,-0.13170731707317074,-0.5073170731707317,-0.14634146341463414,-0.6341463414634146,-0.18048780487804877,-0.7560975609756098
6,0.0,0.0,-0.2376237623762376,-0.15346534653465346,-0.3712871287128713,-0.2524752475247525,-0.504950495049505,-0.30198019801980197,-0.6188118811881188,-0.3415841584158416,-0.23267326732673269,-0.5445544554455446,-0.4801980198019802,-0.6039603960396039,-0.5594059405940595,-0.48514851485148514,-0.6188118811881188,-0.3712871287128713,-0.18316831683168316,-0.5099009900990099,-0.3217821782178218,-0.7623762376237624,-0.43564356435643564,-0.8861386138613861,-0.5445544554455446,-0.9752475247524752,-0.13861386138613863,-0.42574257425742573,-0.22277227722772278,-0.7277227722772277,-0.2722772277227723,-0.8712871287128713,-0.32673267326732675,-1.0,-0.13861386138613863,-0.3465346534653465,-0.13861386138613863,-0.5,-0.15346534653465346,-0.6138613861386139,-0.18316831683168316,-0.7425742574257426
6,0.0,0.0,-0.23300970873786409,-0.18446601941747573,-0.3640776699029126,-0.2815533980582524,-0.5,-0.32524271844660196,-0.6116504854368932,-0.3640776699029126,-0.19902912621359223,-0.5533980582524272,-0.45145631067961167,-0.6116504854368932,-0.5339805825242718,-0.5048543689320388,-0.5922330097087378,-0.39805825242718446,-0.1553398058252427,-0.5097087378640777,-0.2961165048543689,-0.7718446601941747,-0.41262135922330095,-0.8883495145631068,-0.529126213592233,-0.9757281553398058,-0.12135922330097088,-0.41262135922330095,-0.21359223300970873,-0.7330097087378641,-0.27184466019417475,-0.8737864077669902,-0.3300970873786408,-1.0,-0.13592233009708737,-0.33495145631067963,-0.15048543689320387,-0.49514563106796117,-0.16990291262135923,-0.6116504854368932,-0.19902912621359223,-0.7475728155339806
6,0.0,0.0,-0.22641509433962265,-0.2028301886792453,-0.35377358490566035,-0.3018867924528302,-0.4858490566037736,-0.35377358490566035,-0.5990566037735849,-0.4009433962264151,-0.1792452830188679,-0.5613207547169812,-0.4339622641509434,-0.6273584905660378,-0.5283018867924528,-0.5330188679245284,-0.589622641509434,-0.42924528301886794,-0.1320754716981132,-0.5094339622641509,-0.29245283018867924,-0.7783018867924528,-0.41037735849056606,-0.8962264150943396,-0.5188679245283019,-0.9764150943396226,-0.10849056603773585,-0.41037735849056606,-0.2169811320754717,-0.7311320754716981,-0.2783018867924528,-0.8773584905660378,-0.33490566037735847,-1.0,-0.13679245283018868,-0.330188679245283,-0.1650943396226415,-0.49528301886792453,-0.18867924528301888,-0.6179245283018868,-0.22641509433962265,-0.7594339622641509
6,0.0,0.0,-0.23148148148148148,-0.19444444444444445,-0.35648148148148145,-0.30092592592592593,-0.4861111111111111,-0.35648148148148145,-0.6018518518518519,-0.41203703703703703,-0.18981481481481483,-0.5601851851851852,-0.4444444444444444,-0.6388888888888888,-0.5416666666666666,-0.5416666666666666,-0.6111111111111112,-0.4351851851851852,-0.14814814814814814,-0.5092592592592593,-0.2962962962962963,-0.7777777777777778,-0.41203703703703703,-0.8935185185185185,-0.5277777777777778,-0.9768518518518519,-0.11574074074074074,-0.41203703703703703,-0.2175925925925926,-0.7361111111111112,-0.2824074074074074,-0.8796296296296297,-0.3425925925925926,-1.0,-0.12962962962962962,-0.3287037037037037,-0.1527777777777778,-0.5,-0.18055555555555555,-0.625,-0.2222222222222222,-0.7638888888888888
6,0.0,0.0,-0.22429906542056074,-0.20093457943925233,-0.35514018691588783,-0.29906542056074764,-0.49065420560747663,-0.35514018691588783,-0.6121495327102804,-0.40186915887850466,-0.18691588785046728,-0.5654205607476636,-0.4439252336448598,-0.6355140186915887,-0.5373831775700935,-0.5420560747663551,-0.6121495327102804,-0.4392523364485981,-0.14018691588785046,-0.5093457943925234,-0.2803738317757009,-0.7850467289719626,-0.40186915887850466,-0.9018691588785047,-0.5233644859813084,-0.9766355140186916,-0.10747663551401869,-0.411214953271028,-0.205607476635514,-0.7429906542056075,-0.27102803738317754,-0.883177570093458,-0.3364485981308411,-1.0,-0.12149532710280374,-0.32710280373831774,-0.14018691588785046,-0.4953271028037383,-0.16355140186915887,-0.616822429906542,-0.2102803738317757,-0.7570093457943925
6,0.0,0.0,-0.2222222222222222,-0.21296296296296297,-0.3472222222222222,-0.32407407407407407,-0.48148148148148145,-0.37962962962962965,-0.5925925925925926,-0.4212962962962963,-0.16203703703703703,-0.5601851851851852,-0.4074074074074074,-0.6481481481481481,-0.5092592592592593,-0.5648148148148148,-0.5833333333333334,-0.4675925925925926,-0.125,-0.5092592592592593,-0.26851851851851855,-0.7916666666666666,-0.38425925925925924,-0.9120370370370371,-0.49074074074074076,-0.9907407407407407,-0.10185185185185185,-0.41203703703703703,-0.18518518518518517,-0.7361111111111112,-0.25,-0.8796296296296297,-0.3101851851851852,-1.0,-0.12962962962962962,-0.33796296296296297,-0.14814814814814814,-0.5092592592592593,-0.17592592592592593,-0.6342592592592593,-0.2222222222222222,-0.7685185185185185
6,0.0,0.0,-0.22119815668202766,-0.20276497695852536,-0.3548387096774194,-0.31336405529953915,-0.4976958525345622,-0.37327188940092165,-0.6129032258064516,-0.42857142857142855,-0.17050691244239632,-0.5622119815668203,-0.423963133640553,-0.6497695852534562,-0.5253456221198156,-0.5622119815668203,-0.6036866359447005,-0.4608294930875576,-0.1336405529953917,-0.5069124423963134,-0.271889400921659,-0.783410138248848,-0.391705069124424,-0.9032258064516129,-0.5069124423963134,-0.9861751152073732,-0.11059907834101383,-0.4055299539170507,-0.2073732718894009,-0.7327188940092166,-0.271889400921659,-0.880184331797235,-0.3317972350230415,-1.0,-0.1382488479262673,-0.3271889400921659,-0.16129032258064516,-0.4976958525345622,-0.1889400921658986,-0.6221198156682027,-0.23963133640552994,-0.7603686635944701
6,0.0,0.0,-0.22272727272727272,-0.20909090909090908,-0.35454545454545455,-0.32272727272727275,-0.4954545454545455,-0.38181818181818183,-0.6090909090909091,-0.4409090909090909,-0.17727272727272728,-0.5636363636363636,-0.4318181818181818,-0.6590909090909091,-0.5227272727272727,-0.5681818181818182,-0.5954545454545455,-0.4590909090909091,-0.13636363636363635,-0.509090909090909,-0.2772727272727273,-0.7909090909090909,-0.39545454545454545,-0.9090909090909091,-0.509090909090909,-0.9863636363636363,-0.10909090909090909,-0.40454545454545454,-0.20454545454545456,-0.7454545454545455,-0.2727272727272727,-0.8863636363636364,-0.3409090909090909,-1.0,-0.1318181818181818,-0.32727272727272727,-0.15,-0.5,-0.17727272727272728,-0.6227272727272727,-0.22727272727272727,-0.7636363636363637
6,0.0,0.0,-0.21296296296296297,-0.2037037037037037,-0.3472222222222222,-0.3148148148148148,-0.49074074074074076,-0.37037037037037035,-0.6111111111111112,-0.4212962962962963,-0.16203703703703703,-0.5648148148148148,-0.42592592592592593,-0.6481481481481481,-0.5231481481481481,-0.5555555555555556,-0.6064814814814815,-0.4537037037037037,-0.125,-0.5092592592592593,-0.2638888888888889,-0.7916666666666666,-0.38425925925925924,-0.9074074074074074,-0.5092592592592593,-0.9814814814814815,-0.10185185185185185,-0.4074074074074074,-0.19907407407407407,-0.7453703703703703,-0.25925925925925924,-0.8842592592592593,-0.3287037037037037,-1.0,-0.12962962962962962,-0.3287037037037037,-0.14351851851851852,-0.49537037037037035,-0.16666666666666666,-0.6157407407407407,-0.20833333333333334,-0.7546296296296297
6,0.0,0.0,-0.2300469483568075,-0.2112676056338028,-0.352112676056338,-0.3192488262910798,-0.49765258215962443,-0.38028169014084506,-0.6197183098591549,-0.4225352112676056,-0.15023474178403756,-0.5774647887323944,-0.43661971830985913,-0.6619718309859155,-0.5305164319248826,-0.568075117370892,-0.6103286384976526,-0.460093896713615,-0.107981220657277,-0.5117370892018779,-0.27699530516431925,-0.8028169014084507,-0.39906103286384975,-0.92018779342723,-0.5211267605633803,-0.9906103286384976,-0.09389671361502347,-0.39906103286384975,-0.20657276995305165,-0.7464788732394366,-0.27230046948356806,-0.8826291079812206,-0.3474178403755869,-1.0,-0.1267605633802817,-0.3145539906103286,-0.15492957746478872,-0.4835680751173709,-0.18309859154929578,-0.6103286384976526,-0.2300469483568075,-0.7511737089201878
6,0.0,0.0,-0.20642201834862386,-0.21100917431192662,-0.3348623853211009,-0.3302752293577982,-0.4724770642201835,-0.38990825688073394,-0.5871559633027523,-0.43577981651376146,-0.15137614678899083,-0.5596330275229358,-0.3944954128440367,-0.6559633027522935,-0.5045871559633027,-0.573394495412844,-0.591743119266055,-0.47706422018348627,-0.11009174311926606,-0.5,-0.25688073394495414,-0.7798165137614679,-0.37155963302752293,-0.908256880733945,-0.48623853211009177,-1.0,-0.09174311926605505,-0.38990825688073394,-0.19724770642201836,-0.7110091743119266,-0.27522935779816515,-0.8532110091743119,-0.3486238532110092,-0.9770642201834863,-0.12385321100917432,-0.2981651376146789,-0.1651376146788991,-0.46788990825688076,-0.20642201834862386,-0.591743119266055,-0.26146788990825687,-0.7293577981651376
6,0.0,0.0,-0.2169811320754717,-0.2028301886792453,-0.33490566037735847,-0.330188679245283,-0.4528301886792453,-0.4009433962264151,-0.5660377358490566,-0.4481132075471698,-0.1320754716981132,-0.5518867924528302,-0.3867924528301887,-0.6462264150943396,-0.5188679245283019,-0.5707547169811321,-0.6132075471698113,-0.4716981132075472,-0.08962264150943396,-0.5,-0.2641509433962264,-0.7735849056603774,-0.38207547169811323,-0.910377358490566,-0.5,-1.0,-0.08962264150943396,-0.39622641509433965,-0.2169811320754717,-0.7028301886792453,-0.2971698113207547,-0.8490566037735849,-0.37264150943396224,-0.9622641509433962,-0.1509433962264151,-0.3018867924528302,-0.20754716981132076,-0.46226415094339623,-0.25471698113207547,-0.5849056603773585,-0.3113207547169811,-0.7075471698113207
6,0.0,0.0,0.06796116504854369,-0.21844660194174756,0.02912621359223301,-0.39805825242718446,-0.08737864077669903,-0.5097087378640777,-0.1941747572815534,-0.5485436893203883,0.009708737864077669,-0.49514563106796117,-0.1553398058252427,-0.7281553398058253,-0.2524271844660194,-0.8446601941747572,-0.3300970873786408,-0.9368932038834952,-0.08737864077669903,-0.44660194174757284,-0.20388349514563106,-0.7233009708737864,-0.2912621359223301,-0.8786407766990292,-0.3640776699029126,-1.0,-0.19902912621359223,-0.3592233009708738,-0.30097087378640774,-0.6262135922330098,-0.3786407766990291,-0.7864077669902912,-0.441747572815534,-0.9077669902912622,-0.32038834951456313,-0.25728155339805825,-0.4368932038834951,-0.44660194174757284,-0.529126213592233,-0.5436893203883495,-0.616504854368932,-0.6310679611650486
6,0.0,0.0,0.14146341463414633,-0.18048780487804877,0.17073170731707318,-0.3463414634146341,0.15609756097560976,-0.4926829268292683,0.14146341463414633,-0.5804878048780487,0.1073170731707317,-0.4682926829268293,0.1073170731707317,-0.7073170731707317,0.09268292682926829,-0.8439024390243902,0.07317073170731707,-0.9365853658536586,-0.02926829268292683,-0.45365853658536587,-0.05853658536585366,-0.7219512195121951,-0.0975609756097561,-0.8829268292682927,-0.13658536585365855,-1.0,-0.16585365853658537,-0.40487804878048783,-0.2097560975609756,-0.6536585365853659,-0.24878048780487805,-0.8146341463414634,-0.28780487804878047,-0.9317073170731708,-0.28780487804878047,-0.33170731707317075,-0.36585365853658536,-0.5073170731707317,-0.4292682926829268,-0.6146341463414634,-0.48292682926829267,-0.7073170731707317
6,0.0,0.0,0.14423076923076922,-0.18269230769230768,0.15865384615384615,-0.35096153846153844,0.10576923076923077,-0.4855769230769231,0.03365384615384615,-0.5480769230769231,0.10576923076923077,-0.47115384615384615,0.04326923076923077,-0.6346153846153846,0.0,-0.6153846153846154,-0.009615384615384616,-0.5432692307692307,-0.03365384615384615,-0.46634615384615385,-0.0625,-0.7307692307692307,-0.08653846153846154,-0.8894230769230769,-0.10096153846153846,-1.0,-0.1778846153846154,-0.4182692307692308,-0.22115384615384615,-0.6730769230769231,-0.2644230769230769,-0.8317307692307693,-0.28846153846153844,-0.9423076923076923,-0.30288461538461536,-0.34134615384615385,-0.375,-0.5192307692307693,-0.4326923076923077,-0.625,-0.4855769230769231,-0.7163461538461539
6,0.0,0.0,0.15348837209302327,-0.16744186046511628,0.19069767441860466,-0.3302325581395349,0.15348837209302327,-0.4744186046511628,0.10232558139534884,-0.5581395348837209,0.11162790697674418,-0.4511627906976744,0.06046511627906977,-0.6232558139534884,-0.004651162790697674,-0.6,-0.037209302325581395,-0.5348837209302325,-0.037209302325581395,-0.4558139534883721,-0.06046511627906977,-0.7302325581395349,-0.09302325581395349,-0.8883720930232558,-0.11627906976744186,-1.0,-0.1813953488372093,-0.413953488372093,-0.2186046511627907,-0.6744186046511628,-0.2558139534883721,-0.8325581395348837,-0.2837209302325581,-0.9441860465116279,-0.30697674418604654,-0.3395348837209302,-0.3813953488372093,-0.5162790697674419,-0.4325581395348837,-0.6232558139534884,-0.4790697674418605,-0.7116279069767442
6,0.0,0.0,0.16355140186915887,-0.16355140186915887,0.20093457943925233,-0.32242990654205606,0.17289719626168223,-0.46261682242990654,0.11682242990654206,-0.5373831775700935,0.11214953271028037,-0.45794392523364486,0.07476635514018691,-0.6214953271028038,0.028037383177570093,-0.5887850467289719,-0.004672897196261682,-0.5186915887850467,-0.028037383177570093,-0.46261682242990654,-0.04672897196261682,-0.7336448598130841,-0.07009345794392523,-0.8925233644859814,-0.09345794392523364,-1.0,-0.17289719626168223,-0.4205607476635514,-0.205607476635514,-0.6728971962616822,-0.24299065420560748,-0.8317757009345794,-0.27102803738317754,-0.9439252336448598,-0.29439252336448596,-0.3411214953271028,-0.3644859813084112,-0.5186915887850467,-0.4205607476635514,-0.6214953271028038,-0.4672897196261682,-0.705607476635514
6,0.0,0.0,0.24074074074074073,-0.09259259259259259,0.38425925925925924,-0.2361111111111111,0.4027777777777778,-0.39814814814814814,0.3425925925925926,-0.5,0.2037037037037037,-0.4444444444444444,0.3055555555555556,-0.5833333333333334,0.3333333333333333,-0.5185185185185185,0.3194444444444444,-0.44907407407407407,0.06018518518518518,-0.49074074074074076,0.13425925925925927,-0.7407407407407407,0.18518518518518517,-0.8888888888888888,0.2175925925925926,-1.0,-0.06944444444444445,-0.48148148148148145,-0.06018518518518518,-0.7268518518518519,-0.046296296296296294,-0.875,-0.037037037037037035,-0.9861111111111112,-0.16666666666666666,-0.4212962962962963,-0.19907407407407407,-0.6018518518518519,-0.20833333333333334,-0.7083333333333334,-0.20833333333333334,-0.7962962962962963
6,0.0,0.0,0.23943661971830985,-0.09389671361502347,0.38497652582159625,-0.22535211267605634,0.41784037558685444,-0.3755868544600939,0.37089201877934275,-0.4694835680751174,0.20187793427230047,-0.4413145539906103,0.3145539906103286,-0.5774647887323944,0.3380281690140845,-0.5070422535211268,0.3192488262910798,-0.4272300469483568,0.06103286384976526,-0.49295774647887325,0.13615023474178403,-0.7464788732394366,0.19248826291079812,-0.8873239436619719,0.22535211267605634,-0.9906103286384976,-0.07042253521126761,-0.4835680751173709,-0.056338028169014086,-0.7323943661971831,-0.046948356807511735,-0.8873239436619719,-0.03755868544600939,-1.0,-0.1643192488262911,-0.4272300469483568,-0.19248826291079812,-0.6103286384976526,-0.20187793427230047,-0.7183098591549296,-0.20187793427230047,-0.8028169014084507
6,0.0,0.0,0.24299065420560748,-0.09345794392523364,0.3878504672897196,-0.2336448598130841,0.411214953271028,-0.3925233644859813,0.34579439252336447,-0.48598130841121495,0.2102803738317757,-0.4439252336448598,0.3130841121495327,-0.5794392523364486,0.3364485981308411,-0.5186915887850467,0.3177570093457944,-0.4532710280373832,0.06074766355140187,-0.4953271028037383,0.13551401869158877,-0.7523364485981309,0.18691588785046728,-0.897196261682243,0.21495327102803738,-0.9953271028037384,-0.06542056074766354,-0.4953271028037383,-0.056074766355140186,-0.7429906542056075,-0.04672897196261682,-0.8925233644859814,-0.037383177570093455,-1.0,-0.16355140186915887,-0.4392523364485981,-0.19626168224299065,-0.6214953271028038,-0.205607476635514,-0.7242990654205608,-0.205607476635514,-0.8084112149532711
6,0.0,0.0,0.23943661971830985,-0.08450704225352113,0.38497652582159625,-0.22065727699530516,0.4131455399061033,-0.3755868544600939,0.3474178403755869,-0.4647887323943662,0.19718309859154928,-0.4507042253521127,0.3145539906103286,-0.5821596244131455,0.3474178403755869,-0.5117370892018779,0.3380281690140845,-0.431924882629108,0.051643192488262914,-0.49765258215962443,0.1267605633802817,-0.755868544600939,0.18779342723004694,-0.892018779342723,0.22065727699530516,-0.9953051643192489,-0.07511737089201878,-0.49295774647887325,-0.06572769953051644,-0.7417840375586855,-0.051643192488262914,-0.892018779342723,-0.04225352112676056,-1.0,-0.16901408450704225,-0.431924882629108,-0.19718309859154928,-0.6150234741784038,-0.20657276995305165,-0.7230046948356808,-0.20657276995305165,-0.8075117370892019
6,0.0,0.0,0.24299065420560748,-0.08878504672897196,0.3925233644859813,-0.22897196261682243,0.411214953271028,-0.3878504672897196,0.3411214953271028,-0.4672897196261682,0.205607476635514,-0.4439252336448598,0.3130841121495327,-0.5794392523364486,0.3364485981308411,-0.5186915887850467,0.3177570093457944,-0.4439252336448598,0.06074766355140187,-0.49065420560747663,0.14018691588785046,-0.7476635514018691,0.19158878504672897,-0.8925233644859814,0.21962616822429906,-1.0,-0.07009345794392523,-0.48598130841121495,-0.056074766355140186,-0.7383177570093458,-0.04672897196261682,-0.8878504672897196,-0.04205607476635514,-1.0,-0.16822429906542055,-0.42990654205607476,-0.19626168224299065,-0.616822429906542,-0.2102803738317757,-0.7242990654205608,-0.21495327102803738,-0.8130841121495327
6,0.0,0.0,0.228310502283105,-0.0958904109589041,0.365296803652968,-0.2420091324200913,0.3835616438356164,-0.4018264840182648,0.3242009132420091,-0.4977168949771689,0.1872146118721461,-0.4474885844748858,0.2922374429223744,-0.5799086757990868,0.3059360730593607,-0.5205479452054794,0.2831050228310502,-0.4520547945205479,0.0410958904109589,-0.4931506849315068,0.1095890410958904,-0.7442922374429224,0.1598173515981735,-0.8904109589041096,0.182648401826484,-0.9908675799086758,-0.0867579908675799,-0.4840182648401826,-0.0821917808219178,-0.730593607305936,-0.0730593607305936,-0.8858447488584474,-0.0639269406392694,-1.0,-0.1780821917808219,-0.4246575342465753,-0.2146118721461187,-0.6073059360730594,-0.228310502283105,-0.7168949771689498,-0.2374429223744292,-0.8082191780821918
6,0.0,0.0,0.23394495412844038,-0.0963302752293578,0.37155963302752293,-0.23394495412844038,0.3944954128440367,-0.39908256880733944,0.3440366972477064,-0.5045871559633027,0.1926605504587156,-0.44495412844036697,0.29357798165137616,-0.5825688073394495,0.3119266055045872,-0.5229357798165137,0.2889908256880734,-0.4541284403669725,0.045871559633027525,-0.4954128440366973,0.11467889908256881,-0.7522935779816514,0.16055045871559634,-0.8944954128440367,0.1834862385321101,-0.9954128440366973,-0.08256880733944955,-0.48623853211009177,-0.08256880733944955,-0.7385321100917431,-0.07339449541284404,-0.8853211009174312,-0.06422018348623854,-1.0,-0.1743119266055046,-0.42660550458715596,-0.21559633027522937,-0.6100917431192661,-0.22477064220183487,-0.7201834862385321,-0.22935779816513763,-0.8073394495412844
6,0.0,0.0,0.22272727272727272,-0.1,0.35454545454545455,-0.23636363636363636,0.38636363636363635,-0.38181818181818183,0.32727272727272727,-0.4636363636363636,0.17272727272727273,-0.4409090909090909,0.2636363636363636,-0.5818181818181818,0.2818181818181818,-0.5227272727272727,0.2590909090909091,-0.44545454545454544,0.022727272727272728,-0.4772727272727273,0.08181818181818182,-0.740909090909091,0.11818181818181818,-0.8863636363636364,0.13636363636363635,-1.0,-0.10909090909090909,-0.4681818181818182,-0.10454545454545454,-0.7181818181818181,-0.1,-0.8727272727272727,-0.09545454545454546,-0.9863636363636363,-0.20454545454545456,-0.4090909090909091,-0.2409090909090909,-0.5954545454545455,-0.2590909090909091,-0.7045454545454546,-0.2681818181818182,-0.7909090909090909
6,0.0,0.0,0.22171945701357465,-0.13122171945701358,0.3212669683257919,-0.28054298642533937,0.3076923076923077,-0.4253393665158371,0.2579185520361991,-0.5113122171945701,0.18099547511312217,-0.4434389140271493,0.2171945701357466,-0.5972850678733032,0.22171945701357465,-0.5656108597285068,0.21266968325791855,-0.502262443438914,0.027149321266968326,-0.4796380090497738,0.049773755656108594,-0.7420814479638009,0.06787330316742081,-0.8959276018099548,0.07692307692307693,-1.0,-0.11312217194570136,-0.4660633484162896,-0.13574660633484162,-0.7194570135746606,-0.14479638009049775,-0.8733031674208145,-0.14479638009049775,-0.9864253393665159,-0.22171945701357465,-0.39819004524886875,-0.27149321266968324,-0.5927601809954751,-0.2986425339366516,-0.7013574660633484,-0.31221719457013575,-0.7873303167420814
